59909.932118	2216497981.900	  10.900	8049
59909.932240	2216497980.500	  13.697	8049
59909.932362	2216497979.600	   9.807	8049
59909.932484	2216497978.100	   9.340	8049
59909.932727	2216497975.600	  15.681	8049
59909.932850	2216497974.300	   6.628	8049
59909.932972	2216497972.700	   6.448	8049
59909.933094	2216497971.500	  15.378	8049
59909.933216	2216497970.300	   8.576	8049
59909.933338	2216497969.000	   6.558	8049
59909.933951	2216497962.500	   5.513	8049
59909.934439	2216497956.500	   7.827	8049
59909.934805	2216497953.300	   6.790	8049
59909.935049	2216497950.800	   9.029	8049
59909.935171	2216497949.400	   5.829	8049
59909.935294	2216497948.000	   7.201	8049
59909.935416	2216497947.100	   7.811	8049
59909.935538	2216497945.500	  13.443	8049
59909.935905	2216497941.800	   8.736	8049
59909.936027	2216497940.200	  12.747	8049
59909.936149	2216497939.000	  13.426	8049
59909.936271	2216497937.900	  11.207	8049
59909.936393	2216497935.800	  10.089	8049
59909.936516	2216497934.800	   9.655	8049
59909.936638	2216497933.600	   8.654	8049
59909.936760	2216497932.300	  12.808	8049
59909.936882	2216497931.200	  11.711	8049
59909.937004	2216497929.800	  15.121	8049
59909.937125	2216497928.500	  10.020	8049
59909.937247	2216497927.000	   9.938	8049
59909.937369	2216497925.800	  18.753	8049
59909.937490	2216497924.600	  10.328	8049
59909.937612	2216497923.500	  11.708	8049
59909.937735	2216497921.500	   9.259	8049
59909.937857	2216497920.800	   8.506	8049
59909.937979	2216497919.000	  10.672	8049
59909.938101	2216497918.000	  12.900	8049
59909.938223	2216497916.400	   9.835	8049
59909.938345	2216497915.300	  10.560	8049
59909.938468	2216497913.900	  11.974	8049
59909.938590	2216497912.300	  10.961	8049
59909.938712	2216497910.800	   7.320	8049
59909.938835	2216497909.700	   8.901	8049
59909.938957	2216497908.500	  10.385	8049
59909.939078	2216497907.100	  10.015	8049
59909.939200	2216497905.600	   8.504	8049
59909.939322	2216497904.400	  13.109	8049
59909.939444	2216497903.200	  11.055	8049
59909.939566	2216497902.000	   9.010	8049
59909.939688	2216497900.500	  15.420	8049
59909.939810	2216497899.300	  10.707	8049
59909.939931	2216497897.600	   8.564	8049
59909.940053	2216497896.400	   6.292	8049
59909.940175	2216497895.300	   8.714	8049
59909.940297	2216497894.100	   9.407	8049
59909.940419	2216497892.700	  13.792	8049
59909.940541	2216497891.300	  10.778	8049
59909.940663	2216497889.800	   8.497	8049
59909.940785	2216497888.400	  10.365	8049
59909.940907	2216497887.000	  11.598	8049
59909.941029	2216497886.000	  21.238	8049
59909.941151	2216497884.600	  15.038	8049
59909.941273	2216497883.500	   8.868	8049
59909.941394	2216497882.000	  18.589	8049
59909.941516	2216497880.900	   9.032	8049
59909.941638	2216497879.600	  15.984	8049
59909.941760	2216497878.500	   9.821	8049
59909.941882	2216497876.900	   8.495	8049
59909.942004	2216497875.400	   9.759	8049
59909.942126	2216497874.200	  10.844	8049
59909.942249	2216497873.000	   8.675	8049
59909.942370	2216497871.900	  11.915	8049
59909.942492	2216497870.600	  16.769	8049
59909.942614	2216497869.400	  13.932	8049
59909.942736	2216497867.900	  14.654	8049
59909.942857	2216497866.900	   6.170	8049
59909.942979	2216497865.500	  12.473	8049
59909.943100	2216497864.300	   9.531	8049
59909.943222	2216497862.800	  10.941	8049
59909.943344	2216497861.400	   9.580	8049
59909.943466	2216497860.400	  16.766	8049
59909.943587	2216497858.800	  11.575	8049
59909.943710	2216497857.500	   8.583	8049
59909.943832	2216497856.400	  13.854	8049
59909.943953	2216497855.100	   8.671	8049
59909.944075	2216497853.600	   8.526	8049
59909.944197	2216497852.700	  10.879	8049
59909.944319	2216497851.300	   7.694	8049
59909.944441	2216497849.900	  14.425	8049
59909.944563	2216497848.900	   8.018	8049
59909.944687	2216497847.400	  15.558	8049
59909.944810	2216497846.000	  20.187	8049
59909.944931	2216497844.700	   8.928	8049
59909.945053	2216497843.300	  12.403	8049
59909.945176	2216497842.100	  13.449	8049
59909.945298	2216497840.600	   8.162	8049
59909.945420	2216497839.700	  10.844	8049
59909.945543	2216497838.100	  13.603	8049
59909.945665	2216497837.100	   8.733	8049
59909.945787	2216497835.800	   9.705	8049
59909.945909	2216497834.100	   8.448	8049
59909.946030	2216497832.800	   9.736	8049
59909.946152	2216497831.900	   5.891	8049
59909.946274	2216497830.300	  17.713	8049
59909.946397	2216497829.200	  16.666	8049
59909.946520	2216497827.700	  11.236	8049
59909.946642	2216497826.300	   9.711	8049
59909.946764	2216497825.300	  12.380	8049
59909.946887	2216497823.800	  18.037	8049
59909.947010	2216497822.400	  10.130	8049
59909.947132	2216497821.500	   9.165	8049
59909.947254	2216497820.000	  11.018	8049
59909.947376	2216497818.600	  14.214	8049
59909.947498	2216497817.300	  11.816	8049
59909.947620	2216497816.100	   8.973	8049
59909.947742	2216497814.800	  15.095	8049
59909.947864	2216497813.300	  10.508	8049
59909.947988	2216497811.800	  13.867	8049
59909.948111	2216497810.800	  14.647	8049
59909.948234	2216497809.500	  10.044	8049
59909.948357	2216497808.200	  16.487	8049
59909.948479	2216497806.800	   8.358	8049
59909.948601	2216497805.300	  16.004	8049
59909.948724	2216497804.400	   7.031	8049
59909.948847	2216497803.000	  15.815	8049
59909.948969	2216497801.500	   8.177	8049
59909.949091	2216497800.500	  16.921	8049
59909.949214	2216497798.800	  14.010	8049
59909.949336	2216497797.600	  12.083	8049
59909.949458	2216497796.400	  13.196	8049
59909.949581	2216497795.100	  12.126	8049
59909.949704	2216497793.700	   7.443	8049
59909.949827	2216497792.300	   9.528	8049
59909.949949	2216497791.000	  17.189	8049
59909.950072	2216497789.800	   8.473	8049
59909.950194	2216497788.100	   9.969	8049
59909.950317	2216497786.700	   7.755	8049
59909.950440	2216497785.600	   8.106	8049
59909.950562	2216497784.200	  12.192	8049
59909.950685	2216497782.900	  10.662	8049
59909.950808	2216497781.700	  11.682	8049
59909.950930	2216497780.100	   9.287	8049
59909.951053	2216497779.100	  12.503	8049
59909.951175	2216497778.000	   9.436	8049
59909.951297	2216497776.400	  15.058	8049
59909.951419	2216497775.000	  12.043	8049
59909.951542	2216497773.900	   9.655	8049
59909.951664	2216497772.400	   9.157	8049
59909.951786	2216497771.000	  13.995	8049
59909.951908	2216497770.000	   9.748	8049
59909.952031	2216497768.200	  16.279	8049
59909.952153	2216497767.200	   8.259	8049
59909.952275	2216497765.900	   8.681	8049
59909.952397	2216497764.600	  11.620	8049
59909.952519	2216497762.900	   9.025	8049
59909.952641	2216497761.700	  11.636	8049
59909.952764	2216497760.200	   6.680	8049
59909.952886	2216497759.300	  10.862	8049
59909.953008	2216497757.700	  12.415	8049
59909.953131	2216497756.600	   9.290	8049
59909.953255	2216497755.100	  16.149	8049
59909.953379	2216497753.700	  11.404	8049
59909.953502	2216497752.500	  13.807	8049
59909.953624	2216497751.100	   6.802	8049
59909.953747	2216497749.500	  19.601	8049
59909.953869	2216497748.200	   9.734	8049
59909.953992	2216497747.000	  19.857	8049
59909.954114	2216497745.900	   5.953	8049
59909.954236	2216497744.500	   7.606	8049
59909.954358	2216497742.800	  10.289	8049
59909.954481	2216497741.800	  12.910	8049
59909.954603	2216497740.500	  18.386	8049
59909.954726	2216497739.100	  16.442	8049
59909.954848	2216497737.700	   8.258	8049
59909.954970	2216497736.400	  15.110	8049
59909.955092	2216497734.600	   7.244	8049
59909.955214	2216497733.700	  12.930	8049
59909.955336	2216497732.500	  11.432	8049
59909.955459	2216497730.800	  13.255	8049
59909.955581	2216497729.600	   8.983	8049
59909.955704	2216497728.300	  14.198	8049
59909.955826	2216497726.900	  13.263	8049
59909.955949	2216497725.700	  20.929	8049
59909.956071	2216497724.400	  15.177	8049
59909.956193	2216497722.800	  10.285	8049
59909.956315	2216497721.600	  16.382	8049
59909.956437	2216497720.600	  11.281	8049
59909.956559	2216497718.800	  14.440	8049
59909.956681	2216497717.600	  10.200	8049
59909.956803	2216497716.200	  11.644	8049
59909.956926	2216497714.900	  11.957	8049
59909.957049	2216497713.500	  13.634	8049
59909.957173	2216497712.200	  13.798	8049
59909.957298	2216497710.700	  15.146	8049
59909.957422	2216497709.600	   9.032	8049
59909.957545	2216497708.100	   8.255	8049
59909.957668	2216497706.900	   8.588	8049
59909.957790	2216497705.300	   9.308	8049
59909.957912	2216497703.900	  15.951	8049
59909.958036	2216497702.600	  17.128	8049
59909.958160	2216497701.200	  14.038	8049
59909.958282	2216497700.300	   9.088	8049
59909.958405	2216497698.600	  12.776	8049
59909.958527	2216497697.400	  21.675	8049
59909.958649	2216497695.900	  10.343	8049
59909.958771	2216497694.500	   9.818	8049
59909.958893	2216497692.900	   8.230	8049
59909.959016	2216497691.900	  11.822	8049
59909.959139	2216497690.300	   8.401	8049
59909.959262	2216497689.200	  13.261	8049
59909.959386	2216497687.500	   7.446	8049
59909.959509	2216497686.400	  13.560	8049
59909.959631	2216497685.100	  11.094	8049
59909.959753	2216497683.700	  11.777	8049
59909.959875	2216497682.100	  11.598	8049
59909.959998	2216497680.800	  17.067	8049
59909.960120	2216497679.500	   9.675	8049
59909.960242	2216497678.300	  15.104	8049
59909.960364	2216497676.900	   7.079	8049
59909.960486	2216497675.800	   6.655	8049
59909.960608	2216497674.300	  13.233	8049
59909.960730	2216497672.700	  14.014	8049
59909.960852	2216497671.600	  10.108	8049
59909.960974	2216497670.300	   8.444	8049
59909.961096	2216497668.500	   6.586	8049
59909.961218	2216497667.500	  14.226	8049
59909.961341	2216497666.100	   7.361	8049
59909.961464	2216497664.700	  14.592	8049
59909.961588	2216497663.300	   8.142	8049
59909.961709	2216497662.000	   8.893	8049
59909.961832	2216497660.700	  10.073	8049
59909.961953	2216497659.200	  11.344	8049
59909.962076	2216497658.100	  11.216	8049
59909.962200	2216497656.400	  14.813	8049
59909.962322	2216497655.200	  10.385	8049
59909.962445	2216497653.700	   8.893	8049
59909.962567	2216497652.400	   9.466	8049
59909.962690	2216497651.000	  12.123	8049
59909.962812	2216497649.800	  17.346	8049
59909.962935	2216497648.100	  13.201	8049
59909.963057	2216497647.200	   6.909	8049
59909.963180	2216497645.500	   7.096	8049
59909.963302	2216497644.200	  10.692	8049
59909.963426	2216497643.100	   6.955	8049
59909.963549	2216497641.700	  11.448	8049
59909.963672	2216497640.000	   7.329	8049
59909.963794	2216497638.700	  14.752	8049
59909.963916	2216497637.600	   9.660	8049
59909.964039	2216497635.800	   8.832	8049
59909.964161	2216497634.800	  19.905	8049
59909.964284	2216497633.200	  10.082	8049
59909.964406	2216497631.900	  11.805	8049
59909.964529	2216497630.800	  12.440	8049
59909.964651	2216497629.300	  10.324	8049
59909.964773	2216497627.900	  16.553	8049
59909.964895	2216497626.300	  18.921	8049
59909.965018	2216497625.300	  10.771	8049
59909.965141	2216497623.900	  12.386	8049
59909.965265	2216497622.200	   8.669	8049
59909.965387	2216497620.800	   9.395	8049
59909.965510	2216497619.500	  14.675	8049
59909.965633	2216497618.400	   8.148	8049
59909.965756	2216497617.000	  15.893	8049
59909.965878	2216497615.200	   8.128	8049
59909.966000	2216497614.000	   7.519	8049
59909.966122	2216497613.100	   7.111	8049
59909.966245	2216497611.100	   9.469	8049
59909.966367	2216497609.800	   9.096	8049
59909.966489	2216497608.300	   7.530	8049
59909.966611	2216497607.200	  18.349	8049
59909.966733	2216497606.100	   7.430	8049
59909.966856	2216497604.700	  10.557	8049
59909.966979	2216497602.800	   7.427	8049
59909.967100	2216497601.900	  14.280	8049
59909.967222	2216497600.400	  16.967	8049
59909.967345	2216497599.200	   8.955	8049
59909.967467	2216497597.500	  13.672	8049
59909.967589	2216497596.200	   7.648	8049
59909.967711	2216497594.900	   8.329	8049
59909.967833	2216497593.600	  10.714	8049
59909.967955	2216497592.700	   7.014	8049
59909.968076	2216497591.000	  11.037	8049
59909.968198	2216497589.700	  10.283	8049
59909.968320	2216497587.800	   8.228	8049
59909.968442	2216497586.900	   8.126	8049
59909.968564	2216497585.200	   8.676	8049
59909.968686	2216497583.700	   7.526	8049
59909.968808	2216497582.600	  14.050	8049
59909.968929	2216497581.400	  12.741	8049
59909.969051	2216497580.000	  17.273	8049
59909.969173	2216497578.700	   7.504	8049
59909.969295	2216497577.000	  17.144	8049
59909.969417	2216497575.800	  11.658	8049
59909.969539	2216497574.300	   9.688	8049
59909.969661	2216497572.700	   8.870	8049
59909.969783	2216497571.900	   7.826	8049
59909.969905	2216497570.400	  13.950	8049
59909.970026	2216497569.300	  11.248	8049
59909.970148	2216497567.700	   9.408	8049
59909.970270	2216497566.200	  12.213	8049
59909.970392	2216497564.600	  11.263	8049
59909.970513	2216497563.200	  11.128	8049
59909.970635	2216497561.800	   7.782	8049
59909.970757	2216497561.000	   9.641	8049
59909.970879	2216497559.200	  14.192	8049
59909.971001	2216497557.800	  10.207	8049
59909.971123	2216497556.800	   8.012	8049
59909.971245	2216497555.000	   8.285	8049
59909.971367	2216497554.100	   7.909	8049
59909.971489	2216497552.100	   6.829	8049
59909.971610	2216497551.000	  14.120	8049
59909.971732	2216497549.600	  13.011	8049
59909.971855	2216497548.700	   7.083	8049
59909.971977	2216497547.300	   8.463	8049
59909.972099	2216497545.700	  13.794	8049
59909.972221	2216497544.300	  14.111	8049
59909.972343	2216497544.100	  17.018	8049
59909.972465	2216497542.900	  17.136	8049
59909.972587	2216497541.600	  18.704	8049
59909.972709	2216497540.000	   9.758	8049
59909.972831	2216497538.700	  12.909	8049
59909.972953	2216497537.200	  21.677	8049
59909.973075	2216497536.300	   6.928	8049
59909.973196	2216497534.800	  11.385	8049
59909.973321	2216497533.800	   8.484	8049
59909.973446	2216497532.400	  11.817	8049
59909.973568	2216497530.800	  11.983	8049
59909.973690	2216497529.600	  10.132	8049
59909.973812	2216497528.300	   7.998	8049
59909.973933	2216497526.500	   8.710	8049
59909.974055	2216497525.400	  16.805	8049
59909.974176	2216497523.400	  17.982	8049
59909.974298	2216497522.300	  11.610	8049
59909.974419	2216497521.200	  17.117	8049
59909.974541	2216497520.000	  10.111	8049
59909.974662	2216497518.400	  12.862	8049
59909.974784	2216497517.200	   9.797	8049
59909.974906	2216497515.500	  14.838	8049
59909.975028	2216497514.100	   8.667	8049
59909.975149	2216497513.000	  11.475	8049
59909.975271	2216497511.700	  13.126	8049
59909.975393	2216497510.500	  14.610	8049
59909.975514	2216497508.500	   8.987	8049
59909.975636	2216497507.400	  13.556	8049
59909.975758	2216497505.700	  15.528	8049
59909.975880	2216497505.100	   8.004	8049
59909.976001	2216497503.400	  20.634	8049
59909.976123	2216497501.700	   9.659	8049
59909.976244	2216497500.700	  10.941	8049
59909.976366	2216497499.400	  12.517	8049
59909.976488	2216497497.500	  24.082	8049
59909.976609	2216497496.400	   6.755	8049
59909.976730	2216497495.100	  10.402	8049
59909.976852	2216497493.600	  16.484	8049
59909.976973	2216497492.200	   8.785	8049
59909.977094	2216497490.800	  16.759	8049
59909.977216	2216497489.200	  12.575	8049
59909.977338	2216497488.000	   6.038	8049
59909.977460	2216497486.600	  14.525	8049
59909.977581	2216497485.000	  11.465	8049
59909.977702	2216497483.800	  13.818	8049
59909.977824	2216497482.400	  17.143	8049
59909.977946	2216497481.200	  14.596	8049
59909.978068	2216497479.400	  11.239	8049
59909.978190	2216497478.000	  11.634	8049
59909.978311	2216497476.600	  11.186	8049
59909.978433	2216497475.300	  11.062	8049
59909.978555	2216497474.000	  11.313	8049
59909.978677	2216497472.700	  15.652	8049
59909.978799	2216497470.900	   8.963	8049
59909.978921	2216497469.600	  10.851	8049
59909.979043	2216497468.500	  14.664	8049
59909.979164	2216497466.800	  12.640	8049
59909.979164	2216497466.800	  12.640	8049
59909.979286	2216497465.500	   9.802	8049
59909.979407	2216497463.600	  10.839	8049
59909.979529	2216497462.500	  10.498	8049
59909.979651	2216497461.200	  12.549	8049
59909.979772	2216497459.900	  10.584	8049
59909.979894	2216497458.200	  10.474	8049
59909.980016	2216497457.000	  13.042	8049
59909.980137	2216497455.400	  11.375	8049
59909.980259	2216497453.800	   8.061	8049
59909.980381	2216497452.300	   6.444	8049
59909.980502	2216497451.000	  15.156	8049
59909.980624	2216497449.800	   7.732	8049
59909.980746	2216497448.300	   8.694	8049
59909.980868	2216497447.200	  12.545	8049
59909.980989	2216497445.600	  13.382	8049
59909.981111	2216497443.900	   9.845	8049
59909.981233	2216497442.300	  12.607	8049
59909.981354	2216497441.300	  19.062	8049
59909.981476	2216497440.100	   8.732	8049
59909.981597	2216497438.300	   8.550	8049
59909.981719	2216497437.200	   7.879	8049
59909.981840	2216497436.000	  12.722	8049
59909.981962	2216497435.000	   8.751	8049
59909.982084	2216497433.500	  12.679	8049
59909.982206	2216497432.200	  11.500	8049
59909.982328	2216497431.000	   8.294	8049
59909.982450	2216497429.300	   5.951	8049
59909.982572	2216497428.400	  12.070	8049
59909.877641	2216498499.927	   5.290	8049
59909.877884	2216498498.727	   6.127	8049
59909.878248	2216498496.527	   5.552	8049
59909.878734	2216498492.527	   9.280	8049
59909.878977	2216498490.027	   6.189	8049
59909.879100	2216498488.927	   7.977	8049
59909.879222	2216498487.927	   8.218	8049
59909.879587	2216498484.527	   5.139	8049
59909.879830	2216498482.327	   8.537	8049
59909.879951	2216498481.627	   7.077	8049
59909.880073	2216498480.527	   6.758	8049
59909.880195	2216498479.427	   6.967	8049
59909.880438	2216498477.227	   5.765	8049
59909.880681	2216498475.027	   6.386	8049
59909.881167	2216498471.027	   6.016	8049
59909.881532	2216498467.427	   8.289	8049
59909.881654	2216498466.027	   5.399	8049
59909.882018	2216498462.727	  10.178	8049
59909.882139	2216498461.727	   8.615	8049
59909.882261	2216498460.627	   7.308	8049
59909.882382	2216498459.627	   5.375	8049
59909.882504	2216498458.427	   7.542	8049
59909.882625	2216498457.227	   8.785	8049
59909.882747	2216498456.127	   6.873	8049
59909.883354	2216498451.027	  13.621	8049
59909.883719	2216498448.027	   6.015	8049
59909.884206	2216498444.327	   9.266	8049
59909.884449	2216498442.127	   6.816	8049
59909.884570	2216498440.927	   5.635	8049
59909.884692	2216498440.027	  12.838	8049
59909.884813	2216498439.227	  16.496	8049
59909.884935	2216498438.227	   8.477	8049
59909.885056	2216498437.027	   8.058	8049
59909.885177	2216498435.827	   9.748	8049
59909.885299	2216498434.827	   5.344	8049
59909.885421	2216498433.927	   6.815	8049
59909.885542	2216498432.927	  11.929	8049
59909.885664	2216498431.527	   6.380	8049
59909.885785	2216498430.927	   5.268	8049
59909.885907	2216498429.827	   5.950	8049
59909.886029	2216498428.427	   7.569	8049
59909.886273	2216498426.427	  12.457	8049
59909.886395	2216498425.627	   6.867	8049
59909.886638	2216498423.427	   8.821	8049
59909.886760	2216498422.427	   5.711	8049
59909.886881	2216498421.527	   9.341	8049
59909.887003	2216498420.327	  19.757	8049
59909.887124	2216498419.427	  11.478	8049
59909.887246	2216498418.427	   5.392	8049
59909.887368	2216498417.327	  11.895	8049
59909.887489	2216498416.227	   5.289	8049
59909.887611	2216498415.227	   8.019	8049
59909.887733	2216498414.027	  17.287	8049
59909.887855	2216498412.927	   7.919	8049
59909.887977	2216498412.027	  10.492	8049
59909.888099	2216498411.027	   8.395	8049
59909.888221	2216498409.927	  10.341	8049
59909.888342	2216498408.727	   6.697	8049
59909.888464	2216498407.627	   7.560	8049
59909.888587	2216498407.027	   9.197	8049
59909.888708	2216498405.827	  12.456	8049
59909.888830	2216498404.327	  10.180	8049
59909.888953	2216498403.527	   6.487	8049
59909.889074	2216498402.327	  11.217	8049
59909.889196	2216498401.527	  17.979	8049
59909.889318	2216498400.127	  11.310	8049
59909.889440	2216498399.127	   6.858	8049
59909.889562	2216498398.127	   9.820	8049
59909.889684	2216498396.727	   9.854	8049
59909.889806	2216498395.927	  15.147	8049
59909.889927	2216498394.827	  23.667	8049
59909.890050	2216498393.927	  11.897	8049
59909.890172	2216498392.827	  14.060	8049
59909.890294	2216498391.627	  13.769	8049
59909.890416	2216498390.527	  15.224	8049
59909.890538	2216498389.427	  13.082	8049
59909.890659	2216498388.427	  11.142	8049
59909.890781	2216498387.327	   8.645	8049
59909.890903	2216498386.227	   8.844	8049
59909.891025	2216498385.327	  15.117	8049
59909.891146	2216498383.927	  15.359	8049
59909.891268	2216498383.227	  10.922	8049
59909.891390	2216498381.927	  11.449	8049
59909.891390	2216498381.927	  11.668	8049
59909.891512	2216498380.927	  16.723	8049
59909.891634	2216498380.027	  15.288	8049
59909.891756	2216498378.727	   6.254	8049
59909.891877	2216498377.527	  15.359	8049
59909.891999	2216498376.627	   8.647	8049
59909.892121	2216498375.427	  19.652	8049
59909.892243	2216498374.227	   8.259	8049
59909.892365	2216498373.327	  10.697	8049
59909.892487	2216498372.027	  10.023	8049
59909.892608	2216498371.127	  12.166	8049
59909.892730	2216498369.827	   9.222	8049
59909.892852	2216498368.827	  14.442	8049
59909.892974	2216498367.427	   5.938	8049
59909.893096	2216498366.227	  10.327	8049
59909.893218	2216498365.227	  11.721	8049
59909.893340	2216498364.127	   6.027	8049
59909.893461	2216498363.327	   5.436	8049
59909.893583	2216498361.627	   5.005	8049
59909.893705	2216498360.827	   9.651	8049
59909.893827	2216498360.027	   5.779	8049
59909.893948	2216498358.627	  10.642	8049
59909.894070	2216498357.427	  10.728	8049
59909.894192	2216498356.627	   9.803	8049
59909.894314	2216498355.327	   5.728	8049
59909.894803	2216498350.827	   5.465	8049
59909.894803	2216498350.827	   5.499	8049
59909.894924	2216498349.627	   6.812	8049
59909.895290	2216498346.127	   9.062	8049
59909.895656	2216498342.627	  12.061	8049
59909.895779	2216498341.627	   7.857	8049
59909.896267	2216498336.727	   8.150	8049
59909.897850	2216498322.127	   6.042	8049
59909.898459	2216498316.127	  11.258	8049
59909.898703	2216498314.027	  12.611	8049
59909.898703	2216498314.027	  12.510	8049
59909.898825	2216498312.427	   8.118	8049
59909.898946	2216498311.427	   6.397	8049
59909.899555	2216498305.927	   7.398	8049
59909.899677	2216498304.427	   7.607	8049
59909.899920	2216498302.227	   6.271	8049
59909.900286	2216498298.827	   8.277	8049
59909.900529	2216498296.927	   6.767	8049
59909.905651	2216498247.327	   6.584	8049
59909.905773	2216498246.027	   6.546	8049
59909.906139	2216498242.827	   9.044	8049
59909.906749	2216498236.627	   6.011	8049
59909.907115	2216498232.927	   5.358	8049
59909.907115	2216498232.927	   5.364	8049
59909.907360	2216498230.627	   5.853	8049
59909.907969	2216498224.827	   6.317	8049
59909.908090	2216498223.227	   7.284	8049
59909.908212	2216498222.027	   7.442	8049
59909.909185	2216498212.527	   5.027	8049
59909.909307	2216498211.427	   6.281	8049
59909.910526	2216498201.227	   5.570	8049
59909.911255	2216498192.927	   6.080	8049
59909.912353	2216498182.727	   5.562	8049
59909.912475	2216498181.427	   7.613	8049
59909.912962	2216498176.527	   5.389	8049
59909.913570	2216498170.427	   5.788	8049
59909.913692	2216498169.027	   9.623	8049
59909.913813	2216498167.927	   8.080	8049
59909.913935	2216498166.627	  12.100	8049
59909.914057	2216498165.327	   7.099	8049
59909.914180	2216498163.827	   7.301	8049
59909.914302	2216498162.327	   5.960	8049
59909.914424	2216498161.227	  10.273	8049
59909.914546	2216498160.327	   5.318	8049
59909.914668	2216498158.627	   8.529	8049
59909.914790	2216498157.527	   5.921	8049
59909.914912	2216498156.227	   6.730	8049
59909.915035	2216498154.927	  11.454	8049
59909.915156	2216498153.727	   8.640	8049
59909.915522	2216498149.627	  11.336	8049
59909.915644	2216498148.527	   5.785	8049
59909.915888	2216498146.527	   7.885	8049
59909.916010	2216498145.227	   6.122	8049
59909.916254	2216498142.927	   5.977	8049
59909.916376	2216498141.027	   6.130	8049
59909.916498	2216498140.327	   7.017	8049
59909.916498	2216498140.327	   7.019	8049
59909.917107	2216498133.927	   5.846	8049
59909.918082	2216498125.127	   6.887	8049
59909.918468	2216498119.227	   5.304	8049
59909.918956	2216498116.427	   5.954	8049
59909.919078	2216498115.327	   6.375	8049
59909.919444	2216498111.527	  10.090	8049
59909.919566	2216498110.427	   6.499	8049
59909.920785	2216498098.027	   7.895	8049
59909.921029	2216498095.627	   5.685	8049
59909.922003	2216498085.827	   5.488	8049
59909.922247	2216498082.627	   5.984	8049
59909.923834	2216498067.727	   5.913	8049
59909.924444	2216498061.527	   9.546	8049
59909.924930	2216498056.627	   6.419	8049
59909.931263	2216497989.027	   6.419	8049
59909.931385	2216497987.927	   5.370	8049
59909.940419	2216497892.627	   6.672	8049
59909.940541	2216497891.227	   7.308	8049
59909.940785	2216497888.227	   7.082	8049
59909.941029	2216497886.027	   5.104	8049
59909.943466	2216497859.827	   5.655	8049
59909.944810	2216497845.927	  12.574	8049
59909.944810	2216497845.927	  12.752	8049
59909.944931	2216497844.627	  10.389	8049
59909.945053	2216497843.327	  12.990	8049
59909.945176	2216497842.027	  13.646	8049
59909.945298	2216497840.727	   6.266	8049
59909.945665	2216497836.927	   5.833	8049
59909.945909	2216497834.027	   7.491	8049
59909.946030	2216497832.727	   9.512	8049
59909.946274	2216497830.327	   7.721	8049
59909.946397	2216497829.227	  11.222	8049
59909.947010	2216497822.927	   7.947	8049
59909.947376	2216497818.527	   5.122	8049
59909.947498	2216497817.327	   6.744	8049
59909.947742	2216497814.727	  10.382	8049
59909.947988	2216497811.627	   8.359	8049
59909.948111	2216497810.727	   9.604	8049
59909.948234	2216497809.527	   7.075	8049
59909.948357	2216497808.227	   6.442	8049
59909.948724	2216497804.327	   7.808	8049
59909.949091	2216497800.427	   6.203	8049
59909.949214	2216497798.727	   8.733	8049
59909.949336	2216497797.727	   5.605	8049
59909.949581	2216497795.127	   6.753	8049
59909.949827	2216497792.027	   6.994	8049
59909.950072	2216497789.327	   6.254	8049
59909.950317	2216497787.927	   5.186	8049
59909.950562	2216497784.227	   6.082	8049
59909.950808	2216497781.627	   9.550	8049
59909.951053	2216497778.927	   5.152	8049
59909.951175	2216497777.927	   9.190	8049
59909.951297	2216497776.427	   8.012	8049
59909.951419	2216497774.927	   5.931	8049
59909.951542	2216497773.927	   6.756	8049
59909.951542	2216497773.927	   6.776	8049
59909.951786	2216497770.827	   5.749	8049
59909.951908	2216497769.927	   5.554	8049
59909.952031	2216497768.127	   5.620	8049
59909.952153	2216497766.627	   6.100	8049
59909.952397	2216497764.527	   5.091	8049
59909.952641	2216497761.527	   9.078	8049
59909.952764	2216497760.127	   6.988	8049
59909.952886	2216497759.227	   6.833	8049
59909.953008	2216497757.527	   9.301	8049
59909.953131	2216497756.127	   7.515	8049
59909.953255	2216497755.127	   8.070	8049
59909.953379	2216497753.727	   8.592	8049
59909.953502	2216497752.427	  11.091	8049
59909.953624	2216497751.127	   5.647	8049
59909.953747	2216497749.427	  10.484	8049
59909.953992	2216497746.927	   6.986	8049
59909.954114	2216497745.827	   7.674	8049
59909.954236	2216497744.527	   5.461	8049
59909.954358	2216497743.227	  10.491	8049
59909.954481	2216497741.627	   8.367	8049
59909.954603	2216497740.427	  10.187	8049
59909.954726	2216497739.027	  14.502	8049
59909.954848	2216497737.727	   9.477	8049
59909.954970	2216497736.327	  10.752	8049
59909.955092	2216497735.127	   5.069	8049
59909.955214	2216497733.627	  10.788	8049
59909.955336	2216497732.527	   8.929	8049
59909.955459	2216497730.827	  13.080	8049
59909.955581	2216497729.627	   6.782	8049
59909.955704	2216497728.227	  10.868	8049
59909.955826	2216497726.927	  10.557	8049
59909.955949	2216497725.627	  11.064	8049
59909.956071	2216497724.327	  13.836	8049
59909.956193	2216497722.727	   8.289	8049
59909.956315	2216497721.527	  10.003	8049
59909.956437	2216497720.127	   7.215	8049
59909.956559	2216497718.727	   7.926	8049
59909.956681	2216497717.627	   8.483	8049
59909.956803	2216497716.127	   6.961	8049
59909.956926	2216497714.927	   8.119	8049
59909.957049	2216497713.427	  12.880	8049
59909.957173	2216497712.127	  11.366	8049
59909.957298	2216497710.727	  20.513	8049
59909.957422	2216497709.527	  11.397	8049
59909.957545	2216497708.027	   6.647	8049
59909.957668	2216497706.227	   6.920	8049
59909.957790	2216497705.627	   5.266	8049
59909.957912	2216497703.927	   9.162	8049
59909.958036	2216497702.627	   7.143	8049
59909.958160	2216497701.227	   7.096	8049
59909.958282	2216497699.727	   6.089	8049
59909.958405	2216497698.527	  10.848	8049
59909.958527	2216497697.327	   9.245	8049
59909.958649	2216497695.927	   7.287	8049
59909.958771	2216497694.627	   7.475	8049
59909.958893	2216497693.227	   7.280	8049
59909.959016	2216497691.927	   6.482	8049
59909.959139	2216497690.427	   5.013	8049
59909.959262	2216497689.127	   8.640	8049
59909.959386	2216497687.527	   9.209	8049
59909.959509	2216497686.427	   6.676	8049
59909.959631	2216497685.127	   6.296	8049
59909.959753	2216497683.727	   7.368	8049
59909.959875	2216497682.127	   8.897	8049
59909.959998	2216497680.727	  13.499	8049
59909.960120	2216497679.727	   6.431	8049
59909.960242	2216497678.327	   9.630	8049
59909.960364	2216497676.927	   7.465	8049
59909.960486	2216497675.627	   5.263	8049
59909.960608	2216497674.127	   7.646	8049
59909.960730	2216497672.627	   8.390	8049
59909.960852	2216497671.327	   5.296	8049
59909.960974	2216497670.427	   6.246	8049
59909.961096	2216497669.127	   7.838	8049
59909.961218	2216497666.927	   8.842	8049
59909.961341	2216497666.027	   7.688	8049
59909.961464	2216497664.727	   6.487	8049
59909.961588	2216497663.227	   6.029	8049
59909.961709	2216497662.127	   6.847	8049
59909.961953	2216497659.327	   6.167	8049
59909.962200	2216497656.327	   9.446	8049
59909.962322	2216497655.127	   8.633	8049
59909.962445	2216497653.627	   7.107	8049
59909.962567	2216497652.327	   9.456	8049
59909.962812	2216497649.727	  10.388	8049
59909.962935	2216497648.127	  11.009	8049
59909.963180	2216497645.327	   6.572	8049
59909.963302	2216497644.227	   5.939	8049
59909.963426	2216497642.927	   8.036	8049
59909.963549	2216497641.227	   8.868	8049
59909.963672	2216497639.927	   9.154	8049
59909.963794	2216497638.727	   9.046	8049
59909.964039	2216497635.727	   9.694	8049
59909.964161	2216497634.727	  11.509	8049
59909.965756	2216497616.927	   6.195	8049
59909.965878	2216497615.127	  10.043	8049
59909.966245	2216497611.227	  10.043	8049
59909.966367	2216497609.527	   8.908	8049
59909.966489	2216497608.427	   7.511	8049
59909.966611	2216497607.227	   5.548	8049
59909.966979	2216497603.127	   6.657	8049
59909.967100	2216497601.327	   6.600	8049
59909.967222	2216497600.327	   6.478	8049
59909.967345	2216497598.927	   6.240	8049
59909.967589	2216497596.327	   5.860	8049
59909.969173	2216497580.727	   5.072	8049
59909.969661	2216497574.427	   6.620	8049
59909.970148	2216497567.527	   5.009	8049
59909.970392	2216497564.627	   5.800	8049
59909.970513	2216497563.227	   9.026	8049
59909.971001	2216497557.727	  11.210	8049
59909.971732	2216497550.927	   5.282	8049
59909.972587	2216497541.527	   7.842	8049
59909.973568	2216497530.727	   7.653	8049
59909.973690	2216497529.327	   5.010	8049
59909.973812	2216497528.127	   9.363	8049
59909.974055	2216497525.427	   6.580	8049
59909.974906	2216497515.527	   7.980	8049
59909.975271	2216497511.627	   9.987	8049
59909.975393	2216497510.527	   8.660	8049
59909.975636	2216497507.327	   7.050	8049
59909.975758	2216497505.727	   6.020	8049
59909.975880	2216497504.227	   5.745	8049
59909.976001	2216497503.327	   9.916	8049
59909.976244	2216497500.627	   7.648	8049
59909.976366	2216497499.427	   9.856	8049
59909.976488	2216497497.427	   9.303	8049
59909.976730	2216497495.027	   7.660	8049
59909.976852	2216497493.527	  13.991	8049
59909.976973	2216497491.727	   6.034	8049
59909.977094	2216497490.727	   6.448	8049
59909.977338	2216497488.027	   8.532	8049
59909.977460	2216497486.527	   7.271	8049
59909.977460	2216497486.527	   7.209	8049
59909.977702	2216497483.727	  13.219	8049
59909.977824	2216497482.427	  11.950	8049
59909.977946	2216497481.227	   7.686	8049
59909.978068	2216497479.327	   8.173	8049
59909.978190	2216497477.927	   6.592	8049
59909.978311	2216497476.527	  11.490	8049
59909.978555	2216497473.927	  12.304	8049
59909.978799	2216497470.827	   8.454	8049
59909.978921	2216497469.827	   6.357	8049
59909.979043	2216497468.427	  12.316	8049
59909.979164	2216497466.727	  11.977	8049
59909.979286	2216497465.627	   8.355	8049
59909.979407	2216497463.627	   8.552	8049
59909.979529	2216497462.427	   6.013	8049
59909.979529	2216497462.427	   5.981	8049
59909.979651	2216497461.027	   7.745	8049
59909.980259	2216497453.827	   5.570	8049
59909.980502	2216497451.027	   8.058	8049
59909.980624	2216497449.927	   5.009	8049
59909.981233	2216497442.727	   6.883	8049
59909.981354	2216497441.227	   7.602	8049
59909.981476	2216497440.027	   5.089	8049
59909.981597	2216497438.627	   5.527	8049
59909.981719	2216497437.627	   8.168	8049
59909.981840	2216497436.027	   7.212	8049
59909.981962	2216497435.027	   5.051	8049
59909.982206	2216497432.027	   7.788	8049
59909.983547	2216497417.727	   6.423	8049
59909.984038	2216497412.427	   8.711	8049
59909.984160	2216497411.027	  10.063	8049
59909.984282	2216497409.727	   6.369	8049
59909.984647	2216497405.427	   8.490	8049
59909.984890	2216497402.827	   9.606	8049
59909.985134	2216497400.627	   7.807	8049
59909.985256	2216497398.827	  11.185	8049
59909.985378	2216497397.627	   9.532	8049
59909.985622	2216497395.027	   8.990	8049
59909.985744	2216497394.327	   6.167	8049
59909.985866	2216497392.027	   5.266	8049
59909.985988	2216497390.827	  10.378	8049
59909.986230	2216497388.227	   9.798	8049
59909.986352	2216497386.827	   5.179	8049
59909.986596	2216497383.927	  16.258	8049
59909.986717	2216497382.627	  10.159	8049
59909.986839	2216497381.527	   6.651	8049
59909.986961	2216497380.127	   7.886	8049
59909.987207	2216497377.127	   5.519	8049
59909.987329	2216497375.727	   8.140	8049
59909.987450	2216497374.427	   9.840	8049
59909.987693	2216497371.727	   9.523	8049
59909.987814	2216497370.427	   9.447	8049
59909.987935	2216497368.927	  11.855	8049
59909.988057	2216497367.227	   7.552	8049
59909.988179	2216497366.627	  11.550	8049
59909.988300	2216497364.827	   9.268	8049
59909.988422	2216497363.727	   8.921	8049
59909.988543	2216497362.027	  11.398	8049
59909.988665	2216497360.927	   9.870	8049
59909.988786	2216497359.227	   6.703	8049
59909.988907	2216497358.127	   8.597	8049
59909.989029	2216497356.827	   6.231	8049
59909.989151	2216497355.127	   8.191	8049
59909.989273	2216497353.927	   9.606	8049
59909.989394	2216497352.727	   8.543	8049
59909.989516	2216497351.127	  11.097	8049
59909.989637	2216497349.827	  13.854	8049
59909.989759	2216497348.627	   8.381	8049
59909.989880	2216497346.927	  12.463	8049
59909.990002	2216497345.727	  13.306	8049
59909.990123	2216497344.327	  10.016	8049
59909.990245	2216497342.527	   9.983	8049
59909.990366	2216497341.527	   9.177	8049
59909.990488	2216497339.827	   9.876	8049
59909.990610	2216497338.427	  12.285	8049
59909.990731	2216497337.227	  11.725	8049
59909.990853	2216497336.127	   6.991	8049
59909.990974	2216497333.927	   9.865	8049
59909.991096	2216497333.227	   5.644	8049
59909.991217	2216497331.427	   7.934	8049
59909.991339	2216497330.227	  11.403	8049
59909.991461	2216497328.827	   9.014	8049
59909.991582	2216497327.127	   9.309	8049
59909.991704	2216497325.527	   5.470	8049
59909.991826	2216497324.627	   7.957	8049
59909.991947	2216497322.827	  11.872	8049
59909.992069	2216497321.527	  10.726	8049
59909.992191	2216497320.427	   6.219	8049
59909.992313	2216497316.527	   5.082	8049
59909.992435	2216497317.427	   7.945	8049
59909.992557	2216497315.727	   8.107	8049
59909.992680	2216497314.827	  12.507	8049
59909.992803	2216497313.327	  10.487	8049
59909.992925	2216497311.327	   7.444	8049
59909.993047	2216497310.527	   5.579	8049
59909.993169	2216497309.227	   8.449	8049
59909.993291	2216497307.227	   7.422	8049
59909.993413	2216497306.027	  18.206	8049
59909.993534	2216497304.627	   8.488	8049
59909.993656	2216497303.427	   5.167	8049
59909.993777	2216497301.727	  10.554	8049
59909.993899	2216497300.027	   6.382	8049
59909.994021	2216497298.827	   8.871	8049
59909.994142	2216497297.227	   9.637	8049
59909.994264	2216497296.027	  11.802	8049
59909.994386	2216497294.227	  10.280	8049
59909.994507	2216497292.827	  13.047	8049
59909.994629	2216497291.427	  13.955	8049
59909.994750	2216497290.327	   6.515	8049
59909.994872	2216497288.727	   9.576	8049
59909.994994	2216497287.327	   8.012	8049
59909.995115	2216497286.527	   5.996	8049
59909.995237	2216497284.927	  14.984	8049
59909.995359	2216497283.227	   9.499	8049
59909.995480	2216497282.427	  10.312	8049
59909.995602	2216497280.927	   9.519	8049
59909.995724	2216497279.627	   8.224	8049
59909.995845	2216497278.127	   5.783	8049
59909.996088	2216497275.727	   9.241	8049
59909.996210	2216497276.227	   6.764	8049
59909.996574	2216497270.327	   8.976	8049
59909.996696	2216497269.227	  10.851	8049
59909.996817	2216497267.527	  10.637	8049
59909.996938	2216497266.727	   5.393	8049
59909.997060	2216497265.427	   6.167	8049
59909.997182	2216497264.027	   9.766	8049
59909.997303	2216497262.427	   7.307	8049
59909.997425	2216497261.527	   8.766	8049
59909.997546	2216497259.927	   7.424	8049
59909.997668	2216497258.527	  10.590	8049
59909.997789	2216497257.427	   8.674	8049
59909.997910	2216497256.227	  11.809	8049
59909.997910	2216497256.227	  11.813	8049
59910.010452	2216497114.427	   9.384	8049
59910.010573	2216497112.927	  12.457	8049
59910.010695	2216497111.727	  13.170	8049
59910.010817	2216497110.327	   9.888	8049
59910.010939	2216497109.327	   8.408	8049
59910.011060	2216497108.027	  17.418	8049
59910.011181	2216497106.627	   9.509	8049
59910.011304	2216497105.127	  11.805	8049
59910.011426	2216497103.627	   8.994	8049
59910.011548	2216497102.627	  12.445	8049
59910.011670	2216497101.427	   9.954	8049
59910.011792	2216497099.827	  14.927	8049
59910.011914	2216497098.627	  11.880	8049
59910.012035	2216497097.327	  12.584	8049
59910.012157	2216497096.027	  11.277	8049
59910.012279	2216497094.727	   9.206	8049
59910.012401	2216497093.227	   8.766	8049
59910.012523	2216497092.327	   6.616	8049
59910.012645	2216497090.727	  16.772	8049
59910.012767	2216497089.127	   6.584	8049
59910.012888	2216497088.027	  13.726	8049
59910.013010	2216497086.527	  10.115	8049
59910.013132	2216497085.427	   7.249	8049
59910.013253	2216497084.127	   9.412	8049
59910.013375	2216497082.627	   5.540	8049
59910.013497	2216497081.427	   7.122	8049
59910.013861	2216497077.227	   7.094	8049
59910.013983	2216497075.727	   6.317	8049
59910.014104	2216497075.027	   6.473	8049
59910.014226	2216497073.427	  11.413	8049
59910.014469	2216497070.427	   6.168	8049
59910.014713	2216497067.627	  10.465	8049
59910.014834	2216497066.527	  10.735	8049
59910.014957	2216497065.127	   6.121	8049
59910.015079	2216497063.527	  10.977	8049
59910.015200	2216497062.627	  12.626	8049
59910.015200	2216497062.627	  12.626	8049
59910.015322	2216497061.027	  11.122	8049
59910.015444	2216497060.127	   5.917	8049
59910.015566	2216497058.227	   9.201	8049
59910.015687	2216497057.227	   7.613	8049
59910.016052	2216497052.627	   8.338	8049
59910.016174	2216497051.427	   5.659	8049
59910.016296	2216497049.827	   5.381	8049
59910.016539	2216497047.427	   9.004	8049
59910.016782	2216497044.927	   7.420	8049
59910.017025	2216497042.327	   7.381	8049
59910.017269	2216497039.127	  11.388	8049
59910.017269	2216497039.127	  11.388	8049
59910.017390	2216497038.127	   6.114	8049
59910.017512	2216497036.527	   5.432	8049
59910.017877	2216497032.427	   5.987	8049
59910.018120	2216497029.327	   7.225	8049
59910.018606	2216497023.827	   7.647	8049
59910.019093	2216497018.627	   6.285	8049
59910.019215	2216497016.827	   5.484	8049
59910.019581	2216497013.027	   6.372	8049
59910.019702	2216497010.827	   5.452	8049
59910.019824	2216497010.027	  10.126	8049
59910.019946	2216497008.727	   5.230	8049
59910.020067	2216497007.327	   5.052	8049
59910.020799	2216496999.027	   6.117	8049
59910.021528	2216496990.127	   5.783	8049
59910.022379	2216496980.527	  11.081	8049
59910.022501	2216496979.227	   6.425	8049
59910.022622	2216496978.027	   5.651	8049
59909.877519	2216498502.655	   6.823	8049
59909.877641	2216498501.955	   5.297	8049
59909.879100	2216498488.955	   7.634	8049
59909.879222	2216498487.755	   7.316	8049
59909.879465	2216498485.755	   5.861	8049
59909.879587	2216498484.355	   5.057	8049
59909.879708	2216498483.555	  13.767	8049
59909.879830	2216498482.255	   9.153	8049
59909.879951	2216498481.455	   5.671	8049
59909.880073	2216498480.555	   5.771	8049
59909.880195	2216498479.555	   9.835	8049
59909.880316	2216498478.155	  11.138	8049
59909.880438	2216498477.255	   8.745	8049
59909.880560	2216498476.155	   7.309	8049
59909.880681	2216498474.955	   8.254	8049
59909.880803	2216498473.655	   5.627	8049
59909.881167	2216498470.955	   5.872	8049
59909.881288	2216498469.555	   5.451	8049
59909.881410	2216498468.355	   6.411	8049
59909.881532	2216498467.355	   9.107	8049
59909.881654	2216498466.155	   9.430	8049
59909.881775	2216498465.255	   8.056	8049
59909.881897	2216498464.155	   7.975	8049
59909.882018	2216498462.755	   7.700	8049
59909.882139	2216498461.755	   7.681	8049
59909.882139	2216498461.755	   7.681	8049
59909.882261	2216498460.655	   7.416	8049
59909.882382	2216498459.655	   6.739	8049
59909.882504	2216498458.755	   7.075	8049
59909.882625	2216498457.255	  11.895	8049
59909.882747	2216498456.355	   9.966	8049
59909.882868	2216498454.955	   7.433	8049
59909.882990	2216498453.655	   8.253	8049
59909.883233	2216498451.955	   6.955	8049
59909.883354	2216498451.055	   5.997	8049
59909.883476	2216498449.855	   5.930	8049
59909.883597	2216498449.055	   5.852	8049
59909.883719	2216498448.055	  11.105	8049
59909.883841	2216498447.155	   9.744	8049
59909.883963	2216498445.955	   5.844	8049
59909.884084	2216498445.155	   8.202	8049
59909.884206	2216498444.255	   7.952	8049
59909.884449	2216498442.055	   8.480	8049
59909.884570	2216498441.355	  12.272	8049
59909.884692	2216498440.055	  17.719	8049
59909.884813	2216498439.155	  10.581	8049
59909.884935	2216498437.555	   5.057	8049
59909.885056	2216498436.955	  14.471	8049
59909.885177	2216498435.955	   8.675	8049
59909.885299	2216498434.955	   5.751	8049
59909.885421	2216498433.855	   9.134	8049
59909.885542	2216498432.855	  10.964	8049
59909.885664	2216498431.555	   6.252	8049
59909.885785	2216498430.855	   5.585	8049
59909.885907	2216498429.855	  12.353	8049
59909.886029	2216498428.955	   6.897	8049
59909.886273	2216498426.355	   7.107	8049
59909.886395	2216498425.655	  11.198	8049
59909.886516	2216498424.455	   8.961	8049
59909.886638	2216498423.555	   6.581	8049
59909.886760	2216498422.555	   5.806	8049
59909.886881	2216498421.455	   9.016	8049
59909.887003	2216498420.255	  17.866	8049
59909.887124	2216498419.355	  10.366	8049
59909.887246	2216498418.155	  11.121	8049
59909.887368	2216498417.355	  13.449	8049
59909.887489	2216498416.155	   7.706	8049
59909.887611	2216498415.355	   7.907	8049
59909.887733	2216498414.055	  13.657	8049
59909.887855	2216498412.955	  12.633	8049
59909.887977	2216498411.955	   8.497	8049
59909.888099	2216498410.955	  10.216	8049
59909.888221	2216498409.855	   7.854	8049
59909.888342	2216498408.755	   8.637	8049
59909.888464	2216498407.855	   8.363	8049
59909.888587	2216498406.955	   8.055	8049
59909.888708	2216498405.855	   8.068	8049
59909.888830	2216498404.355	   9.865	8049
59909.888953	2216498403.555	  10.715	8049
59909.889074	2216498402.355	   9.676	8049
59909.889196	2216498401.455	  14.920	8049
59909.889318	2216498400.055	  10.735	8049
59909.889440	2216498399.155	   9.186	8049
59909.889562	2216498398.155	   9.583	8049
59909.889684	2216498396.755	   7.645	8049
59909.889806	2216498395.955	  10.671	8049
59909.889927	2216498394.755	  14.981	8049
59909.890050	2216498393.955	  10.859	8049
59909.890172	2216498392.755	  11.109	8049
59909.890294	2216498391.555	   8.808	8049
59909.890416	2216498390.555	  17.758	8049
59909.890538	2216498389.355	  13.520	8049
59909.890659	2216498388.455	  14.748	8049
59909.890781	2216498387.555	   8.911	8049
59909.890903	2216498386.155	   9.446	8049
59909.891025	2216498385.255	  16.195	8049
59909.891146	2216498383.855	   7.912	8049
59909.891268	2216498383.155	   9.517	8049
59909.891390	2216498381.855	  13.170	8049
59909.891512	2216498380.855	  14.586	8049
59909.891634	2216498379.955	   9.611	8049
59909.891756	2216498378.555	   9.005	8049
59909.891756	2216498378.555	   8.994	8049
59909.891877	2216498377.555	  15.028	8049
59909.891999	2216498376.555	   8.477	8049
59909.892121	2216498375.355	  17.952	8049
59909.892243	2216498374.055	   7.234	8049
59909.892365	2216498373.255	   9.785	8049
59909.892487	2216498372.055	  10.625	8049
59909.892608	2216498371.055	  10.725	8049
59909.892730	2216498369.755	  11.178	8049
59909.892852	2216498368.855	  15.912	8049
59909.892974	2216498367.555	   6.577	8049
59909.893096	2216498366.255	  13.867	8049
59909.893218	2216498365.255	  14.036	8049
59909.893340	2216498364.255	   7.149	8049
59909.893461	2216498363.355	  14.370	8049
59909.893583	2216498362.255	   8.836	8049
59909.893705	2216498360.955	   8.674	8049
59909.893827	2216498359.855	  15.109	8049
59909.893948	2216498358.655	  11.884	8049
59909.894070	2216498357.555	   6.127	8049
59909.894192	2216498356.655	   6.745	8049
59909.894314	2216498355.255	   5.466	8049
59909.894436	2216498354.155	   6.873	8049
59909.894681	2216498351.755	   6.943	8049
59909.894924	2216498349.655	  10.534	8049
59909.895290	2216498345.955	  10.355	8049
59909.895413	2216498345.255	   6.836	8049
59909.895656	2216498342.655	  12.521	8049
59909.895779	2216498341.755	   5.960	8049
59909.895901	2216498340.255	   6.035	8049
59909.896023	2216498339.255	   8.860	8049
59909.896145	2216498337.955	   6.927	8049
59909.896267	2216498336.855	   5.904	8049
59909.896510	2216498334.755	   5.092	8049
59909.896632	2216498333.655	  12.616	8049
59909.896753	2216498332.755	   5.790	8049
59909.896876	2216498331.155	   6.011	8049
59909.897850	2216498322.155	   6.985	8049
59909.897972	2216498321.155	   9.070	8049
59909.898094	2216498319.655	   5.727	8049
59909.898459	2216498316.155	  11.386	8049
59909.898703	2216498314.055	   7.260	8049
59909.898825	2216498312.755	   7.740	8049
59909.899068	2216498310.555	   5.669	8049
59909.899190	2216498309.255	   9.330	8049
59909.899312	2216498308.155	   8.461	8049
59909.899434	2216498306.655	   6.312	8049
59909.899555	2216498305.855	  10.009	8049
59909.899799	2216498303.355	   5.543	8049
59909.900042	2216498301.155	   5.507	8049
59909.900164	2216498300.055	   7.884	8049
59909.900286	2216498298.555	   5.569	8049
59909.900773	2216498293.955	   5.819	8049
59909.901018	2216498291.755	   8.821	8049
59909.901383	2216498287.955	   9.821	8049
59909.901992	2216498281.655	   6.460	8049
59909.905041	2216498252.955	   7.939	8049
59909.905163	2216498251.855	   6.580	8049
59909.905285	2216498250.655	   5.056	8049
59909.905529	2216498248.155	   5.389	8049
59909.906261	2216498240.955	   5.963	8049
59909.906627	2216498237.555	   8.013	8049
59909.907115	2216498232.755	   8.656	8049
59909.907115	2216498232.755	   8.536	8049
59909.907238	2216498231.955	   7.768	8049
59909.907604	2216498228.355	   6.926	8049
59909.908212	2216498222.455	   8.260	8049
59909.908334	2216498220.955	   7.743	8049
59909.908577	2216498218.655	   5.626	8049
59909.908820	2216498216.455	   6.724	8049
59909.909429	2216498210.555	  11.915	8049
59909.910039	2216498204.255	   5.468	8049
59909.910526	2216498199.855	   6.307	8049
59909.911134	2216498194.055	   6.943	8049
59909.911255	2216498192.655	   7.742	8049
59909.911255	2216498192.655	   7.732	8049
59909.911378	2216498191.755	   8.569	8049
59909.911744	2216498188.855	   6.896	8049
59909.911988	2216498186.355	   7.119	8049
59909.912110	2216498184.855	   6.380	8049
59909.912475	2216498181.355	   5.416	8049
59909.912596	2216498180.155	   6.661	8049
59909.912718	2216498178.955	  10.658	8049
59909.912840	2216498177.555	   6.215	8049
59909.912962	2216498176.555	   5.401	8049
59909.913205	2216498174.455	   7.314	8049
59909.913326	2216498173.355	   6.044	8049
59909.913448	2216498171.655	   9.181	8049
59909.913570	2216498170.355	  10.326	8049
59909.913692	2216498169.455	   6.635	8049
59909.913813	2216498167.855	  11.535	8049
59909.913935	2216498166.455	  11.544	8049
59909.914057	2216498165.455	   6.327	8049
59909.914180	2216498164.055	   8.399	8049
59909.914302	2216498162.855	   8.576	8049
59909.914424	2216498161.055	  11.336	8049
59909.914546	2216498159.955	   7.087	8049
59909.914668	2216498159.155	   6.559	8049
59909.914790	2216498157.255	   8.513	8049
59909.914912	2216498155.755	   9.998	8049
59909.915035	2216498155.055	  10.893	8049
59909.915156	2216498153.355	  13.928	8049
59909.915278	2216498151.955	   9.180	8049
59909.915401	2216498150.755	   6.905	8049
59909.915522	2216498149.655	  10.820	8049
59909.915644	2216498148.855	   9.371	8049
59909.915767	2216498147.355	  10.681	8049
59909.916010	2216498144.955	   8.154	8049
59909.916132	2216498143.955	  10.023	8049
59909.916254	2216498142.855	   5.848	8049
59909.916376	2216498141.655	   9.002	8049
59909.916620	2216498139.055	   9.163	8049
59909.918468	2216498121.155	  10.412	8049
59909.918591	2216498119.955	   5.842	8049
59909.918591	2216498119.955	   5.879	8049
59909.918713	2216498118.455	   5.278	8049
59909.919078	2216498114.755	  11.331	8049
59909.919444	2216498111.555	   9.313	8049
59909.919566	2216498110.355	   7.916	8049
59909.919688	2216498109.955	   5.986	8049
59909.919809	2216498107.955	   5.395	8049
59909.919931	2216498106.755	   6.324	8049
59909.920052	2216498105.555	   5.623	8049
59909.920174	2216498104.455	   5.812	8049
59909.920663	2216498099.655	   5.730	8049
59909.921029	2216498096.055	   6.416	8049
59909.946520	2216497827.655	   5.749	8049
59909.946642	2216497826.155	   7.070	8049
59909.946764	2216497825.355	   6.372	8049
59909.947620	2216497816.155	   5.021	8049
59909.947742	2216497814.655	   9.916	8049
59909.947988	2216497812.055	   5.893	8049
59909.948111	2216497810.755	   9.081	8049
59909.948357	2216497808.055	   6.109	8049
59909.948601	2216497805.255	   9.395	8049
59909.949336	2216497797.755	   5.376	8049
59909.949827	2216497792.055	   5.012	8049
59909.950685	2216497782.755	   6.796	8049
59909.950808	2216497781.655	   9.459	8049
59909.950930	2216497780.355	   7.451	8049
59909.951053	2216497779.055	   8.453	8049
59909.951419	2216497774.555	   7.024	8049
59909.953131	2216497756.555	   5.421	8049
59909.953502	2216497752.355	   9.703	8049
59909.953869	2216497748.055	   6.538	8049
59909.954481	2216497741.555	   5.626	8049
59909.954726	2216497739.055	   5.235	8049
59909.954970	2216497736.355	  11.345	8049
59909.955092	2216497734.955	   5.995	8049
59909.955459	2216497730.755	   6.734	8049
59909.955826	2216497726.955	   6.163	8049
59909.956071	2216497724.355	  10.641	8049
59909.956193	2216497722.655	   5.316	8049
59909.956315	2216497721.655	  11.823	8049
59909.956437	2216497720.555	  10.531	8049
59909.956559	2216497718.755	   8.913	8049
59909.956681	2216497717.255	   6.743	8049
59909.956803	2216497716.155	   8.907	8049
59909.957049	2216497713.755	   5.571	8049
59909.957173	2216497712.155	   6.778	8049
59909.957298	2216497710.655	   8.587	8049
59909.957422	2216497709.355	  10.798	8049
59909.957790	2216497705.355	   9.592	8049
59909.957912	2216497703.855	  12.504	8049
59909.958036	2216497702.555	  11.634	8049
59909.958160	2216497701.355	   6.498	8049
59909.958282	2216497700.155	   7.504	8049
59909.958527	2216497697.355	   9.503	8049
59909.958649	2216497695.555	   6.605	8049
59909.959016	2216497691.755	   8.229	8049
59909.959262	2216497689.155	   7.764	8049
59909.959509	2216497686.355	   7.080	8049
59909.959631	2216497684.755	   5.679	8049
59909.959875	2216497682.155	   7.321	8049
59909.960120	2216497679.455	   7.240	8049
59909.960242	2216497678.255	   5.972	8049
59909.960608	2216497674.155	   9.606	8049
59909.960852	2216497671.455	   5.327	8049
59909.960974	2216497668.955	   5.028	8049
59909.961464	2216497664.555	   5.969	8049
59909.961588	2216497663.055	   6.229	8049
59909.961953	2216497660.055	   6.058	8049
59909.962322	2216497655.155	   5.228	8049
59909.963549	2216497640.955	   6.344	8049
59909.963672	2216497640.055	   6.879	8049
59909.963916	2216497637.555	   6.416	8049
59909.964039	2216497635.555	   5.484	8049
59909.964161	2216497634.755	   5.182	8049
59909.965018	2216497624.355	   6.875	8049
59909.975758	2216497505.655	   8.379	8049
59909.975880	2216497504.355	   7.877	8049
59909.976001	2216497503.355	   6.817	8049
59909.976123	2216497501.655	  10.103	8049
59909.976244	2216497500.655	   6.657	8049
59909.976366	2216497499.355	   8.972	8049
59909.976488	2216497497.455	   9.588	8049
59909.976609	2216497495.855	   6.020	8049
59909.976852	2216497493.555	  10.243	8049
59909.976973	2216497492.655	   6.463	8049
59909.977216	2216497489.155	  10.980	8049
59909.977581	2216497485.755	   5.705	8049
59909.977702	2216497483.755	   7.398	8049
59909.977824	2216497482.355	  10.655	8049
59909.977946	2216497481.155	  10.645	8049
59909.978068	2216497479.455	   6.330	8049
59909.978190	2216497477.955	   6.161	8049
59909.978311	2216497476.855	   5.428	8049
59909.978433	2216497475.155	   7.024	8049
59909.978677	2216497472.555	   6.963	8049
59909.978799	2216497470.955	   5.430	8049
59909.978921	2216497469.455	   5.902	8049
59909.979043	2216497468.455	   6.271	8049
59909.979164	2216497466.755	  10.347	8049
59909.979286	2216497465.355	   6.183	8049
59909.979529	2216497462.455	   7.868	8049
59909.979529	2216497462.455	   7.940	8049
59909.979651	2216497461.155	   7.901	8049
59909.979772	2216497459.855	   7.226	8049
59909.980868	2216497446.955	   5.774	8049
59909.980989	2216497445.355	   5.022	8049
59909.981354	2216497441.255	   7.014	8049
59909.981840	2216497435.955	  10.158	8049
59909.982328	2216497430.755	   6.734	8049
59909.983181	2216497421.355	   6.298	8049
59909.983670	2216497416.555	   5.212	8049
59909.984038	2216497412.455	  12.127	8049
59909.984160	2216497410.855	   7.670	8049
59909.984282	2216497409.755	   8.869	8049
59909.984404	2216497408.255	   6.906	8049
59909.984525	2216497407.155	   8.719	8049
59909.984647	2216497405.355	   7.001	8049
59909.984769	2216497404.455	   9.684	8049
59909.984890	2216497402.955	   8.362	8049
59909.985012	2216497401.755	   6.549	8049
59909.985134	2216497400.455	  10.397	8049
59909.985256	2216497398.855	   9.945	8049
59909.985378	2216497397.655	   6.657	8049
59909.985744	2216497393.155	   8.958	8049
59909.985866	2216497392.155	   5.249	8049
59909.985988	2216497390.755	   9.168	8049
59909.986109	2216497389.455	   7.246	8049
59909.986230	2216497388.255	   8.325	8049
59909.986352	2216497386.955	   6.111	8049
59909.986474	2216497385.355	  10.950	8049
59909.986596	2216497383.955	   8.301	8049
59909.986717	2216497382.555	  12.328	8049
59909.986839	2216497381.155	   7.239	8049
59909.986961	2216497379.855	   7.080	8049
59909.987207	2216497377.155	  10.172	8049
59909.987329	2216497375.655	   5.013	8049
59909.987450	2216497374.355	   9.012	8049
59909.987571	2216497373.255	   9.802	8049
59909.987693	2216497371.755	   9.261	8049
59909.987814	2216497370.255	  11.722	8049
59909.987935	2216497368.855	  10.061	8049
59909.988057	2216497367.255	   6.651	8049
59909.988179	2216497366.655	  10.637	8049
59909.988300	2216497364.755	   9.495	8049
59909.988422	2216497363.455	   7.723	8049
59909.988543	2216497361.955	  14.203	8049
59909.988665	2216497360.955	  13.488	8049
59909.988786	2216497359.755	  12.192	8049
59909.988907	2216497357.655	   9.270	8049
59909.989029	2216497356.655	   6.667	8049
59909.989151	2216497355.155	   7.224	8049
59909.989273	2216497353.855	  15.999	8049
59909.989394	2216497352.455	  10.326	8049
59909.989516	2216497351.155	  14.034	8049
59909.989637	2216497349.755	   7.947	8049
59909.989759	2216497348.655	   8.561	8049
59909.989880	2216497346.755	  10.591	8049
59909.990002	2216497345.555	  11.119	8049
59909.990123	2216497344.355	  10.576	8049
59909.990245	2216497342.555	   9.788	8049
59909.990366	2216497340.955	  10.942	8049
59909.990488	2216497339.755	   8.571	8049
59909.990610	2216497338.355	  12.001	8049
59909.990731	2216497337.155	  16.418	8049
59909.990853	2216497335.955	  14.353	8049
59909.990974	2216497334.455	   9.257	8049
59909.991096	2216497332.855	   7.035	8049
59909.991217	2216497331.755	   6.834	8049
59909.991339	2216497330.155	  13.095	8049
59909.991461	2216497328.355	   8.067	8049
59909.991582	2216497327.355	   8.150	8049
59909.991704	2216497325.455	   6.696	8049
59909.991826	2216497324.655	   8.112	8049
59909.991947	2216497322.755	   8.587	8049
59909.992069	2216497321.555	   8.335	8049
59909.992191	2216497320.155	  10.724	8049
59909.992313	2216497318.555	  10.721	8049
59909.992435	2216497317.755	   8.029	8049
59909.992557	2216497315.855	   6.650	8049
59909.992680	2216497314.755	   7.290	8049
59909.992803	2216497313.355	   5.975	8049
59909.992925	2216497311.255	   8.214	8049
59909.993047	2216497310.055	   8.484	8049
59909.993169	2216497309.055	   7.963	8049
59909.993291	2216497307.155	   9.565	8049
59909.993413	2216497306.055	  15.124	8049
59909.993534	2216497304.455	  10.343	8049
59909.993656	2216497303.355	   9.942	8049
59909.993777	2216497302.055	   6.807	8049
59909.993899	2216497300.455	   7.205	8049
59909.994021	2216497298.855	   6.764	8049
59909.994142	2216497297.255	  13.152	8049
59909.994264	2216497295.955	  11.867	8049
59909.994386	2216497294.355	   7.258	8049
59909.994507	2216497292.855	  11.464	8049
59909.994629	2216497291.255	   8.750	8049
59909.994750	2216497290.355	  10.563	8049
59909.994872	2216497288.655	  12.540	8049
59909.994994	2216497287.255	   9.393	8049
59909.995115	2216497285.855	   9.687	8049
59909.995237	2216497284.955	  14.146	8049
59909.995359	2216497283.255	  16.940	8049
59909.995480	2216497282.355	   6.931	8049
59909.995602	2216497280.855	  10.596	8049
59909.995724	2216497279.655	   8.318	8049
59909.995845	2216497278.355	  12.342	8049
59909.995967	2216497276.755	   6.227	8049
59909.996088	2216497275.655	  12.677	8049
59909.996210	2216497274.155	  12.455	8049
59909.996331	2216497272.755	  12.493	8049
59909.996452	2216497272.155	   5.710	8049
59909.996574	2216497270.255	   7.396	8049
59909.996696	2216497269.155	  17.465	8049
59909.996817	2216497268.055	   9.554	8049
59909.996938	2216497266.555	   8.190	8049
59909.997060	2216497265.455	   9.168	8049
59909.997182	2216497264.055	   8.227	8049
59909.997303	2216497262.455	   8.245	8049
59909.997425	2216497261.255	   5.319	8049
59909.997546	2216497259.955	  12.389	8049
59909.997668	2216497258.555	   9.415	8049
59909.997789	2216497257.055	   9.510	8049
59909.997910	2216497256.155	  13.374	8049
59909.998154	2216497253.355	   8.534	8049
59909.998275	2216497252.055	   5.560	8049
59909.998884	2216497245.655	   5.465	8049
59909.999248	2216497241.055	  10.202	8049
59909.999369	2216497239.855	   9.121	8049
59909.999612	2216497237.255	   5.725	8049
59910.000099	2216497231.755	   8.427	8049
59910.000463	2216497227.855	   5.588	8049
59910.000949	2216497222.455	  13.673	8049
59910.001070	2216497220.355	   5.963	8049
59910.001314	2216497217.555	   5.954	8049
59910.001557	2216497215.055	   5.366	8049
59910.001678	2216497214.155	  11.839	8049
59910.001922	2216497211.055	  10.483	8049
59910.002043	2216497210.255	   6.264	8049
59910.002290	2216497207.055	   5.043	8049
59910.002535	2216497204.455	   5.290	8049
59910.002657	2216497203.055	   7.417	8049
59910.002778	2216497201.755	   8.814	8049
59910.002900	2216497200.255	   8.118	8049
59910.003022	2216497198.755	   7.023	8049
59910.003144	2216497197.455	   7.777	8049
59910.003266	2216497196.155	   8.371	8049
59910.003388	2216497194.755	   5.618	8049
59910.003509	2216497193.055	   8.530	8049
59910.003631	2216497191.855	   8.970	8049
59910.004121	2216497186.155	   7.233	8049
59910.004973	2216497176.355	   7.851	8049
59910.005216	2216497173.955	   5.893	8049
59910.005338	2216497172.255	   9.898	8049
59910.005459	2216497170.955	   7.486	8049
59910.005703	2216497168.255	   7.540	8049
59910.005824	2216497166.455	   9.825	8049
59910.005946	2216497164.855	   6.107	8049
59910.006190	2216497162.255	   8.833	8049
59910.006312	2216497161.055	   6.872	8049
59910.006434	2216497159.655	   8.260	8049
59910.006678	2216497156.755	   7.216	8049
59910.006800	2216497155.255	   7.759	8049
59910.007043	2216497152.255	  11.430	8049
59910.007043	2216497152.255	  11.453	8049
59910.007165	2216497151.155	   6.919	8049
59910.007287	2216497149.455	   7.365	8049
59910.007408	2216497148.255	  15.222	8049
59910.007530	2216497146.555	   9.534	8049
59910.007651	2216497144.955	   6.776	8049
59910.007773	2216497144.055	   6.214	8049
59910.007894	2216497142.355	   7.771	8049
59910.008381	2216497137.055	  10.421	8049
59910.008503	2216497135.355	   8.318	8049
59910.008747	2216497132.655	   8.375	8049
59910.008869	2216497130.955	   7.166	8049
59910.008991	2216497130.255	  10.169	8049
59910.009113	2216497128.855	  11.088	8049
59910.009235	2216497127.655	   6.839	8049
59910.009357	2216497125.955	  13.746	8049
59910.009478	2216497124.455	   7.826	8049
59910.009600	2216497123.455	   8.327	8049
59910.009721	2216497122.155	   7.550	8049
59910.009843	2216497120.855	  15.786	8049
59910.009965	2216497119.555	   7.920	8049
59910.010087	2216497118.255	  19.562	8049
59910.010208	2216497117.255	   7.551	8049
59910.010330	2216497115.555	   8.372	8049
59910.010452	2216497114.355	   9.037	8049
59910.010573	2216497112.855	  13.099	8049
59910.010695	2216497111.755	  15.571	8049
59910.010817	2216497110.255	  11.764	8049
59910.010939	2216497108.855	   6.943	8049
59910.011060	2216497107.955	  16.533	8049
59910.011181	2216497106.655	   7.669	8049
59910.011304	2216497105.055	  12.741	8049
59910.011426	2216497103.555	   8.224	8049
59910.011548	2216497102.655	  13.310	8049
59910.011670	2216497101.355	  12.964	8049
59910.011792	2216497099.855	  12.195	8049
59910.011914	2216497098.555	  15.493	8049
59910.012035	2216497097.255	  14.431	8049
59910.012157	2216497095.955	  13.575	8049
59910.012279	2216497094.655	   8.587	8049
59910.012401	2216497093.255	   9.048	8049
59910.012523	2216497092.055	   6.901	8049
59910.012645	2216497090.655	  14.529	8049
59910.012767	2216497089.055	   7.690	8049
59910.012888	2216497087.955	  13.914	8049
59910.013010	2216497086.455	   8.567	8049
59910.013132	2216497085.355	   8.222	8049
59910.013253	2216497084.055	   8.684	8049
59910.013375	2216497082.755	   6.994	8049
59910.013497	2216497081.355	  10.189	8049
59910.013618	2216497079.955	   9.798	8049
59910.013740	2216497078.655	   7.278	8049
59910.013861	2216497077.255	  13.460	8049
59910.013983	2216497075.955	   7.920	8049
59910.014104	2216497074.455	   8.796	8049
59910.014226	2216497073.355	  11.976	8049
59910.014348	2216497072.055	   6.243	8049
59910.014469	2216497070.455	  10.362	8049
59910.014591	2216497069.255	   9.970	8049
59910.014713	2216497067.555	   5.389	8049
59910.014834	2216497066.555	  10.856	8049
59910.014957	2216497065.155	   8.881	8049
59910.015079	2216497063.555	  14.516	8049
59910.015200	2216497062.655	  13.424	8049
59910.015322	2216497061.055	  10.180	8049
59910.015444	2216497060.155	   5.160	8049
59910.015566	2216497058.255	  13.444	8049
59910.015687	2216497057.055	  12.088	8049
59910.015809	2216497055.655	   6.451	8049
59910.015931	2216497054.155	   8.046	8049
59910.016052	2216497052.755	   8.203	8049
59910.016174	2216497051.555	  10.216	8049
59910.016296	2216497050.355	  10.779	8049
59910.016417	2216497048.755	  10.808	8049
59910.016539	2216497047.255	   8.326	8049
59910.016661	2216497046.255	  13.326	8049
59910.016782	2216497044.455	   8.387	8049
59910.016904	2216497043.255	   9.607	8049
59910.017025	2216497042.155	   7.569	8049
59910.017147	2216497040.555	  10.346	8049
59910.017269	2216497039.055	   9.718	8049
59910.017390	2216497038.155	   6.595	8049
59910.017512	2216497036.555	   7.188	8049
59910.017633	2216497035.155	  11.878	8049
59910.017755	2216497033.955	   7.293	8049
59910.017877	2216497032.055	   9.569	8049
59910.017998	2216497031.055	   6.292	8049
59910.018120	2216497029.255	   6.084	8049
59910.018241	2216497028.155	   9.989	8049
59910.018485	2216497025.755	   9.069	8049
59910.018606	2216497023.755	  12.343	8049
59910.018728	2216497022.255	   5.110	8049
59910.018972	2216497019.755	  10.651	8049
59910.019093	2216497018.755	   8.452	8049
59910.019215	2216497016.855	  12.541	8049
59910.019337	2216497015.755	   9.334	8049
59910.019459	2216497014.355	   5.665	8049
59910.019581	2216497012.955	  11.948	8049
59910.019824	2216497010.055	  11.871	8049
59910.019946	2216497008.955	   7.986	8049
59910.020067	2216497007.255	   9.448	8049
59910.020189	2216497005.855	   8.070	8049
59910.020311	2216497004.355	  14.309	8049
59910.020432	2216497002.955	   5.209	8049
59910.020555	2216497001.255	   8.913	8049
59910.020920	2216496997.555	   8.071	8049
59910.021285	2216496993.255	   7.305	8049
59910.021406	2216496992.055	   6.050	8049
59910.021528	2216496990.055	   6.037	8049
59910.021893	2216496985.855	   7.737	8049
59910.022014	2216496984.655	   9.477	8049
59910.022136	2216496983.555	   5.124	8049
59910.022257	2216496981.955	   9.466	8049
59910.022501	2216496979.355	   6.794	8049
59910.022622	2216496978.055	   7.960	8049
59910.022866	2216496975.955	   9.700	8049
59910.022987	2216496974.155	   6.720	8049
59910.023109	2216496972.855	   5.905	8049
59910.023352	2216496970.455	   7.341	8049
59910.023474	2216496968.955	   5.781	8049
59910.023717	2216496966.655	   9.187	8049
59910.023960	2216496963.955	   9.002	8049
59910.024082	2216496962.455	   9.974	8049
59910.024692	2216496956.155	   7.324	8049
59910.025057	2216496951.955	   5.758	8049
59910.025543	2216496947.055	   6.310	8049
