59902.606603	2216497878.100	   9.610	8049
59902.606719	2216497877.100	  11.170	8049
59902.606835	2216497876.000	   8.097	8049
59902.606950	2216497875.200	   7.971	8049
59902.607182	2216497873.800	  10.495	8049
59902.607413	2216497872.100	   9.129	8049
59902.607529	2216497871.000	   9.355	8049
59902.607645	2216497870.500	  11.730	8049
59902.607761	2216497869.600	   6.274	8049
59902.607876	2216497868.500	   6.438	8049
59902.607992	2216497867.900	  11.083	8049
59902.608108	2216497867.100	  11.661	8049
59902.608223	2216497866.300	   9.444	8049
59902.608339	2216497865.600	   5.242	8049
59902.608455	2216497864.800	  15.645	8049
59902.608571	2216497864.000	  10.667	8049
59902.608686	2216497863.000	  21.811	8049
59902.608802	2216497861.900	   9.540	8049
59902.608918	2216497861.200	  21.187	8049
59902.609034	2216497860.400	   7.068	8049
59902.609149	2216497859.600	  16.020	8049
59902.609265	2216497858.700	  13.321	8049
59902.609381	2216497857.600	   9.023	8049
59902.609497	2216497857.300	  11.374	8049
59902.609612	2216497856.300	  14.223	8049
59902.609728	2216497855.300	  15.130	8049
59902.609844	2216497854.300	   9.503	8049
59902.609960	2216497853.400	  23.257	8049
59902.610075	2216497852.600	   9.832	8049
59902.610191	2216497851.700	  11.077	8049
59902.610307	2216497850.900	   9.872	8049
59902.610423	2216497850.000	   9.354	8049
59902.610538	2216497849.000	   7.124	8049
59902.610654	2216497848.200	   7.045	8049
59902.610770	2216497847.300	  11.074	8049
59902.610886	2216497846.600	   9.527	8049
59902.611001	2216497845.700	  22.345	8049
59902.611117	2216497844.800	  10.075	8049
59902.611233	2216497843.800	  12.236	8049
59902.611349	2216497843.100	  11.488	8049
59902.611464	2216497842.200	  10.833	8049
59902.611580	2216497841.600	  16.892	8049
59902.611696	2216497840.500	   9.183	8049
59902.611811	2216497839.900	   9.576	8049
59902.611927	2216497839.500	   7.878	8049
59902.612043	2216497838.500	  17.576	8049
59902.612159	2216497837.900	   8.700	8049
59902.612274	2216497836.800	   9.583	8049
59902.612390	2216497836.100	   9.403	8049
59902.612506	2216497835.300	  11.954	8049
59902.612622	2216497834.500	   7.664	8049
59902.612737	2216497833.800	  10.352	8049
59902.612853	2216497833.000	   5.933	8049
59902.612969	2216497832.600	   8.952	8049
59902.613085	2216497831.400	  13.899	8049
59902.613200	2216497830.700	  13.545	8049
59902.613316	2216497829.700	  12.329	8049
59902.613432	2216497828.800	  14.003	8049
59902.613548	2216497828.300	  22.405	8049
59902.613663	2216497827.700	  13.182	8049
59902.613779	2216497826.600	  13.013	8049
59902.613895	2216497825.800	  11.197	8049
59902.614011	2216497825.200	   7.966	8049
59902.614126	2216497824.300	  11.944	8049
59902.614242	2216497823.200	  12.555	8049
59902.614358	2216497822.500	   9.135	8049
59902.614474	2216497821.800	  10.548	8049
59902.614589	2216497820.900	  15.362	8049
59902.614705	2216497820.100	  10.619	8049
59902.614821	2216497819.500	  11.020	8049
59902.614936	2216497818.400	   8.068	8049
59902.615052	2216497817.700	  12.150	8049
59902.615168	2216497817.100	  19.109	8049
59902.615284	2216497816.100	  11.287	8049
59902.615399	2216497815.400	  15.725	8049
59902.615515	2216497814.400	  10.261	8049
59902.615631	2216497814.000	  12.267	8049
59902.615747	2216497812.900	   6.245	8049
59902.615862	2216497811.700	   8.277	8049
59902.615978	2216497811.400	  12.983	8049
59902.616094	2216497810.200	   8.986	8049
59902.616210	2216497809.600	  13.176	8049
59902.616210	2216497809.600	  13.184	8049
59902.616325	2216497808.700	  21.868	8049
59902.616441	2216497807.800	  12.196	8049
59902.616557	2216497807.200	  13.055	8049
59902.616673	2216497806.300	  22.794	8049
59902.616788	2216497805.500	  16.635	8049
59902.616904	2216497804.400	  14.083	8049
59902.617020	2216497803.600	  13.335	8049
59902.617136	2216497802.800	  12.641	8049
59902.617251	2216497801.800	  12.647	8049
59902.617367	2216497801.100	  17.234	8049
59902.617483	2216497800.500	  10.383	8049
59902.617599	2216497799.500	  14.677	8049
59902.617714	2216497798.600	  12.593	8049
59902.617830	2216497797.700	  10.167	8049
59902.618062	2216497795.800	   9.091	8049
59902.618177	2216497795.100	  10.624	8049
59902.618293	2216497794.300	  15.828	8049
59902.618409	2216497793.400	  14.264	8049
59902.618640	2216497791.200	   5.099	8049
59902.618872	2216497789.900	  13.028	8049
59902.618987	2216497788.900	  14.022	8049
59902.619103	2216497788.400	  11.184	8049
59902.619219	2216497787.300	  17.529	8049
59902.619335	2216497786.400	  13.976	8049
59902.619450	2216497785.600	   9.045	8049
59902.619566	2216497784.200	  12.158	8049
59902.619682	2216497783.800	  16.721	8049
59902.619798	2216497782.800	  19.019	8049
59902.619913	2216497781.700	  17.417	8049
59902.620029	2216497781.100	   7.236	8049
59902.620145	2216497780.000	  16.512	8049
59902.620261	2216497779.100	   7.982	8049
59902.620376	2216497778.300	  11.293	8049
59902.620492	2216497777.300	  13.092	8049
59902.620608	2216497776.700	   9.459	8049
59902.620724	2216497775.700	  11.437	8049
59902.620839	2216497774.500	  10.824	8049
59902.620955	2216497773.800	  13.661	8049
59902.621071	2216497772.900	  10.052	8049
59902.621187	2216497771.800	   8.816	8049
59902.621302	2216497771.100	  10.452	8049
59902.621418	2216497770.100	  10.891	8049
59902.621534	2216497769.000	  19.579	8049
59902.621649	2216497768.100	   7.990	8049
59902.621765	2216497767.500	  16.097	8049
59902.621881	2216497766.600	   7.713	8049
59902.621997	2216497765.600	   9.172	8049
59902.622112	2216497764.700	   6.824	8049
59902.622228	2216497763.500	  11.872	8049
59902.622344	2216497762.900	   9.607	8049
59902.622460	2216497761.900	   8.811	8049
59902.622575	2216497760.900	   6.357	8049
59902.622691	2216497760.100	  12.611	8049
59902.622807	2216497758.600	   8.288	8049
59902.622923	2216497757.900	  12.829	8049
59902.623038	2216497756.900	  11.248	8049
59902.623154	2216497756.000	  15.877	8049
59902.623270	2216497755.100	   9.805	8049
59902.623386	2216497754.100	  16.755	8049
59902.623501	2216497753.200	  14.141	8049
59902.623617	2216497752.300	   7.888	8049
59902.623733	2216497751.400	  12.785	8049
59902.623848	2216497750.200	  15.168	8049
59902.623964	2216497749.700	   9.865	8049
59902.624080	2216497748.600	  11.394	8049
59902.624196	2216497747.800	   8.283	8049
59902.624312	2216497746.300	   9.997	8049
59902.624427	2216497745.600	  18.612	8049
59902.624543	2216497745.000	   9.594	8049
59902.624659	2216497743.800	   7.392	8049
59902.624774	2216497742.900	   8.381	8049
59902.624890	2216497741.900	   7.080	8049
59902.625006	2216497741.000	   5.702	8049
59902.625122	2216497739.700	   6.715	8049
59902.625237	2216497738.900	  12.004	8049
59902.625353	2216497737.900	  13.832	8049
59902.625469	2216497736.800	  12.548	8049
59902.625585	2216497735.900	   8.061	8049
59902.625700	2216497734.800	  13.240	8049
59902.625816	2216497733.900	  13.019	8049
59902.625932	2216497733.100	   8.862	8049
59902.626048	2216497732.000	  10.602	8049
59902.626163	2216497731.100	  17.928	8049
59902.626279	2216497730.100	  12.382	8049
59902.626395	2216497729.000	  11.026	8049
59902.626511	2216497728.200	   8.252	8049
59902.626626	2216497727.200	  11.504	8049
59902.626742	2216497726.100	  11.695	8049
59902.626858	2216497725.400	   7.003	8049
59902.626974	2216497724.400	  12.643	8049
59902.627089	2216497723.300	  11.928	8049
59902.627205	2216497722.600	  15.787	8049
59902.627321	2216497721.500	  11.662	8049
59902.627437	2216497720.700	   9.688	8049
59902.627552	2216497720.100	  12.846	8049
59902.627668	2216497718.800	   7.054	8049
59902.627784	2216497718.100	  11.503	8049
59902.627900	2216497717.300	  11.071	8049
59902.628015	2216497716.600	   8.464	8049
59902.628131	2216497715.600	   5.213	8049
59902.628247	2216497714.500	  12.965	8049
59902.628362	2216497713.700	   6.103	8049
59902.628478	2216497712.600	   6.492	8049
59902.628594	2216497712.100	   9.202	8049
59902.628710	2216497711.000	   9.644	8049
59902.628825	2216497710.100	  11.497	8049
59902.628941	2216497709.200	  20.507	8049
59902.629057	2216497708.100	  18.337	8049
59902.629173	2216497707.300	   7.801	8049
59902.629288	2216497706.400	  12.618	8049
59902.629404	2216497705.400	   9.696	8049
59902.629520	2216497704.700	  15.450	8049
59902.629636	2216497703.600	  13.373	8049
59902.629751	2216497702.900	  12.409	8049
59902.629867	2216497701.900	  12.186	8049
59902.629983	2216497700.800	  13.990	8049
59902.630099	2216497700.000	   9.799	8049
59902.630214	2216497699.000	   7.234	8049
59902.630330	2216497698.200	  18.354	8049
59902.630446	2216497697.400	   5.254	8049
59902.630561	2216497696.300	  11.607	8049
59902.630677	2216497695.500	   6.877	8049
59902.630793	2216497694.300	   8.163	8049
59902.630909	2216497693.600	   7.039	8049
59902.631024	2216497692.600	   9.742	8049
59902.631140	2216497691.600	   7.647	8049
59902.631256	2216497690.500	  12.584	8049
59902.631372	2216497689.600	   9.944	8049
59902.631488	2216497688.700	  10.615	8049
59902.631719	2216497686.900	  17.377	8049
59902.631835	2216497685.700	  12.243	8049
59902.631950	2216497685.200	   5.871	8049
59902.632066	2216497683.800	  12.853	8049
59902.632182	2216497682.900	  13.033	8049
59902.632298	2216497682.200	   9.407	8049
59902.632413	2216497681.000	  12.783	8049
59902.632529	2216497680.200	  16.743	8049
59902.632645	2216497678.900	   5.319	8049
59902.632761	2216497678.200	   5.099	8049
59902.632876	2216497677.300	  10.665	8049
59902.632992	2216497676.100	   7.996	8049
59902.633108	2216497675.300	   7.037	8049
59902.633224	2216497674.300	   8.392	8049
59902.633339	2216497673.300	  13.280	8049
59902.633455	2216497672.400	  14.352	8049
59902.633571	2216497671.300	  10.988	8049
59902.633687	2216497670.300	   8.198	8049
59902.633802	2216497669.500	   6.184	8049
59902.633918	2216497668.700	  12.704	8049
59902.634150	2216497666.900	   6.144	8049
59902.634265	2216497665.700	   9.996	8049
59902.634381	2216497664.700	   9.265	8049
59902.634497	2216497663.400	   8.248	8049
59902.634612	2216497662.900	   8.683	8049
59902.634728	2216497661.900	  13.541	8049
59902.634844	2216497660.700	  12.257	8049
59902.634960	2216497659.600	  11.027	8049
59902.635075	2216497658.700	   8.676	8049
59902.635191	2216497657.800	   8.129	8049
59902.635307	2216497656.500	  11.461	8049
59902.635423	2216497655.700	  11.385	8049
59902.635538	2216497654.800	   8.972	8049
59902.635654	2216497653.700	   8.866	8049
59902.635770	2216497652.700	  12.038	8049
59902.635886	2216497651.800	   8.886	8049
59902.636001	2216497650.500	   7.816	8049
59902.636117	2216497649.800	  10.723	8049
59902.636233	2216497648.500	  11.270	8049
59902.636348	2216497647.600	   7.574	8049
59902.636464	2216497646.700	   8.880	8049
59902.636580	2216497645.400	   8.638	8049
59902.636580	2216497645.400	   8.978	8049
59902.636696	2216497644.200	   5.735	8049
59902.636811	2216497643.700	  10.378	8049
59902.636927	2216497642.400	   6.632	8049
59902.637043	2216497641.800	  12.654	8049
59902.637159	2216497640.600	   8.134	8049
59902.637274	2216497639.400	  13.364	8049
59902.637390	2216497638.400	  13.969	8049
59902.637506	2216497637.400	  13.143	8049
59902.637622	2216497636.500	  11.379	8049
59902.637737	2216497635.600	   5.730	8049
59902.637853	2216497634.300	   7.663	8049
59902.637969	2216497633.100	  11.305	8049
59902.638085	2216497632.300	  12.527	8049
59902.638201	2216497631.300	   7.127	8049
59902.638316	2216497630.000	  19.502	8049
59902.638432	2216497629.300	   8.810	8049
59902.638548	2216497628.100	  14.058	8049
59902.638663	2216497627.300	  17.620	8049
59902.638779	2216497626.100	   8.907	8049
59902.638895	2216497624.900	  12.295	8049
59902.639011	2216497624.000	   9.314	8049
59902.639126	2216497622.700	  12.234	8049
59902.639242	2216497622.100	   7.161	8049
59902.639358	2216497620.600	  12.401	8049
59902.639474	2216497619.900	   9.693	8049
59902.639589	2216497618.800	  13.617	8049
59902.639705	2216497617.600	  13.663	8049
59902.639821	2216497616.900	   7.442	8049
59902.639936	2216497615.500	  15.175	8049
59902.640052	2216497614.200	  10.834	8049
59902.640168	2216497613.200	  17.252	8049
59902.640284	2216497612.600	   7.159	8049
59902.640399	2216497611.400	   8.634	8049
59902.640515	2216497610.000	  17.826	8049
59902.640631	2216497608.700	   8.045	8049
59902.640747	2216497608.100	   9.977	8049
59902.640862	2216497607.000	   9.856	8049
59902.640978	2216497605.500	   9.531	8049
59902.641094	2216497604.700	  14.440	8049
59902.641210	2216497603.700	   9.125	8049
59902.641325	2216497602.300	   6.851	8049
59902.641441	2216497601.700	   7.630	8049
59902.641673	2216497599.100	   5.742	8049
59902.641788	2216497598.000	  10.113	8049
59902.641904	2216497597.200	   7.421	8049
59902.642020	2216497595.900	  11.159	8049
59902.642136	2216497594.800	  14.214	8049
59902.642251	2216497598.400	   7.747	8049
59902.642367	2216497592.600	  14.713	8049
59902.642483	2216497591.800	   5.027	8049
59902.642598	2216497590.600	  13.149	8049
59902.642714	2216497589.500	   7.586	8049
59902.642830	2216497588.700	   8.440	8049
59902.642946	2216497587.100	  10.219	8049
59902.643061	2216497586.100	  12.979	8049
59902.643177	2216497585.000	   6.682	8049
59902.643293	2216497584.300	  22.881	8049
59902.643409	2216497583.000	   7.953	8049
59902.643524	2216497582.300	   9.722	8049
59902.643640	2216497580.900	   8.199	8049
59902.643756	2216497580.400	  13.181	8049
59902.643872	2216497579.200	  17.796	8049
59902.643987	2216497578.300	  14.846	8049
59902.644103	2216497577.400	  16.480	8049
59902.644219	2216497576.100	  13.511	8049
59902.644335	2216497575.300	  13.884	8049
59902.644450	2216497574.000	   8.952	8049
59902.644566	2216497573.200	  12.029	8049
59902.644682	2216497572.000	   6.683	8049
59902.644798	2216497571.200	   8.905	8049
59902.644913	2216497570.200	   5.830	8049
59902.645029	2216497569.400	   5.819	8049
59902.645145	2216497568.100	  13.208	8049
59902.645261	2216497567.200	  11.159	8049
59902.645376	2216497566.100	  10.921	8049
59902.645492	2216497565.100	  11.158	8049
59902.645608	2216497564.300	   5.849	8049
59902.645724	2216497563.200	  17.151	8049
59902.645839	2216497562.200	  12.358	8049
59902.645955	2216497561.000	   9.582	8049
59902.646071	2216497559.800	  12.154	8049
59902.646186	2216497558.800	   7.423	8049
59902.646302	2216497557.700	   8.142	8049
59902.646418	2216497556.900	  11.648	8049
59902.646534	2216497555.600	  12.649	8049
59902.646649	2216497554.800	  17.906	8049
59902.646765	2216497553.700	   9.902	8049
59902.646881	2216497552.600	   8.426	8049
59902.646997	2216497551.500	  11.329	8049
59902.647112	2216497550.600	  20.285	8049
59902.647228	2216497549.700	  13.329	8049
59902.647344	2216497548.500	  11.896	8049
59902.647460	2216497547.500	  15.474	8049
59902.647575	2216497546.600	  15.550	8049
59902.647691	2216497545.300	  11.652	8049
59902.647807	2216497544.300	   9.902	8049
59902.647923	2216497543.200	   9.119	8049
59902.648038	2216497542.300	  16.533	8049
59902.648154	2216497540.900	  11.615	8049
59902.648270	2216497540.000	  11.852	8049
59902.648386	2216497539.100	  15.826	8049
59902.648501	2216497537.900	  15.991	8049
59902.648617	2216497537.000	  12.544	8049
59902.648617	2216497537.000	  12.545	8049
59902.648733	2216497536.000	  21.421	8049
59902.648848	2216497534.800	  13.114	8049
59902.648964	2216497534.300	   6.724	8049
59902.649080	2216497533.000	  10.787	8049
59902.649196	2216497531.800	   9.830	8049
59902.649312	2216497530.700	  10.002	8049
59902.649427	2216497529.700	   7.489	8049
59902.649543	2216497528.400	  14.713	8049
59902.649659	2216497527.400	   9.950	8049
59902.649774	2216497526.300	   8.138	8049
59902.649890	2216497525.500	   9.680	8049
59902.650006	2216497524.300	   8.545	8049
59902.650122	2216497523.200	  11.511	8049
59902.650237	2216497521.500	   8.401	8049
59902.650353	2216497520.800	  17.135	8049
59902.650469	2216497520.000	  12.999	8049
59902.650585	2216497518.800	  13.117	8049
59902.650700	2216497517.600	  10.398	8049
59902.650816	2216497516.400	  19.778	8049
59902.650932	2216497515.400	   8.990	8049
59902.651048	2216497514.400	  20.925	8049
59902.651163	2216497513.400	  12.581	8049
59902.651279	2216497512.400	  13.709	8049
59902.651395	2216497511.200	  11.239	8049
59902.651511	2216497510.000	   8.645	8049
59902.651626	2216497508.900	  16.303	8049
59902.651742	2216497507.900	   7.863	8049
59902.651858	2216497506.800	  11.342	8049
59902.651974	2216497505.300	   9.131	8049
59902.652089	2216497504.500	  10.018	8049
59902.652205	2216497503.500	  12.456	8049
59902.652321	2216497502.300	  11.603	8049
59902.652436	2216497501.400	  14.610	8049
59902.652552	2216497500.200	   9.348	8049
59902.652668	2216497498.900	  11.328	8049
59902.652784	2216497497.700	  10.622	8049
59902.652899	2216497496.700	   9.297	8049
59902.653015	2216497495.600	   9.868	8049
59902.653131	2216497494.400	   5.487	8049
59902.653247	2216497493.700	   6.511	8049
59902.653362	2216497492.600	   9.256	8049
59902.653478	2216497491.200	  17.310	8049
59902.653594	2216497490.100	   8.851	8049
59902.653710	2216497489.100	  10.957	8049
59902.653825	2216497487.700	  11.844	8049
59902.653941	2216497486.500	   9.321	8049
59902.654057	2216497485.900	   6.850	8049
59902.654173	2216497484.400	  10.685	8049
59902.654288	2216497483.400	   7.965	8049
59902.654404	2216497482.400	  13.302	8049
59902.654520	2216497481.300	   9.909	8049
59902.654636	2216497480.000	  11.562	8049
59902.654751	2216497479.000	  10.379	8049
59902.654867	2216497477.900	   9.177	8049
59902.654983	2216497476.500	   9.728	8049
59902.655098	2216497475.500	  12.929	8049
59902.655214	2216497474.200	  10.047	8049
59902.655330	2216497473.100	  21.018	8049
59902.655446	2216497472.200	  10.424	8049
59902.655562	2216497471.100	   7.634	8049
59902.655677	2216497469.700	   9.366	8049
59902.655793	2216497468.600	   7.828	8049
59902.655909	2216497467.600	  13.406	8049
59902.656024	2216497466.300	   8.600	8049
59902.656140	2216497465.200	  13.515	8049
59902.656256	2216497464.100	   6.278	8049
59902.656372	2216497462.800	   7.335	8049
59902.656487	2216497461.400	   9.193	8049
59902.656603	2216497460.600	  14.226	8049
59902.656719	2216497459.200	  13.670	8049
59902.656835	2216497458.500	  10.082	8049
59902.656950	2216497457.000	  15.849	8049
59902.657066	2216497456.100	  11.897	8049
59902.657182	2216497454.800	  14.419	8049
59902.657298	2216497453.600	  10.413	8049
59902.657413	2216497452.400	   9.037	8049
59902.657529	2216497451.000	  10.807	8049
59902.657645	2216497450.200	  12.963	8049
59902.657760	2216497448.800	   9.286	8049
59902.657876	2216497447.700	   8.953	8049
59902.657992	2216497446.600	  11.248	8049
59902.658108	2216497445.500	  17.761	8049
59902.658223	2216497444.400	  11.345	8049
59902.658339	2216497443.000	   9.563	8049
59902.658455	2216497442.000	  11.224	8049
59902.658571	2216497440.600	   8.797	8049
59902.658687	2216497439.300	   8.267	8049
59902.658802	2216497438.100	  13.217	8049
59902.658918	2216497437.100	  11.757	8049
59902.659034	2216497436.100	   8.356	8049
59902.659149	2216497435.000	   8.304	8049
59902.659265	2216497433.800	   6.702	8049
59902.659381	2216497432.100	  12.061	8049
59902.659497	2216497431.500	   7.805	8049
59902.659612	2216497429.900	   9.525	8049
59902.659728	2216497428.700	  11.673	8049
59902.659844	2216497427.700	  10.332	8049
59902.659960	2216497426.300	   6.871	8049
59902.660075	2216497425.300	  11.101	8049
59902.660075	2216497425.300	  11.103	8049
59902.660191	2216497423.600	   9.184	8049
59902.660307	2216497423.300	   8.548	8049
59902.660423	2216497421.400	   8.447	8049
59902.660538	2216497420.700	  13.489	8049
59902.660654	2216497419.400	   9.139	8049
59902.660770	2216497418.300	  10.259	8049
59902.660886	2216497416.700	   7.775	8049
59902.661001	2216497415.600	  13.235	8049
59902.661117	2216497414.500	  10.542	8049
59902.661233	2216497413.700	  10.834	8049
59902.661348	2216497412.300	  13.201	8049
59902.661464	2216497411.200	  15.936	8049
59902.661580	2216497410.100	  13.963	8049
59902.661696	2216497409.300	   9.100	8049
59902.661812	2216497408.200	   9.047	8049
59902.661927	2216497407.000	  10.751	8049
59902.662043	2216497405.400	  10.429	8049
59902.662159	2216497404.600	  10.608	8049
59902.662274	2216497403.100	  16.677	8049
59902.662390	2216497402.500	  15.267	8049
59902.662506	2216497401.000	  12.069	8049
59902.662622	2216497400.200	   6.882	8049
59902.662737	2216497398.900	  13.199	8049
59902.662853	2216497397.800	  11.977	8049
59902.662969	2216497396.800	   5.044	8049
59902.663085	2216497395.800	   5.241	8049
59902.663200	2216497394.800	   5.487	8049
59902.663316	2216497393.500	  12.222	8049
59902.663548	2216497391.000	  10.116	8049
59902.663663	2216497389.900	   7.794	8049
59902.664011	2216497386.600	   5.904	8049
59902.664126	2216497385.600	   5.472	8049
59902.664242	2216497384.300	   9.335	8049
59902.664589	2216497381.100	   6.924	8049
59902.664821	2216497378.400	   6.813	8049
59902.664936	2216497377.300	   7.604	8049
59902.665052	2216497376.800	   5.830	8049
59902.665284	2216497374.300	   6.654	8049
59902.665399	2216497373.100	   6.968	8049
59902.665631	2216497370.600	   6.334	8049
59902.665747	2216497369.500	   7.062	8049
59902.665863	2216497368.400	   7.667	8049
59902.666094	2216497366.200	   5.666	8049
59902.666210	2216497364.800	   5.761	8049
59902.666673	2216497360.400	   9.667	8049
59902.666788	2216497359.300	   9.849	8049
59902.666904	2216497357.600	  10.821	8049
59902.667020	2216497357.000	   8.652	8049
59902.667136	2216497355.300	   5.853	8049
59902.667367	2216497353.200	   6.590	8049
59902.667483	2216497352.200	   8.388	8049
59902.667598	2216497350.800	   5.695	8049
59902.667714	2216497350.000	  12.864	8049
59902.667946	2216497347.600	   6.540	8049
59902.668062	2216497346.300	   6.443	8049
59902.668177	2216497345.100	  10.133	8049
59902.668293	2216497343.700	   5.044	8049
59902.669450	2216497332.200	   5.689	8049
59902.669682	2216497331.800	   6.430	8049
59902.670029	2216497325.000	   7.603	8049
59902.670492	2216497321.700	   5.625	8049
59902.670955	2216497314.300	   5.153	8049
59902.671187	2216497312.400	   5.621	8049
59902.671302	2216497306.800	   5.015	8049
59902.671997	2216497307.900	   7.007	8049
59902.672807	2216497297.400	   6.061	8049
59902.673038	2216497294.600	   5.219	8049
59902.673270	2216497293.600	   5.833	8049
59902.673849	2216497284.100	   5.464	8049
59902.674196	2216497282.600	   6.055	8049
59902.674427	2216497282.100	   5.208	8049
59902.674543	2216497278.800	   7.183	8049
59902.675006	2216497273.900	   6.883	8049
59902.675932	2216497261.700	   8.070	8049
59902.676511	2216497257.800	   5.230	8049
59902.676742	2216497255.300	   7.442	8049
59902.676858	2216497254.000	  10.700	8049
59902.676974	2216497252.700	   7.745	8049
59902.677089	2216497251.200	   5.511	8049
59902.677436	2216497247.600	   5.992	8049
59902.677552	2216497246.300	   6.719	8049
59902.677668	2216497244.900	   6.682	8049
59902.677784	2216497244.000	  12.291	8049
59902.678015	2216497241.700	   5.375	8049
59902.678131	2216497239.800	   6.024	8049
59902.678247	2216497239.000	   8.096	8049
59902.678362	2216497237.500	   8.963	8049
59902.678478	2216497236.400	   7.305	8049
59902.678825	2216497232.300	   5.888	8049
59902.679057	2216497230.300	   7.299	8049
59902.679288	2216497227.100	   7.378	8049
59902.679520	2216497224.800	  11.895	8049
59902.679636	2216497223.400	   7.762	8049
59902.679751	2216497222.100	   7.321	8049
59902.679867	2216497220.800	  11.240	8049
59902.679983	2216497220.100	   8.684	8049
59902.680099	2216497218.500	  14.188	8049
59902.680214	2216497217.400	   5.645	8049
59902.680330	2216497215.500	  11.462	8049
59902.680446	2216497214.800	   6.438	8049
59902.680561	2216497213.200	  12.520	8049
59902.680677	2216497211.900	   6.091	8049
59902.680909	2216497209.200	   6.071	8049
59902.681025	2216497208.000	   8.094	8049
59902.681140	2216497206.800	   6.127	8049
59902.681256	2216497205.500	   7.117	8049
59902.681372	2216497204.200	  10.608	8049
59902.681603	2216497201.400	   6.563	8049
59902.681719	2216497200.300	   7.103	8049
59902.681835	2216497199.200	  11.268	8049
59902.682066	2216497196.700	  10.499	8049
59902.682645	2216497190.900	   6.238	8049
59902.682876	2216497188.100	   7.982	8049
59902.682992	2216497187.000	   7.331	8049
59902.683224	2216497184.900	   5.340	8049
59902.683339	2216497184.200	   7.329	8049
59902.683571	2216497180.800	   7.090	8049
59902.683918	2216497177.500	   7.054	8049
59902.684034	2216497176.100	   9.322	8049
59902.684149	2216497174.900	   7.132	8049
59902.684381	2216497172.000	   5.351	8049
59902.684497	2216497171.600	   8.963	8049
59902.684612	2216497170.000	   6.236	8049
59902.684844	2216497167.000	   5.720	8049
59902.684960	2216497166.300	   7.034	8049
59902.685191	2216497163.600	  10.430	8049
59902.685307	2216497162.900	   5.479	8049
59902.685654	2216497158.500	   5.604	8049
59902.685770	2216497157.400	   5.075	8049
59902.686001	2216497154.900	   6.949	8049
59902.686348	2216497151.200	   8.893	8049
59902.686464	2216497150.200	   5.085	8049
59902.686580	2216497148.800	   6.622	8049
59902.686696	2216497147.500	   7.898	8049
59902.687737	2216497136.600	   5.172	8049
59902.687969	2216497133.700	   6.891	8049
59902.688432	2216497129.100	   5.908	8049
59902.688548	2216497127.500	   6.159	8049
59902.688779	2216497124.900	   9.768	8049
59902.689242	2216497120.100	   6.887	8049
59902.689474	2216497117.300	   7.815	8049
59902.689589	2216497116.100	   9.732	8049
59902.689705	2216497115.000	   5.499	8049
59902.689821	2216497113.800	   5.414	8049
59902.689936	2216497112.200	   5.829	8049
59902.690515	2216497106.300	   6.065	8049
59902.690747	2216497103.300	   5.664	8049
59902.690862	2216497100.200	   5.237	8049
59902.691557	2216497094.700	   7.431	8049
59902.691673	2216497093.200	   9.050	8049
59902.692367	2216497085.300	   6.135	8049
59902.692483	2216497084.500	   5.778	8049
59902.692598	2216497082.900	   6.594	8049
59902.692714	2216497081.500	   6.738	8049
59902.692946	2216497079.200	   9.662	8049
59902.693061	2216497077.800	  11.420	8049
59902.693177	2216497076.500	   6.670	8049
59902.693409	2216497073.900	   6.905	8049
59902.693524	2216497072.800	   5.152	8049
59902.693640	2216497071.400	   9.411	8049
59902.693756	2216497069.600	   8.189	8049
59902.693872	2216497068.300	   5.041	8049
59902.693987	2216497067.300	   6.874	8049
59902.694103	2216497066.200	   8.659	8049
59902.694219	2216497064.700	   7.616	8049
59902.694335	2216497063.500	   5.705	8049
59902.694566	2216497061.000	   5.715	8049
59902.694682	2216497059.500	   7.922	8049
59902.695029	2216497055.600	   5.812	8049
59902.695145	2216497054.600	   6.543	8049
59902.695376	2216497051.900	   7.311	8049
59902.695608	2216497049.300	   5.845	8049
59902.696187	2216497042.400	   5.526	8049
59902.696302	2216497041.200	   7.813	8049
59902.696649	2216497037.500	   7.518	8049
59902.696765	2216497036.300	   6.249	8049
59902.696765	2216497036.300	   6.246	8049
59902.696881	2216497034.900	   5.785	8049
59902.696997	2216497033.400	   7.953	8049
59902.697112	2216497032.400	   5.730	8049
59902.697228	2216497030.700	   9.262	8049
59902.697344	2216497029.500	   5.797	8049
59902.697691	2216497025.400	   5.511	8049
59902.697923	2216497022.900	   7.812	8049
59902.698038	2216497021.800	   8.740	8049
59902.698154	2216497020.100	   7.116	8049
59902.698270	2216497019.300	   5.884	8049
59902.698617	2216497014.800	   5.813	8049
59902.698733	2216497013.900	   6.510	8049
59902.698848	2216497012.200	   5.295	8049
59902.699311	2216497006.600	   5.008	8049
59902.699427	2216497006.600	   5.924	8049
59902.700006	2216496998.800	   7.038	8049
59902.700122	2216496997.500	   8.453	8049
59902.700585	2216496992.300	   6.480	8049
59902.700932	2216496988.500	   5.455	8049
59902.701858	2216496980.100	   5.843	8049
59902.702089	2216496974.800	   8.297	8049
59902.702205	2216496973.500	   6.041	8049
59902.702668	2216496968.100	   6.365	8049
59902.702900	2216496964.900	   6.722	8049
59902.703131	2216496962.500	   6.076	8049
59902.703247	2216496961.900	   5.262	8049
59902.703362	2216496960.100	   5.881	8049
59902.703594	2216496956.400	   5.065	8049
59902.704404	2216496947.900	   5.705	8049
59902.704520	2216496948.100	   5.813	8049
59902.704636	2216496945.300	   5.052	8049
59902.704751	2216496944.400	   5.601	8049
59902.704983	2216496941.200	   9.580	8049
59902.705446	2216496935.600	   6.537	8049
59902.705677	2216496932.700	   5.357	8049
59902.705793	2216496933.800	   7.329	8049
59902.705909	2216496930.400	  10.795	8049
59902.706603	2216496921.900	   5.270	8049
59902.707066	2216496916.400	  11.144	8049
59902.707298	2216496913.800	   6.791	8049
59902.707992	2216496905.600	   5.676	8049
59902.708108	2216496904.200	   6.666	8049
59902.708686	2216496897.700	   5.134	8049
59902.708918	2216496894.800	   5.420	8049
59902.709034	2216496893.600	   5.795	8049
59902.709381	2216496890.000	   7.520	8049
59902.709613	2216496886.700	   8.623	8049
59902.709728	2216496885.500	   7.904	8049
59902.709844	2216496884.000	   6.556	8049
59902.709844	2216496884.000	   6.557	8049
59902.710075	2216496881.700	   8.098	8049
59902.710191	2216496878.800	   5.268	8049
59902.710307	2216496878.900	   7.140	8049
59902.710423	2216496877.500	   5.200	8049
59902.711233	2216496868.200	   5.647	8049
59902.711348	2216496866.900	   5.091	8049
59902.712043	2216496858.900	   6.052	8049
59902.712159	2216496859.200	   9.683	8049
59902.712274	2216496856.000	   5.655	8049
59902.712853	2216496849.700	  10.845	8049
59902.713084	2216496846.600	   5.168	8049
59902.713548	2216496841.800	   5.370	8049
59902.713779	2216496838.600	   6.154	8049
59902.714011	2216496836.100	   6.534	8049
59902.714473	2216496830.400	   5.728	8049
59902.715168	2216496822.400	   5.086	8049
59902.715747	2216496815.700	   5.979	8049
59902.715978	2216496813.500	   5.007	8049
59902.716094	2216496811.400	   6.549	8049
59902.716672	2216496807.100	   5.740	8049
59902.718061	2216496790.700	   5.162	8049
59902.718177	2216496787.700	   5.183	8049
59902.718293	2216496786.100	   5.832	8049
59902.719566	2216496774.900	   5.085	8049
59902.719682	2216496769.600	   7.373	8049
59902.720145	2216496762.100	   5.070	8049
59902.720261	2216496762.900	   8.162	8049
59902.720955	2216496753.100	   6.165	8049
59902.721650	2216496750.100	   5.691	8049
59902.722460	2216496737.600	   5.915	8049
59902.722575	2216496735.200	   7.047	8049
59902.722691	2216496733.700	   6.438	8049
59902.722807	2216496732.300	   6.066	8049
59902.722923	2216496730.200	   6.986	8049
59902.723154	2216496728.200	   6.008	8049
59902.723385	2216496723.300	   5.828	8049
59902.723501	2216496724.300	   5.725	8049
59902.723617	2216496722.900	   6.339	8049
59902.723849	2216496720.000	   6.645	8049
59902.723849	2216496720.000	   6.642	8049
59902.723964	2216496718.700	   7.665	8049
59902.724311	2216496714.700	  10.264	8049
59902.724427	2216496713.400	  10.633	8049
59902.724543	2216496711.800	   6.229	8049
59902.724659	2216496710.400	   7.612	8049
59902.724774	2216496709.100	   7.325	8049
59902.725122	2216496705.200	   5.929	8049
59902.725237	2216496703.400	   5.337	8049
59902.725353	2216496702.000	   8.535	8049
59902.725469	2216496700.700	   7.866	8049
59902.725585	2216496700.300	   6.084	8049
59902.725932	2216496695.500	   6.289	8049
59902.726163	2216496692.300	   8.245	8049
59902.726279	2216496691.200	   5.909	8049
59902.726279	2216496691.200	   5.814	8049
59902.726395	2216496689.600	   7.677	8049
59902.726511	2216496688.000	   5.759	8049
59902.726626	2216496687.000	   5.829	8049
59902.726858	2216496684.100	   6.698	8049
59902.726973	2216496682.400	  11.045	8049
59902.727089	2216496681.600	   7.456	8049
59902.727784	2216496673.000	   9.101	8049
59902.728362	2216496666.200	   5.341	8049
59902.728825	2216496657.200	   5.931	8049
59902.729404	2216496653.700	   7.200	8049
59902.730677	2216496639.100	   6.106	8049
59902.730909	2216496636.100	   5.825	8049
59902.731024	2216496634.200	   8.444	8049
59902.731372	2216496630.300	   5.070	8049
59902.731487	2216496628.100	   5.359	8049
59902.731835	2216496622.400	   5.046	8049
59902.732182	2216496618.400	   5.416	8049
59902.732413	2216496615.800	   6.252	8049
59902.732760	2216496613.700	   9.676	8049
59902.733339	2216496606.600	   7.042	8049
59902.733687	2216496601.600	   7.199	8049
59902.733918	2216496599.700	   7.793	8049
59902.734034	2216496599.500	   5.499	8049
59902.734381	2216496590.700	   6.786	8049
59902.734960	2216496587.100	   7.841	8049
59902.735885	2216496576.000	   6.016	8049
59902.736001	2216496574.600	   8.034	8049
59902.736233	2216496570.100	   6.540	8049
59902.736580	2216496570.000	   5.290	8049
59902.736696	2216496566.400	   5.554	8049
59902.737622	2216496553.800	   6.177	8049
59902.737737	2216496553.800	   6.050	8049
59902.737853	2216496552.400	   6.369	8049
59902.738200	2216496548.300	   5.622	8049
59902.739011	2216496538.800	   6.505	8049
59902.739936	2216496527.600	   8.187	8049
59902.740052	2216496525.900	   5.351	8049
59902.740168	2216496524.600	   7.266	8049
59902.740399	2216496521.700	   5.797	8049
59902.740862	2216496516.200	   5.067	8049
59902.741325	2216496510.600	   5.420	8049
59902.741557	2216496508.400	   5.614	8049
59902.741788	2216496505.600	   9.051	8049
59902.741904	2216496504.200	   7.563	8049
59902.742135	2216496501.200	   9.887	8049
59902.742367	2216496498.700	  11.885	8049
59902.742483	2216496497.200	   8.488	8049
59902.742714	2216496494.200	   8.782	8049
59902.743293	2216496487.400	   5.867	8049
59902.743409	2216496485.600	   6.055	8049
59902.743756	2216496481.500	   7.318	8049
59902.743872	2216496480.600	   5.098	8049
59902.743987	2216496478.600	   6.688	8049
59902.744103	2216496477.700	   7.978	8049
59902.744219	2216496476.300	   8.716	8049
59902.744335	2216496474.900	  10.404	8049
59902.744335	2216496474.900	  10.398	8049
59902.744450	2216496473.300	  10.007	8049
59902.744566	2216496471.800	   9.569	8049
59902.744682	2216496470.900	   6.443	8049
59902.744913	2216496467.700	   9.465	8049
59902.745029	2216496466.600	   6.416	8049
59902.745145	2216496464.900	   6.525	8049
59902.745260	2216496463.800	   9.579	8049
59902.745376	2216496462.500	   9.882	8049
59902.745723	2216496458.100	   8.605	8049
59902.745839	2216496457.000	  13.937	8049
59902.745955	2216496455.400	   5.785	8049
59902.746186	2216496452.600	   6.701	8049
59902.746302	2216496451.200	   6.801	8049
59902.746418	2216496450.000	  11.748	8049
59902.746534	2216496448.600	   5.275	8049
59902.746649	2216496447.600	   8.418	8049
59902.746765	2216496445.500	   7.651	8049
59902.746997	2216496443.100	   6.621	8049
59902.747112	2216496441.700	   9.765	8049
59902.747228	2216496440.200	  11.283	8049
59902.747344	2216496438.700	   8.991	8049
59902.747460	2216496437.200	   6.951	8049
59902.747575	2216496436.000	  16.308	8049
59902.747691	2216496434.800	  15.533	8049
59902.747807	2216496434.000	   5.949	8049
59902.747923	2216496431.900	   5.308	8049
59902.748038	2216496430.500	  10.500	8049
59902.748154	2216496429.100	   7.172	8049
59902.748270	2216496428.200	  11.185	8049
59902.748386	2216496426.500	   9.781	8049
59902.748501	2216496425.100	   8.678	8049
59902.748617	2216496423.800	   6.563	8049
59902.748733	2216496422.000	   9.272	8049
59902.748849	2216496420.700	   7.054	8049
59902.748964	2216496419.600	   8.864	8049
59902.749080	2216496417.700	   5.754	8049
59902.749196	2216496416.700	  14.000	8049
59902.749311	2216496415.300	   8.950	8049
59902.749427	2216496413.500	   7.942	8049
59902.749543	2216496412.800	   8.409	8049
59902.749659	2216496411.300	   8.743	8049
59902.749774	2216496409.700	  10.103	8049
59902.749890	2216496408.400	   8.993	8049
59902.750006	2216496406.700	   8.286	8049
59902.750122	2216496405.700	  11.375	8049
59902.750237	2216496404.400	   7.165	8049
59902.750353	2216496403.100	  14.136	8049
59902.750469	2216496401.500	  12.043	8049
59902.750585	2216496400.400	  12.815	8049
59902.750700	2216496398.900	   5.788	8049
59902.750816	2216496397.300	  11.479	8049
59902.750932	2216496396.400	   9.076	8049
59902.751048	2216496394.800	   6.512	8049
59902.751163	2216496393.400	  15.834	8049
59902.751279	2216496391.700	  12.558	8049
59902.751395	2216496390.900	   7.672	8049
59902.751511	2216496389.500	  12.670	8049
59902.751626	2216496388.200	   8.015	8049
59902.751742	2216496386.600	  13.996	8049
59902.751858	2216496385.200	  15.140	8049
59902.751973	2216496383.700	   8.575	8049
59902.752089	2216496382.300	   6.997	8049
59902.752205	2216496381.000	  14.031	8049
59902.752321	2216496379.800	  13.722	8049
59902.752436	2216496378.100	  10.274	8049
59902.752552	2216496377.300	  10.025	8049
59902.752668	2216496375.700	  14.845	8049
59902.752784	2216496374.300	   7.952	8049
59902.752900	2216496372.700	  10.406	8049
59902.753015	2216496371.300	  14.973	8049
59902.753131	2216496369.900	  12.711	8049
59902.753247	2216496368.800	  11.962	8049
59902.753362	2216496367.400	  11.102	8049
59902.753478	2216496365.800	   6.982	8049
59902.753594	2216496364.900	  11.893	8049
59902.753710	2216496363.500	  11.074	8049
59902.753825	2216496361.600	  13.078	8049
59902.753941	2216496360.600	   7.433	8049
59902.753941	2216496360.600	   7.431	8049
59902.754057	2216496359.200	  10.250	8049
59902.754173	2216496357.900	  11.170	8049
59902.754288	2216496356.200	   8.919	8049
59902.754404	2216496354.700	   9.792	8049
59902.754520	2216496353.500	  14.643	8049
59902.754635	2216496352.200	  15.034	8049
59902.754751	2216496350.800	  12.514	8049
59902.754867	2216496349.600	   7.741	8049
59902.754983	2216496348.100	   9.059	8049
59902.755099	2216496346.800	   7.080	8049
59902.755214	2216496345.200	   8.639	8049
59902.755330	2216496344.100	   8.925	8049
59902.755446	2216496343.000	  10.809	8049
59902.755561	2216496341.000	   5.346	8049
59902.755677	2216496340.200	   8.585	8049
59902.755793	2216496338.400	   7.496	8049
59902.755909	2216496337.300	   9.966	8049
59902.756024	2216496335.800	  13.335	8049
59902.756140	2216496334.200	   7.020	8049
59902.756256	2216496333.400	  10.381	8049
59902.756372	2216496331.700	  11.726	8049
59902.756487	2216496330.600	   7.223	8049
59902.756603	2216496328.800	   6.760	8049
59902.756719	2216496328.200	   7.442	8049
59902.756835	2216496326.400	   9.648	8049
59902.756950	2216496324.700	  10.052	8049
59902.757066	2216496323.500	  15.009	8049
59902.757182	2216496322.300	  11.546	8049
59902.757298	2216496320.900	  10.142	8049
59902.757413	2216496319.800	  10.923	8049
59902.757529	2216496318.500	  13.871	8049
59902.757645	2216496317.100	  18.249	8049
59902.757761	2216496315.400	  11.123	8049
59902.757876	2216496314.200	  11.675	8049
59902.757992	2216496312.500	   7.233	8049
59902.758108	2216496311.600	  13.616	8049
59902.758223	2216496310.000	  11.403	8049
59902.758339	2216496308.500	  14.739	8049
59902.758455	2216496306.800	   7.921	8049
59902.758571	2216496305.800	   7.802	8049
59902.758686	2216496304.500	  10.646	8049
59902.758802	2216496302.900	   7.438	8049
59902.758918	2216496301.100	  10.946	8049
59902.759034	2216496300.200	   6.371	8049
59902.759149	2216496298.400	  10.546	8049
59902.759265	2216496297.200	   9.348	8049
59902.759381	2216496295.300	   6.018	8049
59902.759497	2216496294.200	  13.648	8049
59902.759612	2216496292.700	   8.223	8049
59902.759612	2216496292.700	   8.223	8049
59902.759728	2216496291.000	   7.046	8049
59902.759844	2216496290.000	  14.535	8049
59902.759960	2216496288.400	   9.817	8049
59902.760075	2216496287.200	  11.476	8049
59902.760191	2216496285.600	  13.284	8049
59902.760307	2216496284.500	  14.582	8049
59902.760423	2216496283.100	  13.289	8049
59902.760538	2216496281.400	   8.031	8049
59902.760654	2216496280.000	  12.487	8049
59902.760770	2216496278.600	   8.525	8049
59902.760885	2216496277.400	  10.239	8049
59902.761001	2216496275.900	   9.079	8049
59902.761117	2216496274.700	  10.627	8049
59902.761233	2216496272.900	  11.714	8049
59902.761349	2216496271.800	   6.711	8049
59902.761464	2216496270.400	   7.347	8049
59902.761580	2216496268.500	  13.932	8049
59902.761696	2216496267.200	   7.150	8049
59902.761811	2216496265.700	   7.059	8049
59902.761927	2216496264.700	  13.916	8049
59902.762043	2216496263.100	   9.975	8049
59902.762159	2216496261.500	  10.732	8049
59902.762275	2216496260.300	  10.267	8049
59902.762390	2216496259.200	   7.393	8049
59902.762506	2216496257.500	   9.690	8049
59902.762622	2216496256.100	   8.237	8049
59902.762737	2216496254.900	  10.275	8049
59902.762853	2216496253.400	  13.751	8049
59902.762969	2216496252.000	  12.698	8049
59902.763085	2216496250.500	  11.400	8049
59902.763200	2216496248.800	  14.038	8049
59902.763316	2216496247.600	   9.181	8049
59902.763432	2216496246.300	  10.496	8049
59902.763548	2216496244.900	  10.857	8049
59902.763664	2216496243.500	  11.146	8049
59902.763779	2216496241.900	  12.886	8049
59902.763895	2216496240.600	   7.231	8049
59902.764010	2216496239.300	  12.252	8049
59902.764126	2216496237.800	  12.002	8049
59902.764242	2216496236.300	   9.618	8049
59902.764358	2216496235.100	   7.314	8049
59902.764473	2216496233.700	  13.586	8049
59902.764589	2216496232.200	  15.907	8049
59902.764705	2216496231.000	  11.768	8049
59902.764821	2216496229.500	   8.551	8049
59902.764937	2216496227.800	   9.217	8049
59902.764937	2216496227.800	   9.217	8049
59902.765052	2216496226.600	  10.441	8049
59902.765168	2216496225.400	  16.546	8049
59902.765284	2216496223.700	   8.462	8049
59902.765400	2216496222.300	  14.262	8049
59902.765515	2216496220.800	   9.633	8049
59902.765631	2216496219.700	  13.056	8049
59902.765747	2216496217.900	   8.156	8049
59902.765862	2216496217.000	  12.506	8049
59902.765978	2216496215.600	   6.308	8049
59902.766094	2216496214.100	  10.825	8049
59902.766210	2216496212.700	   8.018	8049
59902.766325	2216496211.100	   9.056	8049
59902.766441	2216496210.200	   9.391	8049
59902.766557	2216496208.400	  10.227	8049
59902.766673	2216496207.100	   9.777	8049
59902.766788	2216496205.900	   7.817	8049
59902.766904	2216496204.300	  12.725	8049
59902.767020	2216496202.900	  12.903	8049
59902.767136	2216496201.400	  10.710	8049
59902.767251	2216496200.200	  12.589	8049
59902.767367	2216496198.700	  17.241	8049
59902.767483	2216496199.300	   8.378	8049
59902.767599	2216496197.400	   7.217	8049
59902.767714	2216496196.600	  11.131	8049
59902.767830	2216496195.000	  17.063	8049
59902.767946	2216496193.600	  11.738	8049
59902.768061	2216496192.100	  11.134	8049
59902.768177	2216496190.900	   9.411	8049
59902.768293	2216496189.900	   8.225	8049
59902.768409	2216496187.800	   7.727	8049
59902.768524	2216496186.700	  17.595	8049
59902.768640	2216496185.400	  14.451	8049
59902.768756	2216496183.500	   8.878	8049
59902.768872	2216496182.700	  11.505	8049
59902.768987	2216496181.100	  10.624	8049
59902.769103	2216496179.700	  10.583	8049
59902.769219	2216496178.300	  24.332	8049
59902.769335	2216496176.800	  13.248	8049
59902.769450	2216496175.500	   8.133	8049
59902.769566	2216496174.100	  10.745	8049
59902.769682	2216496172.400	   6.971	8049
59902.769798	2216496171.100	  15.252	8049
59902.769913	2216496169.800	   8.402	8049
59902.770029	2216496168.700	   8.409	8049
59902.770145	2216496167.200	  13.411	8049
59902.770261	2216496165.700	   7.954	8049
59902.770376	2216496164.300	   8.783	8049
59902.770492	2216496162.500	  12.816	8049
59902.770608	2216496161.200	   7.421	8049
59902.770724	2216496159.900	  14.267	8049
59902.770839	2216496158.300	  13.000	8049
59902.770955	2216496157.000	  11.203	8049
59902.771071	2216496155.800	   8.993	8049
59902.771186	2216496154.100	  12.481	8049
59902.771302	2216496152.900	  11.256	8049
59902.771418	2216496151.300	   6.788	8049
59902.771534	2216496149.800	  14.863	8049
59902.771649	2216496148.400	  13.354	8049
59902.771765	2216496147.100	   7.790	8049
59902.771881	2216496145.800	  10.265	8049
59902.771997	2216496144.500	   8.324	8049
59902.772112	2216496142.700	  12.400	8049
59902.772228	2216496141.300	   8.518	8049
59902.772344	2216496140.100	  11.681	8049
59902.772460	2216496138.600	   8.320	8049
59902.772575	2216496137.200	   9.136	8049
59902.772691	2216496135.500	   9.339	8049
59902.772807	2216496134.200	   7.159	8049
59902.772923	2216496132.600	  10.022	8049
59902.773038	2216496131.300	  13.463	8049
59902.773154	2216496129.500	   8.821	8049
59902.773270	2216496128.300	  14.080	8049
59902.773385	2216496127.200	  13.907	8049
59902.773501	2216496125.900	  11.986	8049
59902.773617	2216496124.300	  12.565	8049
59902.773733	2216496123.200	  13.434	8049
59902.773849	2216496121.900	   7.485	8049
59902.773964	2216496120.900	  12.600	8049
59902.774080	2216496119.200	  12.613	8049
59902.774196	2216496118.100	   8.765	8049
59902.774311	2216496116.500	  11.484	8049
59902.774427	2216496115.600	  21.660	8049
59902.774543	2216496114.000	  14.144	8049
59902.774659	2216496112.600	   8.253	8049
59902.774774	2216496111.600	   9.078	8049
59902.774890	2216496110.300	  10.305	8049
59902.775006	2216496108.600	   7.425	8049
59902.775122	2216496107.300	   8.009	8049
59902.775237	2216496106.400	   7.524	8049
59902.775353	2216496104.900	  11.676	8049
59902.775469	2216496103.800	  10.825	8049
59902.775585	2216496102.300	   9.414	8049
59902.775700	2216496101.100	  14.556	8049
59902.775816	2216496099.800	   9.554	8049
59902.775932	2216496098.400	  14.349	8049
59902.776047	2216496097.100	   9.207	8049
59902.776163	2216496095.600	  11.001	8049
59902.776279	2216496094.400	  15.568	8049
59902.776395	2216496092.800	  15.425	8049
59902.776511	2216496091.500	   8.340	8049
59902.776626	2216496090.500	   7.909	8049
59902.776742	2216496088.900	  15.203	8049
59902.776858	2216496088.000	  11.766	8049
59902.776974	2216496086.600	   9.681	8049
59902.777089	2216496085.000	   7.614	8049
59902.777205	2216496083.800	   9.409	8049
59902.777321	2216496082.600	   9.565	8049
59902.777436	2216496081.200	  11.319	8049
59902.777552	2216496079.800	   9.346	8049
59902.777668	2216496078.300	   9.456	8049
59902.777784	2216496077.300	  10.062	8049
59902.777899	2216496075.600	   8.250	8049
59902.778015	2216496074.200	  12.147	8049
59902.778131	2216496073.200	   7.737	8049
59902.778247	2216496071.500	  10.789	8049
59902.778362	2216496070.500	   6.492	8049
59902.778478	2216496068.900	  10.627	8049
59902.778594	2216496067.700	  12.759	8049
59902.778710	2216496066.400	  14.685	8049
59902.778825	2216496065.200	   7.528	8049
59902.778941	2216496063.600	  10.924	8049
59902.779057	2216496062.200	   9.144	8049
59902.779173	2216496060.900	  10.809	8049
59902.779288	2216496059.500	   8.771	8049
59902.779404	2216496058.200	   7.679	8049
59902.779520	2216496056.800	  10.692	8049
59902.779635	2216496055.500	  11.625	8049
59902.779751	2216496054.400	  10.598	8049
59902.779867	2216496052.700	   9.246	8049
59902.779983	2216496051.200	   9.311	8049
59902.780099	2216496050.100	   7.488	8049
59902.780214	2216496048.900	   8.698	8049
59902.780330	2216496047.100	  10.600	8049
59902.780446	2216496045.900	  11.451	8049
59902.780562	2216496044.400	   6.954	8049
59902.780677	2216496043.100	  12.263	8049
59902.780793	2216496041.700	  12.547	8049
59902.780909	2216496040.300	  10.915	8049
59902.781024	2216496039.300	   8.423	8049
59902.781140	2216496037.600	  13.125	8049
59902.781256	2216496036.300	  10.023	8049
59902.781372	2216496035.000	  17.325	8049
59902.781487	2216496033.600	  16.325	8049
59902.781603	2216496032.300	  10.782	8049
59902.781719	2216496030.900	  10.043	8049
59902.781835	2216496029.300	  13.387	8049
59902.781950	2216496028.000	  11.742	8049
59902.782066	2216496026.500	   9.069	8049
59902.782182	2216496025.600	   7.655	8049
59902.782298	2216496023.600	  10.725	8049
59902.782413	2216496022.500	  11.862	8049
59902.782529	2216496021.400	   9.018	8049
59902.782645	2216496019.800	   8.306	8049
59902.782761	2216496018.200	   9.756	8049
59902.782876	2216496017.200	  21.508	8049
59902.782992	2216496015.300	  20.598	8049
59902.783108	2216496014.500	   8.502	8049
59902.783224	2216496012.900	  10.036	8049
59902.783339	2216496011.200	   9.331	8049
59902.783455	2216496009.900	  11.662	8049
59902.783571	2216496008.600	  15.002	8049
59902.784728	2216495996.900	   6.085	8049
59902.785075	2216495990.400	   6.519	8049
59902.785191	2216495988.800	   5.935	8049
59902.786117	2216495977.500	   7.594	8049
59902.786580	2216495972.400	   5.308	8049
59902.786927	2216495969.100	   7.191	8049
59902.786927	2216495969.100	   7.329	8049
59902.787043	2216495967.800	   5.905	8049
59902.787159	2216495966.400	   9.523	8049
59902.787274	2216495965.300	  10.871	8049
59902.787390	2216495963.700	  10.128	8049
59902.787506	2216495962.400	  13.640	8049
59902.787622	2216495961.200	  12.825	8049
59902.787738	2216495960.000	  12.106	8049
59902.787853	2216495958.900	  16.216	8049
59902.787969	2216495957.300	   8.411	8049
59902.788085	2216495955.900	   9.794	8049
59902.788200	2216495954.400	   8.427	8049
59902.788316	2216495953.500	   7.093	8049
59902.788432	2216495952.500	   6.511	8049
59902.788548	2216495951.300	   7.609	8049
59902.788663	2216495949.500	  15.642	8049
59902.788779	2216495948.300	  10.058	8049
59902.788895	2216495947.300	  16.962	8049
59902.789011	2216495945.300	   8.783	8049
59902.789126	2216495944.600	  16.206	8049
59902.789242	2216495943.300	   9.229	8049
59902.789358	2216495942.100	   6.935	8049
59902.789474	2216495940.600	   9.405	8049
59902.789589	2216495939.400	  10.036	8049
59902.789705	2216495937.900	  11.293	8049
59902.789821	2216495936.500	  14.006	8049
59902.789936	2216495935.500	  14.740	8049
59902.790052	2216495934.100	   9.166	8049
59902.790168	2216495932.700	  10.233	8049
59902.790284	2216495931.600	  13.228	8049
59902.790399	2216495930.000	   8.592	8049
59902.790515	2216495928.800	  12.039	8049
59902.790631	2216495927.400	  11.796	8049
59902.790747	2216495926.300	  13.282	8049
59902.790862	2216495924.800	  17.565	8049
59902.790978	2216495924.000	   7.397	8049
59902.791210	2216495920.900	   8.877	8049
59902.791557	2216495917.200	  10.355	8049
59902.791788	2216495914.200	   6.423	8049
59902.792251	2216495909.200	   6.808	8049
59902.792483	2216495906.600	   6.549	8049
59902.792599	2216495905.000	   5.084	8049
59902.793293	2216495897.000	   6.797	8049
59902.793640	2216495892.900	   6.897	8049
59902.794103	2216495888.000	   7.468	8049
59902.794450	2216495881.900	   5.412	8049
59902.794566	2216495881.200	   6.399	8049
59902.795029	2216495874.100	   5.567	8049
59902.795376	2216495873.800	   5.514	8049
59902.795724	2216495866.700	   6.376	8049
59902.795839	2216495866.700	   6.087	8049
59902.796186	2216495865.100	   5.533	8049
59902.796881	2216495853.300	   6.339	8049
59902.797112	2216495854.300	   6.462	8049
59902.797807	2216495844.000	   5.369	8049
59902.797923	2216495843.100	   7.903	8049
59902.798386	2216495837.800	   6.698	8049
59902.798733	2216495836.300	   6.706	8049
59902.799080	2216495831.300	   7.337	8049
59902.799427	2216495829.400	   5.213	8049
59902.799659	2216495829.300	   5.522	8049
59902.799890	2216495822.800	   6.572	8049
59902.800469	2216495811.600	   5.012	8049
59902.800585	2216495815.600	   6.112	8049
59902.801395	2216495798.000	   5.368	8049
59902.801626	2216495802.200	   5.410	8049
59902.802900	2216495789.800	   8.167	8049
59902.803478	2216495781.700	   5.317	8049
59902.803594	2216495778.400	   5.021	8049
59902.803710	2216495777.800	   5.318	8049
59902.804983	2216495763.800	   6.591	8049
59902.805793	2216495755.600	   5.252	8049
59902.806024	2216495747.500	   6.782	8049
59902.806603	2216495746.300	   5.802	8049
59902.807066	2216495745.800	   5.746	8049
59902.807529	2216495733.700	   6.353	8049
59902.809034	2216495718.900	   5.788	8049
59902.809381	2216495715.700	   5.729	8049
59902.809844	2216495710.500	   7.616	8049
59902.809960	2216495708.900	   8.068	8049
59902.810075	2216495708.100	  11.941	8049
59902.810191	2216495706.500	   7.844	8049
59902.810307	2216495705.300	   7.966	8049
59902.810423	2216495704.100	   7.523	8049
59902.810538	2216495702.700	  13.170	8049
59902.810654	2216495701.400	   8.662	8049
59902.810770	2216495699.800	  10.296	8049
59902.810886	2216495698.400	   8.449	8049
59902.811001	2216495697.400	   8.887	8049
59902.811117	2216495696.000	   7.367	8049
59902.811233	2216495694.400	   9.606	8049
59902.811349	2216495693.200	   9.031	8049
59902.811464	2216495692.000	   8.646	8049
59902.811580	2216495691.000	  10.339	8049
59902.811696	2216495689.500	  13.058	8049
59902.811812	2216495688.300	   8.616	8049
59902.811927	2216495687.100	   9.035	8049
59902.812043	2216495685.700	   9.232	8049
59902.812159	2216495685.200	   9.910	8049
59902.812274	2216495683.700	  10.911	8049
59902.812390	2216495682.300	  10.068	8049
59902.812506	2216495681.300	  10.423	8049
59902.812622	2216495679.900	   9.565	8049
59902.812738	2216495678.900	  13.344	8049
59902.812853	2216495677.600	  13.769	8049
59902.812969	2216495676.200	   9.921	8049
59902.813085	2216495675.100	  13.803	8049
59902.813200	2216495674.000	  15.380	8049
59902.813316	2216495673.000	   8.015	8049
59902.813432	2216495671.400	   6.302	8049
59902.813548	2216495670.600	   9.882	8049
59902.813663	2216495669.400	  11.826	8049
59902.813779	2216495668.200	  12.737	8049
59902.813895	2216495666.900	  10.264	8049
59902.814011	2216495665.700	  12.001	8049
59902.814126	2216495664.400	  10.460	8049
59902.814242	2216495663.100	  12.756	8049
59902.814358	2216495662.400	   8.312	8049
59902.814474	2216495660.900	  14.782	8049
59902.814589	2216495659.600	  14.539	8049
59902.814705	2216495658.500	   8.109	8049
59902.814821	2216495657.200	  12.754	8049
59902.814937	2216495656.100	  15.349	8049
59902.815052	2216495654.600	   8.484	8049
59902.815168	2216495653.300	   9.958	8049
59902.815284	2216495652.100	  16.580	8049
59902.815399	2216495651.300	  13.677	8049
59902.815515	2216495649.500	   9.831	8049
59902.815631	2216495648.600	   8.069	8049
59902.815862	2216495646.600	   8.244	8049
59902.815978	2216495645.100	   9.602	8049
59902.816094	2216495643.800	  16.301	8049
59902.816210	2216495642.600	   7.105	8049
59902.816325	2216495641.100	  10.482	8049
59902.816441	2216495640.400	   7.832	8049
59902.816557	2216495639.000	  16.755	8049
59902.816673	2216495637.700	  10.523	8049
59902.816788	2216495636.800	   8.828	8049
59902.816904	2216495634.900	   9.971	8049
59902.817020	2216495634.500	   7.560	8049
59902.817136	2216495632.700	   6.035	8049
59902.817251	2216495631.800	   6.227	8049
59902.817367	2216495630.300	  13.335	8049
59902.817483	2216495629.100	  13.873	8049
59902.817599	2216495627.900	  14.188	8049
59902.817714	2216495626.600	  18.583	8049
59902.817830	2216495625.400	  10.121	8049
59902.817946	2216495624.100	  10.013	8049
59902.818177	2216495621.700	  11.488	8049
59902.818293	2216495620.600	  13.546	8049
59902.818409	2216495619.400	   7.634	8049
59902.818524	2216495618.200	  17.467	8049
59902.818640	2216495617.000	  16.272	8049
59902.818756	2216495615.800	   8.557	8049
59902.818872	2216495614.300	   9.266	8049
59902.818988	2216495613.000	  12.211	8049
59902.819103	2216495611.700	  12.460	8049
59902.819219	2216495610.400	  10.334	8049
59902.819335	2216495609.300	  11.236	8049
59902.819450	2216495608.000	  12.235	8049
59902.819566	2216495607.000	  13.509	8049
59902.819682	2216495606.100	   8.535	8049
59902.819798	2216495604.300	  14.893	8049
59902.819913	2216495603.000	  11.093	8049
59902.820029	2216495601.600	   9.274	8049
59902.820145	2216495600.600	  10.781	8049
59902.820261	2216495599.500	   9.163	8049
59902.820376	2216495598.100	  11.636	8049
59902.820492	2216495597.100	   7.979	8049
59902.820608	2216495595.600	   9.474	8049
59902.820724	2216495594.400	  15.859	8049
59902.820839	2216495593.000	   6.812	8049
59902.820955	2216495591.900	   9.170	8049
59902.821071	2216495590.500	   5.510	8049
59902.821186	2216495589.500	  16.786	8049
59902.821302	2216495588.200	   7.225	8049
59902.821418	2216495587.000	  15.319	8049
59902.821534	2216495585.700	  11.804	8049
59902.821649	2216495584.300	   8.654	8049
59902.821765	2216495582.800	  11.260	8049
59902.821881	2216495582.300	   8.954	8049
59902.821997	2216495580.800	  12.674	8049
59902.822113	2216495579.600	  11.126	8049
59902.822228	2216495578.200	  11.087	8049
59902.822344	2216495576.500	   8.543	8049
59902.822460	2216495575.400	   9.833	8049
59902.822575	2216495574.400	  12.600	8049
59902.822691	2216495573.000	   7.650	8049
59902.822807	2216495571.800	  10.824	8049
59902.822923	2216495570.500	   9.326	8049
59902.823038	2216495569.200	   7.623	8049
59902.823154	2216495568.000	   9.054	8049
59902.823270	2216495566.800	   6.017	8049
59902.823386	2216495565.400	   9.353	8049
59902.823501	2216495564.300	   9.210	8049
59902.823617	2216495562.600	   5.005	8049
59902.823733	2216495561.700	  11.816	8049
59902.823848	2216495560.600	  10.332	8049
59902.823964	2216495559.000	   8.394	8049
59902.824080	2216495557.900	   6.970	8049
59902.824196	2216495556.700	  11.479	8049
59902.824311	2216495555.500	  12.778	8049
59902.824427	2216495554.300	   8.107	8049
59902.824543	2216495552.700	  19.963	8049
59902.824659	2216495551.800	  16.191	8049
59902.824774	2216495550.200	  13.740	8049
59902.824890	2216495549.500	   9.370	8049
59902.825006	2216495548.100	  12.391	8049
59902.825122	2216495547.000	  11.755	8049
59902.825237	2216495545.800	   9.657	8049
59902.825353	2216495544.700	  13.436	8049
59902.825469	2216495543.500	  10.697	8049
59902.825585	2216495542.600	  11.525	8049
59902.825700	2216495541.100	   8.129	8049
59902.825816	2216495540.100	  19.193	8049
59902.825932	2216495538.700	   5.016	8049
59902.826048	2216495537.700	   8.845	8049
59902.826163	2216495536.800	  14.900	8049
59902.826279	2216495535.400	   9.604	8049
59902.826395	2216495534.600	  11.891	8049
59902.826511	2216495533.200	   5.634	8049
59902.826626	2216495532.400	   8.354	8049
59902.826742	2216495531.000	   8.330	8049
59902.826858	2216495529.800	   7.913	8049
59902.826974	2216495528.700	   8.807	8049
59902.827089	2216495527.500	   8.089	8049
59902.827205	2216495526.800	   6.523	8049
59902.827321	2216495525.300	  14.274	8049
59902.827436	2216495524.100	  10.097	8049
59902.827552	2216495523.400	   5.462	8049
59902.827668	2216495522.000	  12.161	8049
59902.827784	2216495520.800	   9.373	8049
59902.827900	2216495519.800	   6.032	8049
59902.828015	2216495518.500	  13.014	8049
59902.828131	2216495517.400	   6.168	8049
59902.828247	2216495516.300	   8.757	8049
59902.828363	2216495514.900	  10.002	8049
59902.828478	2216495513.700	   8.513	8049
59902.828594	2216495512.800	   7.817	8049
59902.828710	2216495511.600	  10.041	8049
59902.828825	2216495510.600	   5.380	8049
59902.828941	2216495509.300	   8.038	8049
59902.829057	2216495508.000	   7.975	8049
59902.829288	2216495506.100	   8.352	8049
59902.829404	2216495504.700	  11.017	8049
59902.829520	2216495503.400	  14.465	8049
59902.829636	2216495502.300	   7.843	8049
59902.829751	2216495501.300	   8.671	8049
59902.829983	2216495499.000	  10.754	8049
59902.830099	2216495497.800	  10.545	8049
59902.830214	2216495496.800	   8.312	8049
59902.830330	2216495495.000	   9.383	8049
59902.830446	2216495494.300	   7.197	8049
59902.830562	2216495493.100	   8.968	8049
59902.830677	2216495491.700	   7.871	8049
59902.830793	2216495490.800	   5.009	8049
59902.830909	2216495489.300	   6.974	8049
59902.831025	2216495488.200	   7.615	8049
59902.831140	2216495487.500	   6.425	8049
59902.831256	2216495485.900	  17.153	8049
59902.831372	2216495485.000	  11.044	8049
59902.831603	2216495482.600	   5.215	8049
59902.831719	2216495481.200	   9.772	8049
59902.831835	2216495480.000	  11.404	8049
59902.831950	2216495479.200	   5.109	8049
59902.832066	2216495477.800	   8.347	8049
59902.832298	2216495475.300	  10.297	8049
59902.832413	2216495473.900	   6.306	8049
59902.832529	2216495473.200	   5.110	8049
59902.832529	2216495473.200	   5.118	8049
59902.832645	2216495471.900	  11.962	8049
59902.832761	2216495470.600	   7.624	8049
59902.832876	2216495469.600	   7.818	8049
59902.832992	2216495468.100	   8.737	8049
59902.833108	2216495466.900	  10.404	8049
59902.833224	2216495466.100	   9.893	8049
59902.833339	2216495464.700	   5.422	8049
59902.833455	2216495463.700	  14.278	8049
59902.833571	2216495462.600	   6.472	8049
59902.833686	2216495461.300	   7.478	8049
59902.833802	2216495460.000	  10.716	8049
59902.833918	2216495459.300	   6.643	8049
59902.834034	2216495457.700	   7.960	8049
59902.834150	2216495456.800	   7.074	8049
59902.834265	2216495455.400	   8.357	8049
59902.834381	2216495454.000	   8.602	8049
59902.834497	2216495452.800	   5.581	8049
59902.834728	2216495450.900	  11.894	8049
59902.834844	2216495449.500	   7.747	8049
59902.834960	2216495448.200	  11.091	8049
59902.835075	2216495447.100	   8.748	8049
59902.835191	2216495445.600	   7.841	8049
59902.835307	2216495444.900	   6.442	8049
59902.835423	2216495443.500	   7.692	8049
59902.835538	2216495442.300	  10.105	8049
59902.835654	2216495441.200	   6.063	8049
59902.835770	2216495439.900	  10.879	8049
59902.835886	2216495438.900	  13.227	8049
59902.836001	2216495437.700	  11.648	8049
59902.836117	2216495436.300	  12.723	8049
59902.836233	2216495435.300	   8.817	8049
59902.836349	2216495433.900	  11.840	8049
59902.836464	2216495433.100	  13.508	8049
59902.836580	2216495431.500	  14.652	8049
59902.836696	2216495430.600	   9.846	8049
59902.836811	2216495428.900	   6.724	8049
59902.836927	2216495427.800	  13.066	8049
59902.837043	2216495426.700	   9.226	8049
59902.837159	2216495425.400	   7.566	8049
59902.837274	2216495424.200	   8.061	8049
59902.837390	2216495423.300	  10.850	8049
59902.837506	2216495422.000	  10.093	8049
59902.837622	2216495420.600	   9.430	8049
59902.837738	2216495419.300	   9.129	8049
59902.837853	2216495418.600	   9.987	8049
59902.837969	2216495417.400	   6.847	8049
59902.838085	2216495415.900	   7.910	8049
59902.838200	2216495415.000	   8.962	8049
59902.838316	2216495414.200	  10.213	8049
59902.838432	2216495413.000	  13.508	8049
59902.838548	2216495411.800	   6.974	8049
59902.838663	2216495410.800	   8.900	8049
59902.838779	2216495409.800	  11.854	8049
59902.838895	2216495408.800	  10.882	8049
59902.839011	2216495407.700	   8.131	8049
59902.839242	2216495405.400	   7.382	8049
59902.839358	2216495404.500	   7.301	8049
59902.839474	2216495403.100	   5.461	8049
59902.839705	2216495401.300	   7.848	8049
59902.839821	2216495400.100	   8.667	8049
59902.839937	2216495398.800	  11.629	8049
59902.840052	2216495398.100	   5.704	8049
59902.840168	2216495396.800	   8.688	8049
59902.840284	2216495395.900	   8.466	8049
59902.840515	2216495393.600	  11.677	8049
59902.840631	2216495392.600	   6.836	8049
59902.840747	2216495391.400	   6.589	8049
59902.840863	2216495390.700	  12.406	8049
59902.840978	2216495389.400	   6.370	8049
59902.841094	2216495388.400	   6.251	8049
59902.841210	2216495387.200	   9.385	8049
59902.841325	2216495386.000	  10.512	8049
59902.841441	2216495385.100	   6.742	8049
59902.841557	2216495383.900	   7.868	8049
59902.841788	2216495381.700	  12.169	8049
59902.841904	2216495380.600	   6.368	8049
59902.841904	2216495380.600	   6.377	8049
59902.842367	2216495375.400	   5.588	8049
59902.842714	2216495370.800	   5.614	8049
59902.842830	2216495372.200	   6.869	8049
59902.843640	2216495367.000	   8.952	8049
59902.843987	2216495363.200	   7.203	8049
59902.845029	2216495355.800	   7.977	8049
59902.845608	2216495350.500	   5.401	8049
59902.846418	2216495340.700	   6.057	8049
59902.846765	2216495340.700	   5.424	8049
59902.847228	2216495337.000	   6.399	8049
59902.847344	2216495334.300	   5.972	8049
59902.847807	2216495327.400	   5.846	8049
59902.848849	2216495319.100	   5.379	8049
59902.849196	2216495311.600	   7.910	8049
59902.849543	2216495313.200	   5.906	8049
59902.849774	2216495306.000	   6.367	8049
59902.850122	2216495302.900	   5.420	8049
59902.851048	2216495299.300	   5.015	8049
59902.851511	2216495293.500	   6.707	8049
59902.851627	2216495287.400	   5.313	8049
59902.852205	2216495289.400	   9.839	8049
59902.852552	2216495284.500	   6.402	8049
59902.853131	2216495275.400	   5.960	8049
59902.853594	2216495273.900	   7.597	8049
59902.853825	2216495269.400	   5.918	8049
59902.854057	2216495267.000	   5.229	8049
59902.854173	2216495266.400	   6.389	8049
59902.855099	2216495258.600	   6.640	8049
59902.855446	2216495255.700	   6.257	8049
59902.855562	2216495254.700	  11.433	8049
59902.855677	2216495253.700	  14.458	8049
59902.855793	2216495252.500	   9.597	8049
59902.855909	2216495251.300	   7.890	8049
59902.856024	2216495250.600	   7.198	8049
59902.856140	2216495249.600	  10.253	8049
59902.856256	2216495248.000	   5.176	8049
59902.856372	2216495247.500	  10.311	8049
59902.856487	2216495246.500	  14.079	8049
59902.856603	2216495245.600	   8.751	8049
59902.856719	2216495244.700	  14.127	8049
59902.856835	2216495243.700	  14.065	8049
59902.856950	2216495242.700	  18.036	8049
59902.857066	2216495241.700	  18.849	8049
59902.857066	2216495241.700	  18.859	8049
59902.857182	2216495240.500	  17.384	8049
59902.857298	2216495239.500	  15.564	8049
59902.857413	2216495238.500	  14.876	8049
59902.857529	2216495237.700	  11.318	8049
59902.857645	2216495236.600	  12.225	8049
59902.857761	2216495235.500	   7.726	8049
59902.857876	2216495234.700	  11.078	8049
59902.857992	2216495233.600	  13.235	8049
59902.858108	2216495232.700	   9.905	8049
59902.858224	2216495231.700	  12.593	8049
59902.858339	2216495230.400	   8.809	8049
59902.858455	2216495229.600	  14.429	8049
59902.858571	2216495228.300	   7.822	8049
59902.858686	2216495227.600	  10.254	8049
59902.858802	2216495226.500	  10.665	8049
59902.858918	2216495225.800	  19.607	8049
59902.859034	2216495224.800	  10.362	8049
59902.859150	2216495223.600	  10.422	8049
59902.859265	2216495222.900	   8.328	8049
59902.859381	2216495221.400	  14.068	8049
59902.859497	2216495220.600	   9.265	8049
59902.859613	2216495219.400	  15.898	8049
59902.859728	2216495218.300	   5.656	8049
59902.859844	2216495217.500	  12.734	8049
59902.859960	2216495216.500	  10.428	8049
59902.860075	2216495215.400	   7.812	8049
59902.860191	2216495214.500	   8.894	8049
59902.860307	2216495213.200	  14.199	8049
59902.860423	2216495212.600	  12.607	8049
59902.860538	2216495211.400	  24.760	8049
59902.860654	2216495210.400	   9.012	8049
59902.860770	2216495209.700	   7.413	8049
59902.860886	2216495208.400	  19.608	8049
59902.861002	2216495207.300	   9.899	8049
59902.861117	2216495206.200	  12.130	8049
59902.861233	2216495205.500	  20.114	8049
59902.861349	2216495204.600	   9.137	8049
59902.861464	2216495203.500	   9.042	8049
59902.861580	2216495202.300	   8.396	8049
59902.861696	2216495201.300	  11.879	8049
59902.861812	2216495200.100	  12.181	8049
59902.861927	2216495199.300	   5.074	8049
59902.862043	2216495198.300	  10.193	8049
59902.862274	2216495196.200	  11.995	8049
59902.862390	2216495195.200	   9.979	8049
59902.862506	2216495194.500	   6.435	8049
59902.862622	2216495193.400	  19.250	8049
59902.862737	2216495192.100	  12.710	8049
59902.862969	2216495190.000	  11.501	8049
59902.863085	2216495189.200	   9.983	8049
59902.863200	2216495188.200	  15.952	8049
59902.863316	2216495187.100	   9.981	8049
59902.863432	2216495185.800	   8.466	8049
59902.863548	2216495185.100	   8.135	8049
59902.863664	2216495184.200	   8.555	8049
59902.864242	2216495176.900	   5.353	8049
59902.864358	2216495177.600	   5.463	8049
59902.864474	2216495177.000	  12.677	8049
59902.864589	2216495176.100	   8.407	8049
59902.864705	2216495175.100	   6.979	8049
59902.864821	2216495173.800	   8.555	8049
59902.864936	2216495172.800	  10.893	8049
59902.865052	2216495172.000	  10.307	8049
59902.865168	2216495170.700	   7.497	8049
59902.865284	2216495169.800	  12.268	8049
59902.865400	2216495168.800	   5.553	8049
59902.865515	2216495167.800	  15.876	8049
59902.865631	2216495166.600	  11.394	8049
59902.865747	2216495166.000	  10.733	8049
59902.865863	2216495164.500	   8.596	8049
59902.865978	2216495163.700	  10.412	8049
59902.866094	2216495162.600	  11.078	8049
59902.866210	2216495162.000	   6.952	8049
59902.866326	2216495160.900	  12.920	8049
59902.866442	2216495159.900	  15.779	8049
59902.866557	2216495159.100	  13.050	8049
59902.866673	2216495158.200	  15.152	8049
59902.866789	2216495157.200	  10.795	8049
59902.866905	2216495156.300	  21.720	8049
59902.867020	2216495155.600	  13.477	8049
59902.867136	2216495154.800	  11.474	8049
59902.867251	2216495153.600	  12.359	8049
59902.867367	2216495152.700	  12.386	8049
59902.867483	2216495151.800	   5.543	8049
59902.867599	2216495151.300	  12.643	8049
59902.867714	2216495150.100	  12.666	8049
59902.867830	2216495149.000	   6.224	8049
59902.867946	2216495148.300	   8.816	8049
59902.868061	2216495147.400	   7.228	8049
59902.868177	2216495146.600	  10.944	8049
59902.868293	2216495145.800	  10.862	8049
59902.868409	2216495144.800	  11.516	8049
59902.868525	2216495144.200	   7.555	8049
59902.868640	2216495142.900	  15.880	8049
59902.868756	2216495141.900	  11.869	8049
59902.868872	2216495141.400	  10.494	8049
59902.868987	2216495140.400	  13.068	8049
59902.869103	2216495139.500	  12.777	8049
59902.869219	2216495138.400	  16.411	8049
59902.869335	2216495137.700	  21.589	8049
59902.869450	2216495136.800	  15.976	8049
59902.869566	2216495135.700	  20.388	8049
59902.869682	2216495134.900	   8.285	8049
59902.869798	2216495133.900	  35.574	8049
59902.869913	2216495133.200	  15.938	8049
59902.870029	2216495132.100	  16.146	8049
59902.870145	2216495131.200	  18.177	8049
59902.870145	2216495131.200	  18.173	8049
59902.870260	2216495130.500	   8.813	8049
59902.870376	2216495129.600	  14.514	8049
59902.870492	2216495128.700	  14.215	8049
59902.870608	2216495127.800	  10.888	8049
59902.870723	2216495126.800	  28.591	8049
59902.870839	2216495126.100	  15.326	8049
59902.870955	2216495125.100	  12.861	8049
59902.871071	2216495124.200	  13.669	8049
59902.871186	2216495123.400	   9.505	8049
59902.871302	2216495122.500	  11.192	8049
59902.871418	2216495121.600	   6.310	8049
59902.871534	2216495120.600	  10.163	8049
59902.871649	2216495119.900	  13.312	8049
59902.871765	2216495118.700	  11.464	8049
59902.871881	2216495117.700	  11.738	8049
59902.871997	2216495117.100	   7.428	8049
59902.872112	2216495116.100	  14.959	8049
59902.872228	2216495114.900	  11.345	8049
59902.872344	2216495114.200	  18.848	8049
59902.872460	2216495113.500	   8.791	8049
59902.872575	2216495112.400	  19.629	8049
59902.872691	2216495111.300	   9.327	8049
59902.872807	2216495110.600	  11.769	8049
59902.872923	2216495109.600	  13.241	8049
59902.873038	2216495108.900	   7.456	8049
59902.873154	2216495107.700	   8.324	8049
59902.873270	2216495107.000	   8.667	8049
59902.873386	2216495106.400	   8.188	8049
59902.873501	2216495105.400	  14.002	8049
59902.873617	2216495104.200	  15.554	8049
59902.873733	2216495103.400	   8.786	8049
59902.873849	2216495102.500	   9.527	8049
59902.873964	2216495101.600	  12.883	8049
59902.874080	2216495100.700	  18.395	8049
59902.874196	2216495100.000	  16.207	8049
59902.874311	2216495099.000	  13.474	8049
59902.874427	2216495098.200	   9.113	8049
59902.874543	2216495097.100	   7.683	8049
59902.874659	2216495096.000	   8.852	8049
59902.874774	2216495095.200	   8.800	8049
59902.874890	2216495094.200	  11.354	8049
59902.875006	2216495093.500	  10.671	8049
59902.875122	2216495092.500	   6.298	8049
59902.875237	2216495091.700	  11.963	8049
59902.875353	2216495090.700	  14.123	8049
59902.875469	2216495089.700	   9.242	8049
59902.875585	2216495089.000	  13.330	8049
59902.875701	2216495088.100	  18.373	8049
59902.875817	2216495087.000	   7.294	8049
59902.875932	2216495086.200	  18.357	8049
59902.876048	2216495085.300	  15.002	8049
59902.876164	2216495084.100	  13.973	8049
59902.876279	2216495083.200	  10.382	8049
59902.876395	2216495082.200	   8.728	8049
