59900.599618	2216492158.100	   9.475	8049
59900.599734	2216492157.700	  40.920	8049
59900.599850	2216492157.100	  11.269	8049
59900.599965	2216492156.400	   9.860	8049
59900.600081	2216492155.900	  16.431	8049
59900.600197	2216492155.300	  13.856	8049
59900.600313	2216492154.700	  13.334	8049
59900.600428	2216492154.300	  13.040	8049
59900.600544	2216492153.500	  13.544	8049
59900.600660	2216492152.900	  10.729	8049
59900.600776	2216492152.500	  21.236	8049
59900.600891	2216492151.800	   7.774	8049
59900.601007	2216492151.200	  25.903	8049
59900.601123	2216492150.700	  14.922	8049
59900.601239	2216492150.100	  13.068	8049
59900.601354	2216492149.500	  10.227	8049
59900.601470	2216492149.300	  22.408	8049
59900.601586	2216492148.800	  12.637	8049
59900.601702	2216492148.500	  18.629	8049
59900.601818	2216492147.900	  16.410	8049
59900.601933	2216492147.400	  21.524	8049
59900.602049	2216492147.100	  12.227	8049
59900.602165	2216492146.300	  31.816	8049
59900.602280	2216492146.000	  18.513	8049
59900.602396	2216492145.500	  14.309	8049
59900.602512	2216492144.900	   9.479	8049
59900.602628	2216492144.600	  15.836	8049
59900.602743	2216492144.200	  15.274	8049
59900.602975	2216492143.100	  26.518	8049
59900.603091	2216492142.600	  16.914	8049
59900.603206	2216492142.300	  12.111	8049
59900.603322	2216492141.700	  14.316	8049
59900.603438	2216492141.000	  15.349	8049
59900.603554	2216492140.600	  12.134	8049
59900.603669	2216492140.200	  17.196	8049
59900.603785	2216492139.700	  13.702	8049
59900.603901	2216492139.200	  10.235	8049
59900.604016	2216492138.700	  15.403	8049
59900.604132	2216492138.200	  16.907	8049
59900.604248	2216492137.400	  10.411	8049
59900.604364	2216492137.200	  18.236	8049
59900.604479	2216492136.600	   8.672	8049
59900.604595	2216492135.900	  11.550	8049
59900.604711	2216492135.700	  10.272	8049
59900.604827	2216492134.900	   9.005	8049
59900.604942	2216492134.600	  13.481	8049
59900.605058	2216492134.200	   9.597	8049
59900.605174	2216492133.300	  16.667	8049
59900.605290	2216492133.100	  13.323	8049
59900.605405	2216492132.400	  12.232	8049
59900.605521	2216492131.900	  10.475	8049
59900.605637	2216492131.500	  13.514	8049
59900.605752	2216492131.000	  24.629	8049
59900.605868	2216492130.300	  19.804	8049
59900.606794	2216492125.700	   6.284	8049
59900.606910	2216492125.500	   6.437	8049
59900.607605	2216492122.000	   7.095	8049
59900.608067	2216492119.800	   6.642	8049
59900.608878	2216492116.100	   7.121	8049
59900.609109	2216492114.700	   5.807	8049
59900.609225	2216492114.100	  10.943	8049
59900.609572	2216492112.300	   7.307	8049
59900.609688	2216492111.700	  20.118	8049
59900.609804	2216492110.900	   5.354	8049
59900.610035	2216492109.900	  10.433	8049
59900.610151	2216492109.300	  10.675	8049
59900.610382	2216492108.100	  10.493	8049
59900.610498	2216492107.600	   6.259	8049
59900.610845	2216492105.800	   7.380	8049
59900.610961	2216492105.200	   9.526	8049
59900.610961	2216492105.200	   9.922	8049
59900.611308	2216492103.100	   8.237	8049
59900.611655	2216492101.200	   9.262	8049
59900.612118	2216492098.900	  10.085	8049
59900.612466	2216492096.700	  10.211	8049
59900.612581	2216492096.100	  12.172	8049
59900.612813	2216492094.900	   7.870	8049
59900.612929	2216492094.200	   6.959	8049
59900.613044	2216492093.600	   6.250	8049
59900.613160	2216492093.000	   9.275	8049
59900.613276	2216492092.200	   8.255	8049
59900.613507	2216492091.100	  11.781	8049
59900.613623	2216492090.100	   7.938	8049
59900.613739	2216492089.600	  22.680	8049
59900.613855	2216492089.100	  17.217	8049
59900.613970	2216492088.100	   6.795	8049
59900.614086	2216492087.800	   6.637	8049
59900.614202	2216492087.200	   6.224	8049
59900.614549	2216492085.200	   6.649	8049
59900.614780	2216492083.700	   6.400	8049
59900.614896	2216492082.800	   9.874	8049
59900.615012	2216492082.300	   7.534	8049
59900.615128	2216492081.400	   5.865	8049
59900.615359	2216492080.300	  11.689	8049
59900.616517	2216492073.500	  10.705	8049
59900.616632	2216492073.000	  17.054	8049
59900.616748	2216492072.700	   6.557	8049
59900.616980	2216492071.100	  11.782	8049
59900.617095	2216492070.800	   7.303	8049
59900.617327	2216492069.300	  11.650	8049
59900.617442	2216492069.100	   6.866	8049
59900.617558	2216492068.200	  13.239	8049
59900.617674	2216492067.600	   9.069	8049
59900.617790	2216492067.100	  21.335	8049
59900.618021	2216492065.800	   6.457	8049
59900.618137	2216492065.300	   8.435	8049
59900.618253	2216492064.600	  14.818	8049
59900.618368	2216492064.100	   5.248	8049
59900.618484	2216492063.600	   5.645	8049
59900.618600	2216492062.800	   8.803	8049
59900.618716	2216492062.300	   9.200	8049
59900.618831	2216492061.600	   8.929	8049
59900.618947	2216492060.600	  11.309	8049
59900.619063	2216492060.300	  13.921	8049
59900.619294	2216492059.500	   5.158	8049
59900.619410	2216492058.300	  13.488	8049
59900.619873	2216492055.900	   6.766	8049
59900.620220	2216492054.500	   7.986	8049
59900.620567	2216492052.100	   6.540	8049
59900.620683	2216492051.500	   7.664	8049
59900.621030	2216492049.700	   5.967	8049
59900.621493	2216492047.200	   7.788	8049
59900.621609	2216492046.200	  12.126	8049
59900.621725	2216492045.700	  12.551	8049
59900.621841	2216492045.100	   9.079	8049
59900.621956	2216492044.200	  12.226	8049
59900.622072	2216492043.700	  24.506	8049
59900.622188	2216492043.000	  22.187	8049
59900.622303	2216492042.400	  10.030	8049
59900.622419	2216492041.500	  15.060	8049
59900.622535	2216492041.100	  23.410	8049
59900.622651	2216492040.300	  28.597	8049
59900.622766	2216492039.400	  15.657	8049
59900.622882	2216492038.700	   9.040	8049
59900.622998	2216492038.300	  14.462	8049
59900.623114	2216492037.700	  15.585	8049
59900.623229	2216492036.900	  16.047	8049
59900.623345	2216492036.300	  15.105	8049
59900.623461	2216492035.400	  10.394	8049
59900.623577	2216492034.900	   8.110	8049
59900.623692	2216492034.200	  14.316	8049
59900.623808	2216492033.500	  17.153	8049
59900.623924	2216492033.000	  13.953	8049
59900.624040	2216492032.000	  14.347	8049
59900.624155	2216492031.600	  12.077	8049
59900.624271	2216492030.600	  13.609	8049
59900.624387	2216492030.100	  13.660	8049
59900.624503	2216492029.500	  10.356	8049
59900.624618	2216492028.700	  19.197	8049
59900.624734	2216492028.000	  19.210	8049
59900.624850	2216492027.300	  12.185	8049
59900.624966	2216492026.500	  14.174	8049
59900.625081	2216492025.800	  11.015	8049
59900.625197	2216492025.200	  12.285	8049
59900.625313	2216492024.600	  12.987	8049
59900.625313	2216492024.600	  12.983	8049
59900.625429	2216492023.600	  12.122	8049
59900.625544	2216492023.100	  15.983	8049
59900.625660	2216492022.300	  21.339	8049
59900.625776	2216492021.700	  17.074	8049
59900.625892	2216492020.900	  11.656	8049
59900.626007	2216492019.900	  19.105	8049
59900.626123	2216492019.400	  11.645	8049
59900.626239	2216492018.600	  10.317	8049
59900.626355	2216492017.900	  13.931	8049
59900.626470	2216492017.600	   9.799	8049
59900.626586	2216492016.800	  18.166	8049
59900.626702	2216492016.000	  12.611	8049
59900.626817	2216492015.000	  13.933	8049
59900.626933	2216492014.200	  10.636	8049
59900.627049	2216492013.500	  18.560	8049
59900.627165	2216492012.900	  20.348	8049
59900.627280	2216492012.000	   9.150	8049
59900.627396	2216492011.200	  10.622	8049
59900.627512	2216492010.500	  20.526	8049
59900.627628	2216492009.700	  12.495	8049
59900.627743	2216492009.300	  12.558	8049
59900.627859	2216492008.400	   9.848	8049
59900.627975	2216492007.700	   9.264	8049
59900.628091	2216492006.900	  23.257	8049
59900.628206	2216492006.200	   7.368	8049
59900.628322	2216492005.500	  13.638	8049
59900.628438	2216492004.800	  19.769	8049
59900.628554	2216492003.900	   9.305	8049
59900.628669	2216492003.200	  18.311	8049
59900.628785	2216492002.300	  10.760	8049
59900.628901	2216492001.500	  16.701	8049
59900.629016	2216492000.700	  14.579	8049
59900.629132	2216492000.100	  11.695	8049
59900.629248	2216491999.500	  12.554	8049
59900.629364	2216491998.800	  16.682	8049
59900.629479	2216491997.700	  14.864	8049
59900.629595	2216491996.900	  12.179	8049
59900.629711	2216491996.200	  10.826	8049
59900.629827	2216491995.500	  14.969	8049
59900.629942	2216491994.700	  12.666	8049
59900.630058	2216491994.000	  13.897	8049
59900.630174	2216491993.300	  11.756	8049
59900.630290	2216491992.200	   7.377	8049
59900.630406	2216491991.800	  10.646	8049
59900.630521	2216491990.900	   8.787	8049
59900.630637	2216491990.100	  15.879	8049
59900.630753	2216491989.100	  15.834	8049
59900.630868	2216491988.500	  14.665	8049
59900.630984	2216491987.600	  21.019	8049
59900.631100	2216491986.800	  11.762	8049
59900.631216	2216491986.100	   6.826	8049
59900.631331	2216491985.200	  21.115	8049
59900.631447	2216491984.400	   9.814	8049
59900.631563	2216491983.700	  19.549	8049
59900.631678	2216491983.100	  14.349	8049
59900.631794	2216491982.000	  20.467	8049
59900.631910	2216491981.300	  10.749	8049
59900.632026	2216491980.300	  13.231	8049
59900.632142	2216491979.800	  12.860	8049
59900.632257	2216491979.000	   8.458	8049
59900.632373	2216491978.100	  15.694	8049
59900.632489	2216491977.500	  11.102	8049
59900.632604	2216491976.800	  14.920	8049
59900.632720	2216491975.700	  12.728	8049
59900.632836	2216491975.300	  13.119	8049
59900.632952	2216491974.400	  17.758	8049
59900.633067	2216491973.700	  17.017	8049
59900.633183	2216491973.100	  13.288	8049
59900.633299	2216491972.400	  15.591	8049
59900.633415	2216491971.700	   7.716	8049
59900.633530	2216491971.200	  13.684	8049
59900.633646	2216491970.100	   9.976	8049
59900.633762	2216491969.400	  19.590	8049
59900.633878	2216491968.900	  26.707	8049
59900.633993	2216491967.900	  11.229	8049
59900.634109	2216491967.300	  22.595	8049
59900.634225	2216491966.700	   8.486	8049
59900.634340	2216491965.900	   8.597	8049
59900.634456	2216491965.300	  12.458	8049
59900.634572	2216491964.400	  11.691	8049
59900.634688	2216491963.800	  14.484	8049
59900.634803	2216491963.000	  11.486	8049
59900.634919	2216491962.400	  14.050	8049
59900.635035	2216491961.700	  29.923	8049
59900.635151	2216491960.800	  10.918	8049
59900.635961	2216491955.900	   7.225	8049
59900.636771	2216491950.600	   8.935	8049
59900.637234	2216491947.600	   5.271	8049
59900.637581	2216491945.500	   6.178	8049
59900.638160	2216491942.000	   6.696	8049
59900.638392	2216491939.600	  12.930	8049
59900.638623	2216491938.400	   5.944	8049
59900.638855	2216491936.900	  10.043	8049
59900.638970	2216491936.100	   6.926	8049
59900.639317	2216491933.600	   9.685	8049
59900.639433	2216491932.900	  10.518	8049
59900.639780	2216491930.300	   8.218	8049
59900.640012	2216491928.200	   6.124	8049
59900.640243	2216491927.300	   7.286	8049
59900.640591	2216491924.800	  12.385	8049
59900.640706	2216491924.100	  13.325	8049
59900.640822	2216491923.200	   5.117	8049
59900.640938	2216491922.300	   5.438	8049
59900.641054	2216491921.900	   9.041	8049
59900.641169	2216491921.300	   5.008	8049
59900.641401	2216491919.300	   9.637	8049
59900.641516	2216491918.300	   6.291	8049
59900.641632	2216491917.800	   5.876	8049
59900.641864	2216491916.400	   7.350	8049
59900.641979	2216491915.200	   8.946	8049
59900.642211	2216491913.400	   6.662	8049
59900.642327	2216491912.900	   9.705	8049
59900.642442	2216491912.100	   5.763	8049
59900.643484	2216491904.100	   7.692	8049
59900.643600	2216491903.700	   6.232	8049
59900.643715	2216491902.700	   5.213	8049
59900.643831	2216491902.000	   9.563	8049
59900.643947	2216491901.100	   7.466	8049
59900.644063	2216491900.000	  12.212	8049
59900.644178	2216491899.600	  11.024	8049
59900.644294	2216491898.800	   9.700	8049
59900.644410	2216491897.900	   8.867	8049
59900.644526	2216491897.000	  17.746	8049
59900.644641	2216491896.100	   7.000	8049
59900.644757	2216491895.100	  14.263	8049
59900.644873	2216491894.300	  12.357	8049
59900.644989	2216491893.300	  20.137	8049
59900.645104	2216491892.500	  10.569	8049
59900.645220	2216491892.000	   5.734	8049
59900.645336	2216491891.000	   9.976	8049
59900.645452	2216491890.300	   6.785	8049
59900.645567	2216491889.000	   7.177	8049
59900.645683	2216491888.300	  10.808	8049
59900.645799	2216491887.300	   7.125	8049
59900.645915	2216491886.700	  14.329	8049
59900.646030	2216491885.600	  18.646	8049
59900.646146	2216491884.900	  13.785	8049
59900.646262	2216491884.100	  11.723	8049
59900.646378	2216491883.200	  10.868	8049
59900.646493	2216491882.300	  10.541	8049
59900.646609	2216491881.400	   9.307	8049
59900.646725	2216491880.400	   8.354	8049
59900.646840	2216491879.600	  18.347	8049
59900.646956	2216491878.700	  14.612	8049
59900.647072	2216491877.800	  14.007	8049
59900.647188	2216491877.000	  12.597	8049
59900.647303	2216491876.100	   9.017	8049
59900.647419	2216491875.200	  12.045	8049
59900.647535	2216491874.400	   7.856	8049
59900.647651	2216491873.300	   9.885	8049
59900.647766	2216491872.500	  22.323	8049
59900.647882	2216491871.600	  15.231	8049
59900.647998	2216491870.700	   8.505	8049
59900.648114	2216491869.700	  13.089	8049
59900.648229	2216491868.900	   7.042	8049
59900.648345	2216491867.900	  15.736	8049
59900.648461	2216491867.100	  12.309	8049
59900.648577	2216491866.300	  17.912	8049
59900.648692	2216491865.300	   9.339	8049
59900.648808	2216491864.500	  17.131	8049
59900.648924	2216491863.800	  17.701	8049
59900.649040	2216491862.700	  16.412	8049
59900.649155	2216491861.700	  12.109	8049
59900.649271	2216491860.900	   8.915	8049
59900.649387	2216491860.200	   8.725	8049
59900.649503	2216491859.000	  10.761	8049
59900.649618	2216491858.200	  18.568	8049
59900.649734	2216491857.300	  21.517	8049
59900.649850	2216491856.600	   9.206	8049
59900.649965	2216491855.200	  14.637	8049
59900.650081	2216491854.500	  13.602	8049
59900.650197	2216491853.600	  13.696	8049
59900.650313	2216491853.100	  13.351	8049
59900.650428	2216491852.400	  12.802	8049
59900.650544	2216491851.300	  15.141	8049
59900.650660	2216491850.600	   9.010	8049
59900.650776	2216491849.700	  10.938	8049
59900.650891	2216491848.900	  13.260	8049
59900.651007	2216491848.400	  10.328	8049
59900.651123	2216491847.200	   9.024	8049
59900.651239	2216491846.500	   7.153	8049
59900.651354	2216491845.700	  24.957	8049
59900.651470	2216491844.800	  11.658	8049
59900.651586	2216491843.900	   8.576	8049
59900.651702	2216491843.200	  12.505	8049
59900.651817	2216491842.300	  13.393	8049
59900.651933	2216491841.200	  12.018	8049
59900.652049	2216491840.500	   8.841	8049
59900.652165	2216491840.000	  21.554	8049
59900.652280	2216491839.100	   8.557	8049
59900.652396	2216491838.100	   7.078	8049
59900.652512	2216491837.400	  14.232	8049
59900.652628	2216491836.700	  15.058	8049
59900.652743	2216491835.700	  16.105	8049
59900.652859	2216491834.700	  14.716	8049
59900.652975	2216491833.900	   7.767	8049
59900.653091	2216491833.200	  19.035	8049
59900.653206	2216491832.100	  10.508	8049
59900.653322	2216491831.500	   9.109	8049
59900.653438	2216491830.600	  22.017	8049
59900.653553	2216491829.600	  16.044	8049
59900.653669	2216491828.900	  19.910	8049
59900.653785	2216491828.000	   7.974	8049
59900.653901	2216491827.000	   8.125	8049
59900.654017	2216491826.400	  11.001	8049
59900.654132	2216491825.500	  11.053	8049
59900.654248	2216491824.700	  15.360	8049
59900.654364	2216491823.600	  17.294	8049
59900.654479	2216491823.200	  18.308	8049
59900.654595	2216491822.000	  18.581	8049
59900.654711	2216491821.100	   9.689	8049
59900.654827	2216491820.300	  18.555	8049
59900.654942	2216491819.500	  19.553	8049
59900.655058	2216491818.600	  11.197	8049
59900.655174	2216491817.700	  13.741	8049
59900.655290	2216491816.900	  10.121	8049
59900.655405	2216491815.700	  12.968	8049
59900.655521	2216491815.000	   9.744	8049
59900.655637	2216491814.600	  13.247	8049
59900.655753	2216491813.500	  15.707	8049
59900.655868	2216491812.700	   9.118	8049
59900.655984	2216491811.900	   6.956	8049
59900.656215	2216491809.800	   7.439	8049
59900.656447	2216491808.200	   6.442	8049
59900.656678	2216491806.300	   7.907	8049
59900.656910	2216491804.600	   5.895	8049
59900.657026	2216491803.800	  10.069	8049
59900.657141	2216491802.600	   7.470	8049
59900.657257	2216491802.000	   5.585	8049
59900.657373	2216491800.200	   5.843	8049
59900.657489	2216491800.400	   8.612	8049
59900.657604	2216491799.100	   8.577	8049
59900.657952	2216491796.700	   6.975	8049
59900.658067	2216491795.700	   9.324	8049
59900.658299	2216491793.900	   5.584	8049
59900.658646	2216491791.300	   5.794	8049
59900.658762	2216491790.400	   7.540	8049
59900.658993	2216491788.600	   5.080	8049
59900.659109	2216491788.000	   5.313	8049
59900.659340	2216491785.900	   9.648	8049
59900.659456	2216491784.900	  11.452	8049
59900.659572	2216491784.200	   8.031	8049
59900.660035	2216491780.100	   8.046	8049
59900.660151	2216491779.400	   7.162	8049
59900.660267	2216491778.700	   5.706	8049
59900.660614	2216491775.900	   5.428	8049
59900.660845	2216491773.800	   8.591	8049
59900.661077	2216491772.000	   8.267	8049
59900.661192	2216491771.200	   7.114	8049
59900.661308	2216491770.500	   8.525	8049
59900.662003	2216491764.600	   5.040	8049
59900.662350	2216491761.900	   5.844	8049
59900.662581	2216491759.800	   8.807	8049
59900.662929	2216491757.200	   7.311	8049
59900.663044	2216491756.300	   7.010	8049
59900.663391	2216491753.200	   5.786	8049
59900.663623	2216491751.600	   7.059	8049
59900.663970	2216491748.300	   8.590	8049
59900.664086	2216491747.500	  13.419	8049
59900.664202	2216491746.500	   9.500	8049
59900.664317	2216491745.700	  12.770	8049
59900.664433	2216491745.000	  11.885	8049
59900.664433	2216491745.000	  11.885	8049
59900.664549	2216491744.000	   9.812	8049
59900.664665	2216491742.700	   7.984	8049
59900.664780	2216491741.600	  10.880	8049
59900.665012	2216491739.700	   6.470	8049
59900.665127	2216491738.900	  15.914	8049
59900.665243	2216491738.100	  10.420	8049
59900.665359	2216491737.100	   5.058	8049
59900.665475	2216491736.200	   7.777	8049
59900.665706	2216491734.100	   9.868	8049
59900.665822	2216491733.200	   5.530	8049
59900.665938	2216491732.300	   7.483	8049
59900.666053	2216491731.300	  12.576	8049
59900.666169	2216491730.500	   5.288	8049
59900.666285	2216491729.200	   8.149	8049
59900.666401	2216491728.300	   6.997	8049
59900.666516	2216491727.200	   8.253	8049
59900.666632	2216491726.400	   9.639	8049
59900.666748	2216491725.000	  12.030	8049
59900.666864	2216491724.400	   7.962	8049
59900.666979	2216491723.500	   9.482	8049
59900.667095	2216491722.300	  12.753	8049
59900.667211	2216491721.300	  16.442	8049
59900.667327	2216491720.500	   8.260	8049
59900.667442	2216491719.300	  12.180	8049
59900.667558	2216491718.300	   5.233	8049
59900.667674	2216491717.600	  10.328	8049
59900.667790	2216491716.200	  10.635	8049
59900.667905	2216491715.000	  13.514	8049
59900.668021	2216491714.600	   6.607	8049
59900.668137	2216491713.800	   7.721	8049
59900.668253	2216491712.700	  14.523	8049
59900.668368	2216491711.800	   9.863	8049
59900.668484	2216491710.500	  14.834	8049
59900.668600	2216491709.600	   6.716	8049
59900.668715	2216491708.700	   7.224	8049
59900.668831	2216491707.900	   7.690	8049
59900.668947	2216491706.400	   9.048	8049
59900.669063	2216491705.500	  14.858	8049
59900.669179	2216491704.700	  16.940	8049
59900.669294	2216491703.600	   9.946	8049
59900.669410	2216491702.700	   8.779	8049
59900.669526	2216491701.500	   8.088	8049
59900.669641	2216491700.600	   9.847	8049
59900.669757	2216491699.400	  10.261	8049
59900.669989	2216491697.400	   5.781	8049
59900.670220	2216491696.200	   6.091	8049
59900.670568	2216491693.200	   7.295	8049
59900.670683	2216491692.400	   7.801	8049
59900.670799	2216491690.900	  14.598	8049
59900.671146	2216491688.700	   8.835	8049
59900.671378	2216491686.600	   7.652	8049
59900.671493	2216491685.600	   7.769	8049
59900.671609	2216491684.900	  10.418	8049
59900.671956	2216491681.000	   7.396	8049
59900.672188	2216491680.000	   5.980	8049
59900.672304	2216491679.300	   5.147	8049
59900.672535	2216491677.200	   6.634	8049
59900.672766	2216491675.400	   5.096	8049
59900.672882	2216491674.400	   5.789	8049
59900.673114	2216491672.300	   8.557	8049
59900.673345	2216491670.500	   5.314	8049
59900.673808	2216491666.700	   8.454	8049
59900.674040	2216491664.700	  11.383	8049
59900.674271	2216491663.000	   7.703	8049
59900.674618	2216491659.000	   6.899	8049
59900.674966	2216491657.200	   7.021	8049
59900.675776	2216491650.500	   6.378	8049
59900.676239	2216491646.600	   5.269	8049
59900.676817	2216491641.800	   9.996	8049
59900.676933	2216491640.800	   5.633	8049
59900.677165	2216491639.300	   6.085	8049
59900.677512	2216491635.800	   9.404	8049
59900.677975	2216491631.100	   6.675	8049
59900.678206	2216491630.100	   8.035	8049
59900.678438	2216491628.300	   5.405	8049
59900.678669	2216491626.100	  10.318	8049
59900.678901	2216491623.700	   6.222	8049
59900.679017	2216491622.800	   6.909	8049
59900.679132	2216491622.300	   6.294	8049
59900.679479	2216491619.100	   5.449	8049
59900.679711	2216491617.200	   5.390	8049
59900.680290	2216491612.300	   5.690	8049
59900.680405	2216491611.300	   5.775	8049
59900.680521	2216491610.300	   5.162	8049
59900.680637	2216491608.900	   5.360	8049
59900.680753	2216491608.000	   6.431	8049
59900.680868	2216491606.800	   5.141	8049
59900.680984	2216491606.200	   7.700	8049
59900.681100	2216491605.300	   5.316	8049
59900.681331	2216491602.700	   6.158	8049
59900.681447	2216491602.000	   9.721	8049
59900.681563	2216491601.100	   8.205	8049
59900.681679	2216491600.100	   6.565	8049
59900.682141	2216491597.700	   5.578	8049
59900.682257	2216491595.200	   8.042	8049
59900.682836	2216491589.400	   5.189	8049
59900.682952	2216491588.700	   9.448	8049
59900.683067	2216491588.100	   7.270	8049
59900.683530	2216491583.400	   7.184	8049
59900.683646	2216491582.600	   9.047	8049
59900.683762	2216491581.700	   8.663	8049
59900.684225	2216491577.500	   9.074	8049
59900.684688	2216491573.300	   6.163	8049
59900.684919	2216491572.200	   5.552	8049
59900.685035	2216491570.400	  10.152	8049
59900.685151	2216491569.100	   5.777	8049
59900.685382	2216491566.100	   5.508	8049
59900.685729	2216491563.600	   7.997	8049
59900.686077	2216491560.700	   9.598	8049
59900.686192	2216491559.000	   5.649	8049
59900.686424	2216491556.900	   5.038	8049
59900.686771	2216491553.700	   5.211	8049
59900.687003	2216491552.800	   5.704	8049
59900.687118	2216491552.600	   5.459	8049
59900.687350	2216491549.800	   5.837	8049
59900.687466	2216491547.500	   5.144	8049
59900.687813	2216491545.400	   5.650	8049
59900.687929	2216491544.200	   6.825	8049
59900.688391	2216491540.400	   6.191	8049
59900.689202	2216491530.900	   5.511	8049
59900.690359	2216491522.600	   9.204	8049
59900.690706	2216491518.800	   5.180	8049
59900.690822	2216491517.900	   5.610	8049
59900.691864	2216491509.800	   6.430	8049
59900.692789	2216491499.200	   5.968	8049
59900.695104	2216491478.300	   8.712	8049
59900.695567	2216491473.800	   5.041	8049
59900.695799	2216491471.900	   7.647	8049
59900.696146	2216491468.600	   5.634	8049
59900.696262	2216491467.500	   8.246	8049
59900.696493	2216491466.100	   5.575	8049
59900.696725	2216491463.400	   9.191	8049
59900.696841	2216491462.400	   9.779	8049
59900.697072	2216491460.200	   6.361	8049
59900.697303	2216491457.800	   6.595	8049
59900.697651	2216491455.000	   5.191	8049
59900.697882	2216491453.400	   6.755	8049
59900.698229	2216491449.200	   5.759	8049
59900.698345	2216491448.900	   7.781	8049
59900.698808	2216491444.700	   6.018	8049
59900.699040	2216491442.500	   5.400	8049
59900.699387	2216491439.300	   9.080	8049
59900.699850	2216491434.900	   7.297	8049
59900.699966	2216491434.100	   6.654	8049
59900.700081	2216491432.900	   5.700	8049
59900.700313	2216491430.800	   8.915	8049
59900.700660	2216491427.500	   5.259	8049
59900.700892	2216491425.100	   6.129	8049
59900.702743	2216491408.600	   6.355	8049
59900.702859	2216491407.500	   5.144	8049
59900.702975	2216491405.700	   6.267	8049
59900.703090	2216491405.200	   5.092	8049
59900.703206	2216491403.900	   6.297	8049
59900.703553	2216491399.200	   5.970	8049
59900.704016	2216491395.400	   6.574	8049
59900.704711	2216491390.400	   6.963	8049
59900.705521	2216491380.700	   6.069	8049
59900.706331	2216491374.800	   5.111	8049
59900.706447	2216491374.100	  12.669	8049
59900.706563	2216491372.900	  11.305	8049
59900.706678	2216491371.800	  12.846	8049
59900.706794	2216491370.600	   9.446	8049
59900.706910	2216491369.300	   6.331	8049
59900.707026	2216491368.500	  14.654	8049
59900.707141	2216491367.600	  13.214	8049
59900.707257	2216491366.600	   7.581	8049
59900.707373	2216491365.100	  13.385	8049
59900.707489	2216491364.300	  10.412	8049
59900.707604	2216491363.100	   9.935	8049
59900.707720	2216491361.700	   5.781	8049
59900.707836	2216491360.900	  12.180	8049
59900.707952	2216491359.700	  12.769	8049
59900.708067	2216491358.700	   6.285	8049
59900.708183	2216491357.400	   8.145	8049
59900.708299	2216491356.500	  11.768	8049
59900.708415	2216491355.500	   9.383	8049
59900.708530	2216491354.300	  15.756	8049
59900.708646	2216491353.300	   8.157	8049
59900.708762	2216491352.200	  12.239	8049
59900.708993	2216491350.000	  10.502	8049
59900.709109	2216491348.900	  12.133	8049
59900.709341	2216491347.000	   6.041	8049
59900.709456	2216491345.500	   6.076	8049
59900.709572	2216491344.600	   5.721	8049
59900.709688	2216491343.000	   5.908	8049
59900.709803	2216491342.500	  10.852	8049
59900.709919	2216491341.300	  16.584	8049
59900.710035	2216491340.200	   8.490	8049
59900.710151	2216491339.200	  10.925	8049
59900.710267	2216491338.400	   8.462	8049
59900.710382	2216491336.600	   8.447	8049
59900.710498	2216491335.800	   8.895	8049
59900.710729	2216491333.400	  11.458	8049
59900.710845	2216491332.400	   9.979	8049
59900.710961	2216491331.200	  12.912	8049
59900.711077	2216491330.200	   9.636	8049
59900.711192	2216491328.800	  10.041	8049
59900.711308	2216491328.400	   8.695	8049
59900.711424	2216491326.800	   8.675	8049
59900.711539	2216491326.000	   8.686	8049
59900.711655	2216491324.900	   8.148	8049
59900.711771	2216491323.400	   9.772	8049
59900.711887	2216491322.900	  12.453	8049
59900.712003	2216491321.700	   7.972	8049
59900.712118	2216491320.300	  17.876	8049
59900.712234	2216491319.200	  11.064	8049
59900.712350	2216491318.300	   8.928	8049
59900.712465	2216491316.900	  13.136	8049
59900.712581	2216491315.900	  13.069	8049
59900.712697	2216491314.800	  13.291	8049
59900.712813	2216491313.600	  14.206	8049
59900.712928	2216491312.700	  14.200	8049
59900.713044	2216491311.800	  18.135	8049
59900.713160	2216491310.600	   9.371	8049
59900.713276	2216491309.400	  13.133	8049
59900.713391	2216491308.300	  12.865	8049
59900.713507	2216491307.300	  13.343	8049
59900.713623	2216491305.800	   5.648	8049
59900.713739	2216491305.000	  10.776	8049
59900.713854	2216491303.700	   6.299	8049
59900.713970	2216491302.500	  12.317	8049
59900.714086	2216491301.400	   8.618	8049
59900.714202	2216491300.500	   9.515	8049
59900.714317	2216491299.600	   8.225	8049
59900.714433	2216491298.100	   6.314	8049
59900.714549	2216491297.100	   8.031	8049
59900.714665	2216491296.000	   8.999	8049
59900.714896	2216491293.700	  12.618	8049
59900.715243	2216491290.800	  10.615	8049
59900.715359	2216491289.500	  10.905	8049
59900.715475	2216491288.300	   7.726	8049
59900.715590	2216491287.200	   5.355	8049
59900.715706	2216491286.200	   9.294	8049
59900.715822	2216491284.900	   6.037	8049
59900.715822	2216491284.900	   6.051	8049
59900.715938	2216491283.900	   5.718	8049
59900.716053	2216491282.900	   8.501	8049
59900.716169	2216491281.500	   7.249	8049
59900.716285	2216491280.700	   9.290	8049
59900.716401	2216491279.700	   6.745	8049
59900.716516	2216491278.300	  10.020	8049
59900.716632	2216491277.200	   6.134	8049
59900.716748	2216491276.100	   7.621	8049
59900.716864	2216491274.800	   5.750	8049
59900.716979	2216491273.900	   5.633	8049
59900.717095	2216491272.500	  14.199	8049
59900.717211	2216491271.600	   6.403	8049
59900.717674	2216491267.100	   7.949	8049
59900.717790	2216491266.100	   7.246	8049
59900.718021	2216491263.700	  10.607	8049
59900.718252	2216491261.600	   7.959	8049
59900.718368	2216491260.500	   6.968	8049
59900.718715	2216491257.300	   7.766	8049
59900.718831	2216491255.800	   6.399	8049
59900.718947	2216491254.900	   7.767	8049
59900.719063	2216491253.700	   6.927	8049
59900.719410	2216491250.800	   8.796	8049
59900.719526	2216491249.100	   5.316	8049
59900.719641	2216491248.400	   9.464	8049
59900.719757	2216491247.100	  10.757	8049
59900.719873	2216491246.000	   9.217	8049
59900.719989	2216491245.000	   5.831	8049
59900.720104	2216491243.700	   6.678	8049
59900.720336	2216491242.300	   7.067	8049
59900.720452	2216491240.300	   5.828	8049
59900.720567	2216491239.400	   6.474	8049
59900.720683	2216491238.400	  10.576	8049
59900.720799	2216491236.900	   7.187	8049
59900.721030	2216491234.900	   7.521	8049
59900.721146	2216491233.500	   6.850	8049
59900.721262	2216491232.800	   6.162	8049
59900.722072	2216491224.800	   5.147	8049
59900.722419	2216491221.400	   5.302	8049
59900.722535	2216491221.000	   5.286	8049
59900.722882	2216491217.100	   6.566	8049
59900.723114	2216491214.500	   7.840	8049
59900.723461	2216491211.400	   6.237	8049
59900.723924	2216491207.100	   5.690	8049
59900.724271	2216491203.600	   8.171	8049
59900.724387	2216491202.100	   7.810	8049
59900.724503	2216491201.200	   6.178	8049
59900.724618	2216491199.300	   5.478	8049
59900.724734	2216491198.400	   5.706	8049
59900.724850	2216491198.000	   5.505	8049
59900.725081	2216491195.500	   7.582	8049
59900.725313	2216491193.200	   5.602	8049
59900.725428	2216491191.800	   6.030	8049
59900.725544	2216491191.100	   7.434	8049
59900.725891	2216491187.600	   9.278	8049
59900.726007	2216491186.400	   7.253	8049
59900.726470	2216491183.300	   6.190	8049
59900.727165	2216491175.500	   5.650	8049
59900.727628	2216491170.700	   5.814	8049
59900.727743	2216491169.700	   5.940	8049
59900.727975	2216491167.700	   5.312	8049
59900.728091	2216491166.400	   8.747	8049
59900.728322	2216491164.100	   6.697	8049
59900.728438	2216491163.000	   9.151	8049
59900.728553	2216491162.300	   6.326	8049
59900.728785	2216491159.800	   8.294	8049
59900.728901	2216491158.800	   6.600	8049
59900.729132	2216491156.000	   7.780	8049
59900.729479	2216491152.900	   9.739	8049
59900.729595	2216491151.700	   6.495	8049
59900.729711	2216491150.900	   6.211	8049
59900.729827	2216491149.400	   8.174	8049
59900.729942	2216491148.500	   8.658	8049
59900.730058	2216491147.400	  14.373	8049
59900.730174	2216491146.200	   7.686	8049
59900.730289	2216491144.700	  10.282	8049
59900.730405	2216491143.800	   5.603	8049
59900.730521	2216491142.600	   5.286	8049
59900.730753	2216491140.700	  11.117	8049
59900.730984	2216491138.400	   7.509	8049
59900.731100	2216491137.400	   8.100	8049
59900.731216	2216491136.000	   7.133	8049
59900.731331	2216491135.200	   7.034	8049
59900.731447	2216491133.800	   6.337	8049
59900.731794	2216491130.500	   8.048	8049
59900.731910	2216491129.400	  10.425	8049
59900.732026	2216491128.200	   8.679	8049
59900.732141	2216491127.100	   8.321	8049
59900.732257	2216491126.100	   8.698	8049
59900.732373	2216491124.700	   5.110	8049
59900.732489	2216491123.800	   6.620	8049
59900.732605	2216491122.800	   5.286	8049
59900.732720	2216491121.600	  11.623	8049
59900.732836	2216491120.400	   8.560	8049
59900.732951	2216491119.200	   9.064	8049
59900.733067	2216491118.100	   8.145	8049
59900.733183	2216491116.900	   9.579	8049
59900.733530	2216491114.000	   6.362	8049
59900.733762	2216491111.300	   5.327	8049
59900.733878	2216491110.100	   8.099	8049
59900.733993	2216491109.400	   7.739	8049
59900.734109	2216491108.100	   9.304	8049
59900.734225	2216491107.000	  10.803	8049
59900.734340	2216491105.700	  14.594	8049
59900.734456	2216491104.700	   7.990	8049
59900.734572	2216491103.500	  12.351	8049
59900.734688	2216491102.200	  12.045	8049
59900.734803	2216491101.300	  12.034	8049
59900.734919	2216491100.200	  14.380	8049
59900.735035	2216491098.900	  15.523	8049
59900.735151	2216491097.800	   8.767	8049
59900.735266	2216491096.800	   8.842	8049
59900.735382	2216491095.700	  12.284	8049
59900.735498	2216491094.700	  13.110	8049
59900.735614	2216491093.400	  12.028	8049
59900.735729	2216491092.400	  11.026	8049
59900.735845	2216491091.300	   9.059	8049
59900.735961	2216491090.000	  11.204	8049
59900.736077	2216491089.200	   9.705	8049
59900.736192	2216491087.900	  15.797	8049
59900.736308	2216491086.600	  11.506	8049
59900.736424	2216491085.800	  10.398	8049
59900.736540	2216491084.400	  11.789	8049
59900.736540	2216491084.400	  11.793	8049
59900.736655	2216491083.500	  13.076	8049
59900.736771	2216491082.300	  13.208	8049
59900.736887	2216491081.000	  18.620	8049
59900.737003	2216491079.800	  17.006	8049
59900.737118	2216491079.100	  13.858	8049
59900.737234	2216491077.700	  17.160	8049
59900.737350	2216491076.500	  10.061	8049
59900.737465	2216491075.600	  16.597	8049
59900.737581	2216491074.800	   8.174	8049
59900.737697	2216491073.500	  13.823	8049
59900.737813	2216491072.500	  10.988	8049
59900.737928	2216491071.000	   7.959	8049
59900.738044	2216491070.000	  11.889	8049
59900.738160	2216491068.800	   8.501	8049
59900.738276	2216491067.900	   8.810	8049
59900.738392	2216491066.800	  10.231	8049
59900.738507	2216491065.800	   8.643	8049
59900.738623	2216491064.400	   9.899	8049
59900.738739	2216491063.300	  20.252	8049
59900.738854	2216491062.600	   9.757	8049
59900.738970	2216491061.000	   7.749	8049
59900.739086	2216491060.100	  12.284	8049
59900.739202	2216491058.900	   6.845	8049
59900.739317	2216491057.800	  11.108	8049
59900.739433	2216491056.800	  20.302	8049
59900.739549	2216491055.500	   7.963	8049
59900.739665	2216491054.500	   9.005	8049
59900.739780	2216491053.100	  12.006	8049
59900.739896	2216491052.100	   9.148	8049
59900.740243	2216491049.000	   6.440	8049
59900.740590	2216491045.400	   5.840	8049
59900.740706	2216491045.600	   6.139	8049
59900.740938	2216491042.200	   5.368	8049
59900.741054	2216491040.900	   6.468	8049
59900.741169	2216491040.000	  10.389	8049
59900.741517	2216491036.500	  10.119	8049
59900.741864	2216491032.600	   5.312	8049
59900.741979	2216491031.900	   5.136	8049
59900.742211	2216491029.300	   9.296	8049
59900.742327	2216491029.000	   5.199	8049
59900.742442	2216491027.500	   8.771	8049
59900.742674	2216491025.900	   5.060	8049
59900.742789	2216491024.300	   7.465	8049
59900.743021	2216491021.900	   6.730	8049
59900.743137	2216491021.100	   5.794	8049
59900.743252	2216491020.000	   8.278	8049
59900.743368	2216491019.000	   8.349	8049
59900.743484	2216491017.900	   7.241	8049
59900.743600	2216491016.500	   7.493	8049
59900.743715	2216491015.500	   8.568	8049
59900.743831	2216491014.400	  13.849	8049
59900.744063	2216491012.400	   7.981	8049
59900.744178	2216491011.000	   8.422	8049
59900.744294	2216491009.500	   5.040	8049
59900.744410	2216491008.700	   7.338	8049
59900.744526	2216491007.800	  13.931	8049
59900.744641	2216491006.900	   9.667	8049
59900.744757	2216491005.200	   8.609	8049
59900.744873	2216491004.600	   5.883	8049
59900.744989	2216491003.300	  11.027	8049
59900.745336	2216491000.200	   7.172	8049
59900.745451	2216490998.700	   6.625	8049
59900.745799	2216490996.300	   5.178	8049
59900.746262	2216490991.300	   7.118	8049
59900.746378	2216490990.400	   5.520	8049
59900.746609	2216490987.900	   5.553	8049
59900.746840	2216490985.600	   5.656	8049
59900.747072	2216490983.100	   6.661	8049
59900.747303	2216490981.300	   5.572	8049
59900.747535	2216490978.800	   7.270	8049
59900.747651	2216490978.200	   5.348	8049
59900.747882	2216490976.000	   7.951	8049
59900.748114	2216490973.700	   8.946	8049
59900.748345	2216490971.500	   5.801	8049
59900.748461	2216490969.900	   5.702	8049
59900.748577	2216490969.100	   5.060	8049
59900.748924	2216490966.100	  13.907	8049
59900.749155	2216490963.600	  12.794	8049
59900.749502	2216490960.700	   6.643	8049
59900.749618	2216490959.600	   7.445	8049
59900.749734	2216490958.400	  10.350	8049
59900.750197	2216490953.900	   8.617	8049
59900.750313	2216490952.900	   5.608	8049
59900.750428	2216490952.000	   6.593	8049
59900.750544	2216490950.600	  15.065	8049
59900.750660	2216490949.800	   7.901	8049
59900.750776	2216490948.200	   5.472	8049
59900.750891	2216490947.000	   5.916	8049
59900.751007	2216490946.200	  12.557	8049
59900.751239	2216490943.900	  21.042	8049
59900.751355	2216490942.800	  10.731	8049
59900.751470	2216490941.500	  16.567	8049
59900.751586	2216490940.400	  12.217	8049
59900.751702	2216490939.400	  11.163	8049
59900.751817	2216490938.000	  12.998	8049
59900.751933	2216490936.800	   7.296	8049
59900.752049	2216490935.900	   9.443	8049
59900.752165	2216490934.500	  12.117	8049
59900.752280	2216490933.600	  10.180	8049
59900.752396	2216490932.500	  16.416	8049
59900.752512	2216490931.100	  13.558	8049
59900.752628	2216490929.900	   9.602	8049
59900.752743	2216490929.000	  14.702	8049
59900.752859	2216490927.800	  13.890	8049
59900.752975	2216490926.600	  16.500	8049
59900.753091	2216490925.500	  17.627	8049
59900.753206	2216490924.100	   7.568	8049
59900.753322	2216490923.200	   7.757	8049
59900.753438	2216490922.100	  14.571	8049
59900.753553	2216490920.800	  13.870	8049
59900.753669	2216490919.300	  16.288	8049
59900.753785	2216490918.400	  14.055	8049
59900.753901	2216490917.200	  10.217	8049
59900.754017	2216490916.300	   9.533	8049
59900.754132	2216490915.200	  12.755	8049
59900.754248	2216490913.900	   9.871	8049
59900.754364	2216490912.600	  15.421	8049
59900.754479	2216490911.800	  11.982	8049
59900.754595	2216490910.300	  15.452	8049
59900.754711	2216490909.200	   8.839	8049
59900.754827	2216490908.300	  11.511	8049
59900.754943	2216490907.100	   7.714	8049
59900.755058	2216490905.800	  16.866	8049
59900.755174	2216490904.700	  17.302	8049
59900.755290	2216490903.500	  16.657	8049
59900.755405	2216490902.600	  21.722	8049
59900.755521	2216490901.400	   8.171	8049
59900.755637	2216490900.200	  20.162	8049
59900.755753	2216490899.100	  10.658	8049
59900.755868	2216490897.700	   8.805	8049
59900.755984	2216490896.700	  13.012	8049
59900.756100	2216490895.700	  10.717	8049
59900.756216	2216490894.300	  10.860	8049
59900.756331	2216490893.600	  16.862	8049
59900.756447	2216490892.200	  12.952	8049
59900.756563	2216490891.100	  12.275	8049
59900.756678	2216490889.900	   9.777	8049
59900.756794	2216490888.800	  15.748	8049
59900.756910	2216490887.600	  10.927	8049
59900.757026	2216490886.600	  13.804	8049
59900.757141	2216490885.400	   6.595	8049
59900.757257	2216490884.100	  13.780	8049
59900.757373	2216490882.900	  16.708	8049
59900.757489	2216490882.200	  13.220	8049
59900.757604	2216490880.700	  11.011	8049
59900.757720	2216490879.600	   8.037	8049
59900.757836	2216490878.500	  13.729	8049
59900.757952	2216490877.400	  14.740	8049
59900.758067	2216490876.100	  11.883	8049
59900.758183	2216490875.200	  12.261	8049
59900.758299	2216490874.200	  12.663	8049
59900.758415	2216490873.200	  12.574	8049
59900.758530	2216490871.900	  12.705	8049
59900.758646	2216490871.000	  10.381	8049
59900.758762	2216490869.400	  14.551	8049
59900.758877	2216490868.600	   8.512	8049
59900.758993	2216490867.100	  14.718	8049
59900.759109	2216490866.100	   8.877	8049
59900.759225	2216490865.300	  11.444	8049
59900.759341	2216490864.000	  24.222	8049
59900.759456	2216490862.800	   9.845	8049
59900.759572	2216490861.600	   9.018	8049
59900.759688	2216490860.500	  13.586	8049
59900.759803	2216490859.600	  12.763	8049
59900.759919	2216490858.500	   9.932	8049
59900.760035	2216490857.200	   7.384	8049
59900.760151	2216490856.300	  17.672	8049
59900.760266	2216490855.000	  19.310	8049
59900.760382	2216490853.500	  10.702	8049
59900.760498	2216490852.700	  14.791	8049
59900.760614	2216490851.700	  12.604	8049
59900.760729	2216490850.400	  11.568	8049
59900.760845	2216490849.600	  13.080	8049
59900.760961	2216490848.300	  14.116	8049
59900.761077	2216490847.300	  10.129	8049
59900.761077	2216490847.300	  10.129	8049
59900.761192	2216490846.300	  11.150	8049
59900.761308	2216490844.900	  15.219	8049
59900.761424	2216490843.700	  10.048	8049
59900.761539	2216490842.300	   9.037	8049
59900.761655	2216490841.400	  10.363	8049
59900.761771	2216490840.200	  12.087	8049
59900.761887	2216490839.300	  12.194	8049
59900.762002	2216490838.100	  20.399	8049
59900.762118	2216490836.800	  13.946	8049
59900.762234	2216490836.100	   7.427	8049
59900.762350	2216490834.900	  12.455	8049
59900.762466	2216490833.600	   8.727	8049
59900.762581	2216490832.800	   8.675	8049
59900.762697	2216490831.700	  11.203	8049
59900.762813	2216490830.300	  17.031	8049
59900.762928	2216490829.300	   8.555	8049
59900.763044	2216490828.300	   8.021	8049
59900.763160	2216490827.400	  12.192	8049
59900.763276	2216490826.000	  11.394	8049
59900.763391	2216490824.800	   9.525	8049
59900.763507	2216490824.100	   7.624	8049
59900.763623	2216490822.700	  15.509	8049
59900.763739	2216490821.500	  16.229	8049
59900.763854	2216490820.500	  12.833	8049
59900.763970	2216490819.300	  16.816	8049
59900.764086	2216490818.300	  10.958	8049
59900.764202	2216490817.300	  10.600	8049
59900.764317	2216490815.900	  10.274	8049
59900.764433	2216490814.600	   8.446	8049
59900.764549	2216490813.800	   8.437	8049
59900.764664	2216490812.700	  16.016	8049
59900.764780	2216490811.400	  13.055	8049
59900.764896	2216490810.500	  12.989	8049
59900.765012	2216490809.700	   7.360	8049
59900.765128	2216490808.100	  11.932	8049
59900.765243	2216490807.400	  10.974	8049
59900.765359	2216490806.200	  16.446	8049
59900.765475	2216490804.900	   8.015	8049
59900.765590	2216490803.800	  20.312	8049
59900.765706	2216490803.000	   9.976	8049
59900.765822	2216490801.800	  12.260	8049
59900.765938	2216490801.000	   9.649	8049
59900.766053	2216490799.600	  14.614	8049
59900.766169	2216490798.500	   9.287	8049
59900.766285	2216490797.200	   9.304	8049
59900.766401	2216490796.500	  16.905	8049
59900.766516	2216490795.200	  10.243	8049
59900.766632	2216490794.400	   9.127	8049
59900.766748	2216490793.100	  17.261	8049
59900.766864	2216490791.900	  10.523	8049
59900.766979	2216490790.900	   8.466	8049
59900.767095	2216490789.700	  15.146	8049
59900.767211	2216490788.600	  15.021	8049
59900.767327	2216490787.800	   9.845	8049
59900.767442	2216490786.500	  10.463	8049
59900.767558	2216490785.500	  18.957	8049
59900.767674	2216490784.400	  10.955	8049
59900.767789	2216490783.300	   8.124	8049
59900.767905	2216490782.100	  27.070	8049
59900.768021	2216490781.300	   8.461	8049
59900.768137	2216490780.000	  15.013	8049
59900.768252	2216490779.100	  20.379	8049
59900.768368	2216490777.700	   7.956	8049
59900.768484	2216490776.800	  11.770	8049
59900.768600	2216490775.900	  13.097	8049
59900.768715	2216490774.600	  10.687	8049
59900.768831	2216490773.600	  11.885	8049
59900.768947	2216490772.500	  11.556	8049
59900.769063	2216490771.300	  14.366	8049
59900.769179	2216490770.400	  10.234	8049
59900.769294	2216490769.300	   7.927	8049
59900.769410	2216490768.000	  11.348	8049
59900.769526	2216490767.000	  27.825	8049
59900.769641	2216490765.700	   8.477	8049
59900.769757	2216490765.000	   8.763	8049
59900.769873	2216490764.000	  16.218	8049
59900.769989	2216490763.000	  13.764	8049
59900.770104	2216490761.600	   9.582	8049
59900.770220	2216490761.000	   7.263	8049
59900.770336	2216490759.400	   9.928	8049
59900.770452	2216490758.200	   9.065	8049
59900.770567	2216490757.200	  16.128	8049
59900.770683	2216490756.500	  18.661	8049
59900.770799	2216490755.400	  15.931	8049
59900.770915	2216490753.800	   9.029	8049
59900.771030	2216490753.000	   8.391	8049
59900.771146	2216490751.800	   9.117	8049
59900.771262	2216490750.800	  18.755	8049
59900.771378	2216490749.800	  11.767	8049
59900.771493	2216490749.100	  11.459	8049
59900.771609	2216490747.800	  12.447	8049
59900.771725	2216490746.600	  12.498	8049
59900.771840	2216490745.800	   9.189	8049
59900.771956	2216490744.900	  11.456	8049
59900.772072	2216490743.900	   8.654	8049
59900.772188	2216490742.600	  14.172	8049
59900.772304	2216490741.500	  13.638	8049
59900.772419	2216490740.500	  20.062	8049
59900.772535	2216490739.500	  14.715	8049
59900.772651	2216490738.300	  12.362	8049
59900.772766	2216490737.300	  17.835	8049
59900.772882	2216490736.200	  22.400	8049
59900.772998	2216490735.400	  16.652	8049
59900.773114	2216490734.400	  14.978	8049
59900.773229	2216490733.300	  18.673	8049
59900.773345	2216490732.000	  13.164	8049
59900.773461	2216490731.300	   7.879	8049
59900.773577	2216490730.100	  10.819	8049
59900.773692	2216490729.200	   9.383	8049
59900.773808	2216490728.000	   9.408	8049
59900.773924	2216490726.900	   9.451	8049
59900.774040	2216490725.900	  20.495	8049
59900.774155	2216490724.800	  11.552	8049
59900.774271	2216490723.300	   9.865	8049
59900.774387	2216490722.800	   9.238	8049
59900.774503	2216490721.600	   9.047	8049
59900.774618	2216490720.700	   8.467	8049
59900.774734	2216490719.400	  14.092	8049
59900.774850	2216490718.200	   9.064	8049
59900.774965	2216490717.300	   9.397	8049
59900.775081	2216490716.000	  18.168	8049
59900.775197	2216490715.100	   8.269	8049
59900.775313	2216490713.900	   9.107	8049
59900.775429	2216490713.300	  13.724	8049
59900.775544	2216490711.700	  12.303	8049
59900.775660	2216490711.000	  11.882	8049
59900.775776	2216490709.600	  10.118	8049
59900.775891	2216490708.500	   8.595	8049
59900.776007	2216490707.600	   8.419	8049
59900.776123	2216490706.600	  12.858	8049
59900.776239	2216490705.500	  10.325	8049
59900.776354	2216490704.400	  20.335	8049
59900.776470	2216490703.300	  13.296	8049
59900.776586	2216490702.200	   7.804	8049
59900.776702	2216490701.000	  12.413	8049
59900.776817	2216490699.800	   9.493	8049
59900.776933	2216490699.000	  13.504	8049
59900.777049	2216490697.900	  14.164	8049
59900.777164	2216490696.500	  11.550	8049
59900.777280	2216490695.700	  14.962	8049
59900.777396	2216490694.500	  15.315	8049
59900.777512	2216490693.700	  10.487	8049
59900.777627	2216490692.200	  10.472	8049
59900.777743	2216490691.200	  10.982	8049
59900.777859	2216490690.200	  14.180	8049
59900.777975	2216490688.900	  10.433	8049
59900.778090	2216490687.800	  21.174	8049
59900.778206	2216490686.800	   8.740	8049
59900.778322	2216490685.700	  13.101	8049
59900.778438	2216490684.600	   9.563	8049
59900.778554	2216490683.400	  12.983	8049
59900.778669	2216490682.400	  10.059	8049
59900.778785	2216490681.100	   7.254	8049
59900.778901	2216490680.000	  14.084	8049
59900.779016	2216490679.000	  12.925	8049
59900.779132	2216490677.700	  14.540	8049
59900.779248	2216490676.900	   8.760	8049
59900.779364	2216490675.700	  19.036	8049
59900.779479	2216490674.700	   8.292	8049
59900.779595	2216490673.500	   8.421	8049
59900.779711	2216490672.200	  13.325	8049
59900.779827	2216490671.100	   9.314	8049
59900.779942	2216490670.100	  13.301	8049
59900.780058	2216490669.100	   9.743	8049
59900.780174	2216490667.700	   8.947	8049
59900.780290	2216490666.700	  13.932	8049
59900.780405	2216490665.200	   9.644	8049
59900.780521	2216490664.800	  10.871	8049
59900.780637	2216490663.400	   7.402	8049
59900.780752	2216490662.100	   9.417	8049
59900.780868	2216490661.000	   9.141	8049
59900.780984	2216490659.800	   9.310	8049
59900.781100	2216490658.900	  16.340	8049
59900.781215	2216490657.600	  18.576	8049
59900.781331	2216490656.900	  12.168	8049
59900.781447	2216490655.600	  12.464	8049
59900.781563	2216490654.200	  14.420	8049
59900.781678	2216490653.200	   7.787	8049
59900.781794	2216490652.000	  12.574	8049
59900.781910	2216490651.100	  10.478	8049
59900.782026	2216490649.500	  12.154	8049
59900.782141	2216490648.500	  10.990	8049
59900.782257	2216490647.700	  16.963	8049
59900.782373	2216490646.300	  14.483	8049
59900.782489	2216490645.400	  19.803	8049
59900.782604	2216490644.100	  12.431	8049
59900.782720	2216490643.300	  12.102	8049
59900.782836	2216490642.300	   8.466	8049
59900.782952	2216490641.500	  10.141	8049
59900.783068	2216490640.300	  10.714	8049
59900.783183	2216490639.300	  13.729	8049
59900.783299	2216490638.300	  17.042	8049
59900.783415	2216490637.500	  13.750	8049
59900.783530	2216490636.200	  11.764	8049
59900.783646	2216490635.500	  16.507	8049
59900.783762	2216490634.400	  15.659	8049
59900.783877	2216490633.000	  17.479	8049
59900.783993	2216490632.000	   8.005	8049
59900.784109	2216490631.500	  13.753	8049
59900.784225	2216490630.200	  13.745	8049
59900.784341	2216490629.100	  14.328	8049
59900.784456	2216490628.100	   9.982	8049
59900.784572	2216490627.300	  10.561	8049
59900.784688	2216490626.100	  16.201	8049
59900.784803	2216490625.300	  10.745	8049
59900.784919	2216490624.400	  13.437	8049
59900.785035	2216490623.100	  11.057	8049
59900.785151	2216490622.300	   9.402	8049
59900.785266	2216490621.000	  11.525	8049
59900.785382	2216490620.300	  14.078	8049
59900.785498	2216490619.200	  14.432	8049
59900.785614	2216490618.200	   9.414	8049
59900.785729	2216490617.100	  10.712	8049
59900.785845	2216490616.000	   9.727	8049
59900.785961	2216490615.000	  12.805	8049
59900.786077	2216490614.100	  14.023	8049
59900.786192	2216490612.800	  12.678	8049
59900.786308	2216490612.100	  16.022	8049
59900.786424	2216490611.000	  16.008	8049
59900.786539	2216490609.800	  10.969	8049
59900.786655	2216490608.900	  18.940	8049
59900.786771	2216490607.900	  16.679	8049
59900.786887	2216490606.900	  16.658	8049
59900.787002	2216490605.600	   8.898	8049
59900.787118	2216490605.100	   8.993	8049
59900.787234	2216490603.800	   9.996	8049
59900.787350	2216490602.800	  14.082	8049
59900.787465	2216490601.700	   9.290	8049
59900.787581	2216490601.000	   9.373	8049
59900.787697	2216490599.700	  11.831	8049
59900.787813	2216490598.600	  12.505	8049
59900.787928	2216490597.500	  10.195	8049
59900.788044	2216490596.400	   8.492	8049
59900.788160	2216490595.600	  12.441	8049
59900.788276	2216490594.600	   8.411	8049
59900.788391	2216490593.500	  13.439	8049
59900.788507	2216490592.400	  14.287	8049
59900.788623	2216490591.500	  10.916	8049
59900.788739	2216490590.200	  14.994	8049
59900.789086	2216490587.200	  10.487	8049
59900.789202	2216490585.900	  10.137	8049
59900.789317	2216490584.900	   5.743	8049
59900.789549	2216490582.600	   5.331	8049
59900.789665	2216490581.900	   5.210	8049
59900.789896	2216490579.600	   5.353	8049
59900.790012	2216490578.600	   7.430	8049
59900.790243	2216490575.300	   6.560	8049
59900.790359	2216490575.800	   7.373	8049
59900.791169	2216490568.200	   9.852	8049
59900.791516	2216490564.700	   7.623	8049
59900.791632	2216490564.000	   7.158	8049
59900.791979	2216490560.100	   6.601	8049
59900.792790	2216490554.200	   7.038	8049
59900.793600	2216490545.200	  11.698	8049
59900.793716	2216490543.900	   6.304	8049
59900.794757	2216490534.500	   6.936	8049
59900.794873	2216490533.300	   6.207	8049
59900.794989	2216490532.400	   5.410	8049
59900.795220	2216490529.800	   8.913	8049
59900.795683	2216490526.300	   9.348	8049
59900.795799	2216490525.100	   5.654	8049
59900.795915	2216490524.400	   6.103	8049
59900.796030	2216490523.300	  12.948	8049
59900.796146	2216490522.100	   9.558	8049
59900.796378	2216490520.500	  18.773	8049
59900.796493	2216490519.400	   9.526	8049
59900.796609	2216490518.600	  16.106	8049
59900.796725	2216490517.500	   8.814	8049
59900.796840	2216490516.600	  20.959	8049
59900.796956	2216490515.700	  13.549	8049
59900.797072	2216490514.500	  14.281	8049
59900.797188	2216490513.800	  17.521	8049
59900.797304	2216490512.700	  12.013	8049
59900.797419	2216490511.700	  10.706	8049
59900.797535	2216490510.600	   8.883	8049
59900.797651	2216490509.900	  21.351	8049
59900.797766	2216490508.600	  13.700	8049
59900.797882	2216490507.800	   8.282	8049
59900.797998	2216490507.000	  17.836	8049
59900.798114	2216490506.200	  12.383	8049
59900.798229	2216490504.700	   9.620	8049
59900.798345	2216490504.100	  10.159	8049
59900.798461	2216490503.100	  15.609	8049
59900.798461	2216490503.100	  15.603	8049
59900.798577	2216490502.000	  12.671	8049
59900.798692	2216490500.900	   8.464	8049
59900.798808	2216490500.300	   9.107	8049
59900.798924	2216490498.700	   8.573	8049
59900.799040	2216490498.400	  12.314	8049
59900.799155	2216490497.100	   8.779	8049
59900.799271	2216490495.900	  10.667	8049
59900.799387	2216490494.900	   9.246	8049
59900.799503	2216490494.000	  16.546	8049
59900.799618	2216490493.200	  13.553	8049
59900.799734	2216490492.100	  13.631	8049
59900.799850	2216490491.200	  13.675	8049
59900.799965	2216490489.900	  14.916	8049
59900.800081	2216490489.200	  11.776	8049
59900.800197	2216490488.000	  12.794	8049
59900.800313	2216490487.000	   9.545	8049
59900.800428	2216490486.400	   8.335	8049
59900.800544	2216490485.200	   9.347	8049
59900.800660	2216490484.400	   9.970	8049
59900.800776	2216490483.200	  12.011	8049
59900.800891	2216490482.500	   9.816	8049
59900.801007	2216490481.100	  16.522	8049
59900.801123	2216490480.300	  12.190	8049
59900.801239	2216490478.900	  10.008	8049
59900.801354	2216490478.200	  13.227	8049
59900.801470	2216490477.300	  17.086	8049
59900.801586	2216490476.100	  10.936	8049
59900.801702	2216490475.400	  11.663	8049
59900.801817	2216490474.200	  11.687	8049
59900.801933	2216490473.400	  10.804	8049
59900.802049	2216490472.100	   9.694	8049
59900.802164	2216490471.200	  10.385	8049
59900.802280	2216490469.800	   8.108	8049
59900.802396	2216490469.000	   9.026	8049
59900.802512	2216490468.400	   9.852	8049
59900.802859	2216490464.700	   6.679	8049
59900.802975	2216490464.000	   5.184	8049
59900.803091	2216490463.600	   5.313	8049
59900.803206	2216490462.300	   7.852	8049
59900.803322	2216490460.800	   7.483	8049
59900.803438	2216490460.100	   7.149	8049
59900.803785	2216490456.500	   6.243	8049
59900.803901	2216490456.100	   9.349	8049
59900.804016	2216490454.700	   6.003	8049
59900.804132	2216490454.100	   5.830	8049
59900.804248	2216490452.900	   7.736	8049
59900.804479	2216490450.800	   9.135	8049
59900.804595	2216490449.800	  15.410	8049
59900.804711	2216490448.900	   5.902	8049
59900.804827	2216490448.000	   6.154	8049
59900.805058	2216490445.600	   9.111	8049
59900.805174	2216490444.100	   6.870	8049
59900.805405	2216490442.600	  11.951	8049
59900.805521	2216490441.400	  12.108	8049
59900.805637	2216490440.300	   5.374	8049
59900.805752	2216490439.500	   8.720	8049
59900.805868	2216490438.300	  10.281	8049
59900.806100	2216490436.400	   8.850	8049
59900.806447	2216490433.300	  18.143	8049
59900.806563	2216490432.200	   9.986	8049
59900.806679	2216490431.700	   5.398	8049
59900.806794	2216490430.100	   7.633	8049
59900.806910	2216490429.100	   7.574	8049
59900.807026	2216490428.000	   7.615	8049
59900.807141	2216490426.900	   5.091	8049
59900.807257	2216490426.000	   9.169	8049
59900.807373	2216490424.800	  15.163	8049
59900.807489	2216490423.900	  13.445	8049
59900.807604	2216490422.600	   6.166	8049
59900.807720	2216490421.800	   5.484	8049
59900.807836	2216490420.600	   8.806	8049
59900.807952	2216490419.500	  10.759	8049
59900.808067	2216490418.500	   8.983	8049
59900.808183	2216490417.700	  13.754	8049
59900.808299	2216490416.900	  14.015	8049
59900.808646	2216490413.900	   5.495	8049
59900.808762	2216490413.300	   9.433	8049
59900.808878	2216490412.000	   5.222	8049
59900.809341	2216490408.500	   6.290	8049
59900.809688	2216490406.200	   5.334	8049
59900.809919	2216490404.200	   7.086	8049
59900.810035	2216490403.000	   9.235	8049
59900.810266	2216490401.300	   5.123	8049
59900.810498	2216490399.400	   5.868	8049
59900.810729	2216490397.700	  12.001	8049
59900.810961	2216490395.600	   6.254	8049
59900.811540	2216490390.500	   6.285	8049
59900.811655	2216490390.600	  11.707	8049
59900.812350	2216490384.300	   6.107	8049
59900.813044	2216490379.000	  10.952	8049
59900.813276	2216490377.200	   6.740	8049
59900.814202	2216490369.700	   6.926	8049
59900.814317	2216490368.500	   7.815	8049
59900.814433	2216490367.900	   6.503	8049
59900.814780	2216490364.900	   7.712	8049
59900.814896	2216490364.000	   5.972	8049
59900.815012	2216490363.000	   5.004	8049
59900.815127	2216490361.900	   5.083	8049
59900.815591	2216490358.200	   8.597	8049
59900.815706	2216490357.100	  10.350	8049
59900.815822	2216490356.200	   6.007	8049
59900.815938	2216490355.300	   8.446	8049
59900.816053	2216490354.400	   8.131	8049
59900.816169	2216490353.200	   5.958	8049
59900.816401	2216490351.500	  10.409	8049
59900.816516	2216490350.400	   7.372	8049
59900.816632	2216490349.400	   7.988	8049
59900.816864	2216490347.700	   6.459	8049
59900.816979	2216490346.600	   5.846	8049
59900.817442	2216490342.800	   5.416	8049
59900.817558	2216490341.700	   8.988	8049
59900.817674	2216490340.800	  11.038	8049
59900.817789	2216490339.700	  11.884	8049
59900.817906	2216490339.000	   7.807	8049
59900.818368	2216490334.900	  11.252	8049
59900.818484	2216490334.000	   7.790	8049
59900.818716	2216490332.200	   5.672	8049
59900.818833	2216490330.900	   5.657	8049
59900.818966	2216490329.700	  17.084	8049
59900.819095	2216490329.000	  10.419	8049
59900.819212	2216490327.800	  16.185	8049
59900.819327	2216490326.800	   6.164	8049
59900.819443	2216490326.100	   9.728	8049
59900.819559	2216490324.800	  12.377	8049
59900.819674	2216490323.600	   7.949	8049
59900.819790	2216490322.900	  10.574	8049
59900.819906	2216490322.100	   7.034	8049
59900.820022	2216490320.900	   6.659	8049
59900.820137	2216490321.700	   6.205	8049
59900.820253	2216490318.800	   9.084	8049
59900.820369	2216490317.900	  14.523	8049
59900.820485	2216490317.000	   9.078	8049
59900.820600	2216490316.100	   5.282	8049
59900.820832	2216490314.000	   9.031	8049
59900.821295	2216490310.100	  17.061	8049
59900.821411	2216490309.600	   8.557	8049
59900.821642	2216490307.800	   6.785	8049
59900.821758	2216490306.900	   8.101	8049
59900.821873	2216490306.000	   9.504	8049
59900.821989	2216490305.100	  10.329	8049
59900.822336	2216490302.700	   5.311	8049
59900.822799	2216490298.000	   5.321	8049
59900.822915	2216490297.800	   6.523	8049
59900.823031	2216490296.700	   6.204	8049
59900.823146	2216490296.700	   5.038	8049
59900.824072	2216490289.900	   6.054	8049
59900.824188	2216490288.200	   5.432	8049
59900.824304	2216490288.200	   6.837	8049
59900.824535	2216490286.000	   5.714	8049
59900.824651	2216490285.900	   6.354	8049
59900.825230	2216490282.900	   6.180	8049
59900.826040	2216490275.000	   6.991	8049
59900.826850	2216490269.400	   5.212	8049
59900.827198	2216490266.300	  11.909	8049
59900.827660	2216490262.800	   7.039	8049
59900.827776	2216490261.700	   5.441	8049
59900.828239	2216490258.300	   5.796	8049
59900.828702	2216490255.300	   5.448	8049
59900.829396	2216490249.600	   9.005	8049
59900.829860	2216490246.200	   7.055	8049
59900.829975	2216490244.900	   5.975	8049
59900.830438	2216490239.700	   9.358	8049
59900.830786	2216490238.500	   6.389	8049
59900.832058	2216490229.300	   7.875	8049
59900.832174	2216490227.900	   7.059	8049
59900.832290	2216490226.800	   7.109	8049
59900.832753	2216490223.500	  10.292	8049
59900.832985	2216490221.400	   6.287	8049
59900.833100	2216490220.600	   6.002	8049
59900.833216	2216490219.700	   6.509	8049
59900.833447	2216490218.400	   5.709	8049
59900.833563	2216490216.800	   8.361	8049
59900.834258	2216490211.300	   5.281	8049
59900.834489	2216490209.900	   8.007	8049
59900.834721	2216490208.000	   6.506	8049
59900.834836	2216490207.500	   8.829	8049
59900.835068	2216490205.800	   8.852	8049
59900.835531	2216490202.700	   7.365	8049
59900.835647	2216490202.000	   8.161	8049
59900.835762	2216490201.200	   8.204	8049
59900.835878	2216490200.400	  17.057	8049
59900.835878	2216490200.400	  17.058	8049
59900.836225	2216490197.800	   5.738	8049
59900.837499	2216490189.400	   6.626	8049
59900.838193	2216490184.800	   5.228	8049
59900.838771	2216490179.900	   5.121	8049
59900.839813	2216490173.600	   5.260	8049
59900.840276	2216490168.700	   5.505	8049
59900.840392	2216490169.500	   6.187	8049
59900.840739	2216490165.100	   6.477	8049
59900.841665	2216490158.700	   5.990	8049
59900.842707	2216490153.300	   5.881	8049
59900.843401	2216490147.900	   8.970	8049
59900.843517	2216490147.700	   5.751	8049
59900.843980	2216490144.300	   6.002	8049
59900.844096	2216490143.500	  16.258	8049
59900.844211	2216490143.000	  14.197	8049
59900.844327	2216490142.100	  13.875	8049
59900.844443	2216490141.000	  11.796	8049
59900.844559	2216490140.200	  15.377	8049
59900.844674	2216490139.600	  10.193	8049
59900.844790	2216490138.600	  16.129	8049
59900.844906	2216490137.400	   7.468	8049
59900.845022	2216490137.100	  17.910	8049
59900.845137	2216490136.400	   9.656	8049
59900.845253	2216490135.100	   5.484	8049
59900.845716	2216490132.300	   9.715	8049
59900.845832	2216490131.600	   5.674	8049
59900.846063	2216490129.600	   7.343	8049
59900.846295	2216490127.700	   7.481	8049
59900.846642	2216490125.400	  16.762	8049
59900.846758	2216490125.100	  12.004	8049
59900.846873	2216490124.000	  11.114	8049
59900.846989	2216490122.900	  11.659	8049
59900.847105	2216490122.200	  15.355	8049
59900.847221	2216490121.300	   9.967	8049
59900.847336	2216490120.400	   9.291	8049
59900.847452	2216490119.700	  17.511	8049
59900.847568	2216490118.900	  15.677	8049
59900.847683	2216490118.000	  11.684	8049
59900.847799	2216490117.200	   9.283	8049
59900.847915	2216490116.300	  30.234	8049
59900.848031	2216490115.300	   9.829	8049
59900.848146	2216490114.800	  18.273	8049
59900.848262	2216490113.800	  19.130	8049
59900.848378	2216490113.100	  13.443	8049
59900.848494	2216490112.200	  11.993	8049
59900.848610	2216490111.600	   9.365	8049
59900.848725	2216490110.800	  17.255	8049
59900.848841	2216490110.400	  17.783	8049
59900.848957	2216490109.500	  10.529	8049
59900.849072	2216490108.800	  14.485	8049
59900.849188	2216490108.400	  10.232	8049
59900.849304	2216490107.300	  11.151	8049
59900.849420	2216490106.900	  10.723	8049
59900.849535	2216490106.100	  19.793	8049
59900.849651	2216490105.500	  12.118	8049
59900.849767	2216490104.600	  18.022	8049
59900.849883	2216490104.100	  16.248	8049
59900.849998	2216490103.400	  11.909	8049
59900.850114	2216490102.600	  15.752	8049
59900.850230	2216490102.000	  11.131	8049
59900.850346	2216490101.200	  13.048	8049
59900.850462	2216490100.600	  13.899	8049
59900.850577	2216490099.900	  24.223	8049
59900.850693	2216490098.900	   8.391	8049
59900.850808	2216490098.300	  13.831	8049
59900.850924	2216490097.800	   8.912	8049
59900.851040	2216490097.000	  19.877	8049
59900.851156	2216490096.200	  13.309	8049
59900.851271	2216490095.600	  18.170	8049
59900.851503	2216490094.100	   6.845	8049
59900.851619	2216490093.400	   5.030	8049
59900.851734	2216490092.700	   6.405	8049
59900.851850	2216490092.000	   5.727	8049
59900.852082	2216490090.700	   7.641	8049
59900.852429	2216490088.600	   6.006	8049
59900.852545	2216490087.800	   7.366	8049
59900.852660	2216490087.100	   5.184	8049
59900.853124	2216490084.400	   7.140	8049
59900.853239	2216490083.300	   9.017	8049
59900.853818	2216490080.000	   7.131	8049
59900.853934	2216490079.300	   8.359	8049
59900.853934	2216490079.300	   8.433	8049
59900.854744	2216490076.300	   5.653	8049
59900.856133	2216490065.900	   5.273	8049
59900.856248	2216490065.000	   5.332	8049
59900.857058	2216490059.100	   5.023	8049
59900.857174	2216490059.500	   6.197	8049
59900.857753	2216490055.700	   5.549	8049
59900.859489	2216490045.000	  14.349	8049
59900.859952	2216490041.900	   8.575	8049
59900.860531	2216490038.000	   8.887	8049
59900.860878	2216490036.300	   8.274	8049
59900.861225	2216490034.200	   5.762	8049
59900.861341	2216490033.300	   7.803	8049
59900.862151	2216490028.200	   6.442	8049
59900.862498	2216490026.000	   5.861	8049
59900.862614	2216490025.300	   8.680	8049
59900.863193	2216490022.000	   8.759	8049
59900.863309	2216490021.500	   6.791	8049
59900.863656	2216490019.500	  10.422	8049
59900.863771	2216490018.900	   6.220	8049
59900.863887	2216490018.500	   9.784	8049
59900.864003	2216490017.700	  14.855	8049
59900.864119	2216490017.100	  12.637	8049
59900.864235	2216490016.400	  14.075	8049
59900.864350	2216490016.000	  13.178	8049
59900.864466	2216490015.100	   9.703	8049
59900.864582	2216490014.800	   7.729	8049
59900.864813	2216490013.500	  14.696	8049
59900.864929	2216490012.800	   6.547	8049
59900.865045	2216490012.500	   7.638	8049
59900.865160	2216490011.500	  13.943	8049
59900.865276	2216490011.000	  10.952	8049
59900.865623	2216490009.400	  11.478	8049
59900.865739	2216490008.500	   9.490	8049
59900.865855	2216490007.900	  10.763	8049
59900.865971	2216490007.600	   8.122	8049
59900.866086	2216490007.000	   6.062	8049
59900.866202	2216490006.200	  11.524	8049
59900.866434	2216490005.000	  11.135	8049
59900.866549	2216490004.500	   8.783	8049
59900.866781	2216490003.300	   6.786	8049
59900.866896	2216490002.600	   7.804	8049
59900.867012	2216490002.200	   5.429	8049
59900.867128	2216490001.500	   7.704	8049
59900.867244	2216490000.700	   9.604	8049
59900.867360	2216490000.300	   8.465	8049
59900.867475	2216489999.500	  10.212	8049
59900.867591	2216489998.900	  10.855	8049
59900.867707	2216489998.400	  12.959	8049
59900.867822	2216489997.800	   7.846	8049
59900.867938	2216489997.300	   6.041	8049
59900.868286	2216489995.500	   7.120	8049
59900.868401	2216489994.800	   8.523	8049
59900.868749	2216489992.900	   8.714	8049
59900.869559	2216489988.500	   7.347	8049
59900.869906	2216489986.800	   7.637	8049
59900.870369	2216489984.600	   5.733	8049
59900.870600	2216489983.200	   6.562	8049
59900.870716	2216489982.300	   5.291	8049
59900.870947	2216489981.300	   5.498	8049
59900.871526	2216489978.500	   5.498	8049
59900.871873	2216489976.500	   5.236	8049
59900.872452	2216489972.900	   5.671	8049
59900.872568	2216489972.700	  11.365	8049
59900.872684	2216489972.100	  11.427	8049
59900.873841	2216489966.100	   7.472	8049
59900.874420	2216489963.000	   6.290	8049
59900.875924	2216489954.800	  10.245	8049
59900.876040	2216489954.300	   8.329	8049
59900.876619	2216489951.100	  10.083	8049
59900.877313	2216489947.400	   7.833	8049
59900.877429	2216489946.800	   7.463	8049
59900.878123	2216489943.400	   5.111	8049
59900.878239	2216489942.800	  11.936	8049
59900.878355	2216489942.500	   8.229	8049
59900.878471	2216489941.900	   9.701	8049
