59907.793801	2216498741.300	   5.887	8049
59907.793922	2216498740.600	  10.338	8049
59907.794044	2216498739.500	   9.095	8049
59907.794165	2216498738.700	  11.510	8049
59907.794408	2216498736.800	   7.366	8049
59907.794530	2216498735.600	  11.020	8049
59907.794773	2216498733.400	   7.094	8049
59907.794894	2216498732.600	   5.044	8049
59907.795137	2216498730.500	   5.632	8049
59907.795380	2216498728.500	   5.370	8049
59907.795502	2216498727.500	   8.367	8049
59907.795624	2216498726.400	   5.075	8049
59907.795745	2216498725.300	   5.531	8049
59907.796353	2216498720.100	   9.328	8049
59907.796475	2216498719.200	  10.767	8049
59907.796596	2216498718.000	   7.472	8049
59907.796718	2216498717.300	  13.680	8049
59907.796840	2216498716.200	   7.551	8049
59907.796961	2216498715.000	  22.070	8049
59907.797083	2216498713.900	  11.362	8049
59907.797205	2216498712.900	  11.322	8049
59907.797448	2216498711.100	  11.083	8049
59907.797570	2216498710.000	   9.125	8049
59907.797691	2216498709.000	  14.991	8049
59907.797813	2216498707.900	  10.968	8049
59907.797935	2216498706.700	   8.553	8049
59907.798056	2216498705.500	   6.322	8049
59907.798178	2216498704.400	   5.439	8049
59907.798300	2216498703.700	  10.917	8049
59907.798422	2216498702.600	   8.978	8049
59907.798543	2216498701.600	   6.617	8049
59907.798665	2216498700.400	   8.439	8049
59907.798786	2216498699.500	   9.230	8049
59907.798908	2216498698.300	   8.654	8049
59907.799029	2216498697.200	  10.276	8049
59907.799151	2216498695.800	   7.354	8049
59907.799273	2216498695.000	  12.455	8049
59907.799395	2216498694.000	  20.148	8049
59907.799517	2216498692.800	  12.256	8049
59907.799638	2216498691.800	  18.050	8049
59907.799760	2216498690.800	   7.270	8049
59907.799882	2216498689.600	  16.782	8049
59907.800003	2216498688.200	  10.026	8049
59907.800125	2216498687.600	   9.687	8049
59907.800247	2216498686.900	  10.692	8049
59907.800368	2216498685.400	  12.495	8049
59907.800491	2216498684.400	  14.272	8049
59907.800613	2216498682.900	   6.287	8049
59907.800735	2216498682.000	  23.818	8049
59907.800857	2216498681.000	   9.143	8049
59907.800979	2216498679.900	  12.431	8049
59907.801100	2216498679.200	   8.852	8049
59907.801222	2216498677.800	  14.114	8049
59907.801344	2216498676.800	   8.807	8049
59907.801466	2216498675.600	   8.382	8049
59907.801588	2216498674.400	  18.251	8049
59907.801709	2216498673.200	  15.287	8049
59907.801831	2216498672.500	  12.157	8049
59907.801953	2216498671.200	  15.526	8049
59907.802074	2216498670.200	   9.406	8049
59907.802196	2216498669.200	   7.783	8049
59907.802317	2216498667.700	  11.869	8049
59907.802439	2216498666.800	  11.484	8049
59907.802561	2216498665.800	  13.004	8049
59907.802683	2216498664.400	  10.457	8049
59907.802805	2216498663.700	  14.816	8049
59907.802926	2216498662.200	   9.636	8049
59907.803048	2216498661.500	  15.880	8049
59907.803170	2216498660.300	  14.965	8049
59907.803292	2216498659.200	  13.593	8049
59907.803413	2216498658.100	   7.613	8049
59907.803535	2216498656.900	  16.577	8049
59907.803657	2216498655.800	  13.953	8049
59907.803779	2216498654.700	  19.352	8049
59907.803900	2216498653.500	  14.219	8049
59907.804022	2216498652.600	  12.839	8049
59907.804144	2216498651.300	  14.600	8049
59907.804265	2216498650.100	  16.946	8049
59907.804387	2216498649.100	  15.701	8049
59907.804508	2216498647.800	  14.464	8049
59907.804630	2216498646.600	   9.160	8049
59907.804751	2216498645.900	   9.210	8049
59907.804873	2216498644.300	  14.266	8049
59907.804994	2216498643.300	  18.556	8049
59907.805116	2216498642.200	   6.778	8049
59907.805237	2216498641.200	   9.405	8049
59907.805359	2216498640.100	  12.029	8049
59907.805480	2216498638.900	   9.392	8049
59907.805602	2216498638.000	   7.012	8049
59907.805723	2216498636.700	  14.987	8049
59907.805845	2216498635.400	   8.800	8049
59907.805967	2216498634.300	   7.600	8049
59907.806088	2216498633.300	   8.441	8049
59907.806210	2216498632.200	   9.551	8049
59907.806331	2216498630.800	  14.675	8049
59907.806453	2216498629.600	   9.569	8049
59907.806575	2216498628.600	  15.389	8049
59907.806697	2216498627.600	  12.776	8049
59907.806819	2216498626.400	  12.115	8049
59907.806941	2216498625.000	  13.697	8049
59907.807062	2216498623.900	   8.752	8049
59907.807184	2216498622.800	  11.689	8049
59907.807306	2216498621.700	   7.313	8049
59907.807427	2216498620.400	   9.072	8049
59907.807549	2216498619.400	  10.741	8049
59907.807671	2216498618.200	  10.216	8049
59907.807792	2216498617.200	  11.065	8049
59907.807914	2216498615.600	   9.377	8049
59907.808036	2216498614.600	  12.006	8049
59907.808157	2216498613.500	  10.706	8049
59907.808279	2216498612.500	  14.474	8049
59907.808400	2216498611.200	  10.114	8049
59907.808522	2216498610.000	  15.842	8049
59907.808644	2216498609.000	  10.648	8049
59907.808766	2216498607.500	  12.843	8049
59907.808888	2216498606.600	   7.726	8049
59907.809009	2216498605.400	  12.397	8049
59907.809131	2216498604.000	   9.212	8049
59907.809253	2216498603.000	  10.316	8049
59907.809374	2216498602.200	  18.109	8049
59907.809496	2216498600.700	   9.557	8049
59907.809617	2216498599.800	  10.217	8049
59907.809739	2216498598.600	   7.951	8049
59907.809861	2216498597.300	  18.862	8049
59907.809982	2216498596.200	   9.799	8049
59907.810104	2216498594.800	   8.187	8049
59907.810226	2216498593.800	  13.368	8049
59907.810347	2216498592.500	  12.136	8049
59907.810469	2216498591.500	   8.273	8049
59907.810591	2216498590.100	  10.819	8049
59907.810712	2216498588.800	  10.786	8049
59907.810834	2216498587.800	  10.397	8049
59907.810956	2216498586.600	   8.522	8049
59907.811078	2216498585.100	   9.224	8049
59907.811199	2216498584.300	  12.929	8049
59907.811321	2216498583.100	  11.780	8049
59907.811442	2216498581.700	  11.861	8049
59907.811564	2216498580.600	  17.687	8049
59907.811686	2216498579.300	   8.706	8049
59907.811807	2216498578.000	  10.088	8049
59907.811928	2216498576.700	  16.012	8049
59907.812050	2216498575.900	   8.114	8049
59907.812172	2216498574.400	  10.059	8049
59907.812293	2216498573.500	   9.603	8049
59907.812415	2216498572.100	  10.465	8049
59907.812536	2216498570.800	  10.085	8049
59907.812658	2216498569.900	   8.031	8049
59907.812779	2216498568.500	  12.795	8049
59907.812901	2216498567.400	  13.591	8049
59907.813022	2216498566.400	  24.364	8049
59907.813144	2216498565.100	   9.948	8049
59907.813266	2216498564.100	  13.168	8049
59907.813388	2216498562.800	   7.689	8049
59907.813509	2216498561.800	  16.544	8049
59907.813631	2216498560.900	  13.595	8049
59907.813753	2216498559.900	  14.423	8049
59907.813875	2216498558.500	  21.925	8049
59907.813996	2216498557.100	  10.910	8049
59907.814118	2216498556.300	   9.546	8049
59907.814239	2216498555.000	   9.920	8049
59907.814361	2216498553.900	   9.532	8049
59907.814482	2216498552.700	  13.731	8049
59907.814604	2216498551.600	  11.645	8049
59907.814726	2216498550.500	  13.149	8049
59907.814848	2216498549.700	  11.152	8049
59907.814969	2216498548.200	   9.781	8049
59907.815092	2216498547.300	  18.570	8049
59907.815213	2216498546.100	   7.938	8049
59907.815335	2216498545.000	  25.199	8049
59907.815457	2216498543.800	   9.320	8049
59907.815579	2216498542.600	  13.643	8049
59907.815700	2216498541.500	   8.141	8049
59907.815822	2216498540.500	   9.103	8049
59907.815943	2216498539.000	  10.016	8049
59907.816065	2216498538.400	  10.043	8049
59907.816187	2216498537.000	   7.633	8049
59907.816308	2216498535.700	   9.511	8049
59907.816430	2216498534.800	  10.476	8049
59907.816551	2216498533.700	  18.485	8049
59907.816673	2216498532.300	   8.896	8049
59907.816794	2216498531.200	  14.061	8049
59907.816916	2216498530.300	  14.355	8049
59907.817038	2216498529.100	   9.905	8049
59907.817159	2216498527.800	   8.675	8049
59907.817281	2216498526.700	  13.842	8049
59907.817403	2216498525.400	  21.045	8049
59907.817525	2216498524.600	  13.578	8049
59907.817647	2216498523.100	   9.605	8049
59907.817768	2216498522.000	  10.590	8049
59907.817890	2216498520.600	   8.746	8049
59907.818012	2216498519.900	  11.854	8049
59907.818134	2216498518.700	  13.712	8049
59907.818256	2216498517.400	   8.087	8049
59907.818378	2216498516.300	  11.060	8049
59907.818500	2216498515.000	  16.708	8049
59907.818622	2216498513.700	   9.431	8049
59907.818743	2216498512.700	  17.126	8049
59907.818865	2216498511.400	   7.473	8049
59907.818986	2216498510.400	  11.885	8049
59907.819108	2216498508.800	   7.224	8049
59907.819230	2216498508.100	  12.589	8049
59907.819351	2216498506.600	  13.463	8049
59907.819473	2216498505.500	  15.984	8049
59907.819594	2216498504.600	  12.267	8049
59907.819716	2216498503.200	  11.340	8049
59907.819838	2216498502.000	  11.443	8049
59907.819959	2216498500.900	  19.625	8049
59907.820081	2216498499.700	   9.323	8049
59907.820203	2216498498.800	  12.131	8049
59907.820325	2216498497.200	  13.037	8049
59907.820447	2216498496.400	   8.363	8049
59907.820569	2216498495.000	  10.148	8049
59907.820690	2216498494.000	  13.373	8049
59907.820812	2216498492.500	  18.306	8049
59907.820934	2216498491.500	  19.933	8049
59907.821055	2216498490.400	   7.818	8049
59907.821177	2216498489.100	  12.684	8049
59907.821299	2216498488.300	   9.116	8049
59907.821420	2216498486.800	  12.521	8049
59907.821542	2216498485.600	  15.459	8049
59907.821664	2216498484.600	  13.016	8049
59907.821786	2216498483.100	  11.080	8049
59907.821908	2216498481.900	  16.510	8049
59907.822030	2216498481.000	  16.777	8049
59907.822152	2216498479.800	  10.719	8049
59907.822274	2216498478.700	   8.135	8049
59907.822395	2216498477.300	  11.744	8049
59907.822517	2216498476.100	  13.526	8049
59907.822638	2216498474.700	  16.999	8049
59907.822760	2216498473.700	   8.161	8049
59907.822882	2216498472.300	  14.040	8049
59907.823003	2216498471.400	  20.290	8049
59907.823125	2216498470.000	   7.735	8049
59907.823246	2216498468.800	  14.547	8049
59907.823368	2216498467.600	  10.748	8049
59907.823489	2216498466.100	   9.922	8049
59907.823611	2216498464.900	  13.458	8049
59907.823732	2216498464.000	   8.511	8049
59907.823854	2216498462.800	  13.797	8049
59907.823975	2216498461.500	  18.419	8049
59907.824097	2216498460.400	  11.872	8049
59907.824219	2216498459.100	   9.932	8049
59907.824340	2216498457.800	  18.969	8049
59907.824462	2216498456.500	  14.146	8049
59907.824584	2216498455.700	  10.534	8049
59907.824705	2216498454.100	  12.599	8049
59907.824827	2216498453.200	   9.078	8049
59907.824949	2216498451.500	  13.548	8049
59907.825071	2216498450.300	  11.918	8049
59907.825192	2216498449.500	  12.004	8049
59907.825314	2216498447.900	   8.026	8049
59907.825436	2216498446.700	  14.879	8049
59907.825558	2216498445.600	  14.300	8049
59907.825679	2216498444.500	  11.914	8049
59907.825801	2216498443.200	  13.139	8049
59907.825923	2216498442.000	   9.607	8049
59907.826044	2216498440.800	  13.468	8049
59907.826166	2216498439.300	   9.253	8049
59907.826288	2216498438.100	  10.807	8049
59907.826409	2216498436.800	  14.355	8049
59907.826531	2216498435.600	  11.996	8049
59907.826653	2216498434.500	  11.997	8049
59907.826775	2216498433.500	  12.500	8049
59907.826896	2216498432.100	  11.788	8049
59907.827018	2216498430.900	  14.748	8049
59907.827140	2216498429.500	  13.435	8049
59907.827262	2216498428.700	  13.162	8049
59907.827384	2216498427.100	  15.132	8049
59907.827505	2216498425.600	   9.842	8049
59907.827627	2216498424.600	   8.935	8049
59907.827749	2216498423.400	  10.993	8049
59907.827870	2216498422.000	  10.621	8049
59907.827992	2216498420.800	  13.044	8049
59907.828113	2216498419.400	  10.800	8049
59907.828234	2216498418.500	  11.773	8049
59907.828356	2216498417.100	  14.189	8049
59907.828478	2216498416.000	   9.878	8049
59907.828600	2216498414.600	   8.639	8049
59907.828721	2216498413.500	   8.926	8049
59907.828843	2216498412.000	   9.667	8049
59907.828965	2216498410.400	   7.628	8049
59907.829086	2216498409.600	   7.663	8049
59907.829208	2216498408.500	  13.641	8049
59907.829329	2216498407.100	  23.968	8049
59907.829451	2216498405.900	  16.900	8049
59907.829573	2216498404.700	   8.389	8049
59907.829694	2216498402.900	   8.133	8049
59907.829816	2216498402.100	  10.680	8049
59907.829938	2216498400.500	  12.354	8049
59907.830059	2216498399.500	  12.108	8049
59907.830181	2216498398.300	   9.951	8049
59907.830303	2216498396.900	  16.489	8049
59907.830424	2216498395.700	   7.437	8049
59907.830546	2216498394.300	  12.544	8049
59907.830667	2216498393.100	  14.296	8049
59907.830789	2216498391.600	  13.204	8049
59907.830911	2216498390.500	   9.588	8049
59907.831032	2216498389.200	  11.131	8049
59907.831154	2216498387.800	  11.700	8049
59907.831276	2216498386.800	  12.084	8049
59907.831398	2216498385.700	   9.565	8049
59907.831519	2216498384.200	  15.366	8049
59907.831641	2216498382.900	  14.279	8049
59907.831763	2216498381.600	  11.468	8049
59907.831884	2216498380.500	  10.777	8049
59907.832006	2216498379.200	   9.397	8049
59907.832128	2216498377.900	  12.897	8049
59907.832250	2216498376.300	  12.011	8049
59907.832371	2216498375.400	   7.313	8049
59907.832493	2216498374.100	  11.653	8049
59907.832615	2216498372.600	  20.825	8049
59907.832736	2216498371.200	  18.869	8049
59907.832858	2216498370.100	  16.826	8049
59907.832979	2216498369.000	   7.916	8049
59907.833101	2216498367.400	  13.820	8049
59907.833222	2216498366.100	   9.694	8049
59907.833343	2216498365.000	   6.775	8049
59907.833465	2216498363.400	  10.458	8049
59907.833587	2216498362.400	  12.376	8049
59907.833709	2216498361.100	  13.801	8049
59907.833830	2216498359.700	  15.003	8049
59907.833952	2216498358.400	  15.452	8049
59907.834074	2216498357.000	  12.909	8049
59907.834196	2216498356.000	  11.073	8049
59907.834318	2216498354.700	  11.889	8049
59907.834440	2216498353.400	  10.961	8049
59907.834561	2216498352.200	  10.412	8049
59907.834683	2216498350.900	  12.936	8049
59907.834804	2216498349.900	   6.822	8049
59907.834926	2216498348.400	   6.254	8049
59907.835047	2216498347.200	  11.054	8049
59907.835169	2216498346.200	  15.185	8049
59907.835290	2216498344.700	  13.361	8049
59907.835412	2216498343.700	  14.830	8049
59907.835533	2216498342.600	  10.353	8049
59907.835655	2216498341.200	  10.659	8049
59907.835776	2216498340.200	  11.451	8049
59907.835898	2216498338.700	  12.691	8049
59907.836020	2216498337.800	  10.216	8049
59907.836141	2216498336.200	  10.346	8049
59907.836263	2216498335.100	  17.705	8049
59907.836385	2216498334.000	  16.427	8049
59907.836506	2216498332.800	   6.619	8049
59907.836628	2216498331.300	   8.757	8049
59907.836749	2216498330.300	  13.997	8049
59907.836871	2216498328.900	   9.287	8049
59907.836993	2216498327.700	  15.016	8049
59907.837115	2216498326.400	  16.902	8049
59907.837237	2216498325.100	  12.005	8049
59907.837359	2216498324.100	  10.772	8049
59907.837481	2216498322.700	  11.864	8049
59907.837602	2216498321.700	  13.577	8049
59907.837724	2216498320.300	  16.058	8049
59907.837845	2216498319.200	  10.940	8049
59907.837967	2216498317.400	   7.375	8049
59907.838088	2216498316.700	   9.749	8049
59907.838210	2216498315.300	  15.614	8049
59907.838332	2216498314.000	  13.642	8049
59907.838454	2216498312.900	  12.205	8049
59907.838576	2216498311.400	  12.987	8049
59907.838697	2216498310.200	  14.917	8049
59907.838819	2216498309.300	   6.360	8049
59907.838940	2216498307.900	   9.930	8049
59907.839062	2216498306.600	  16.017	8049
59907.839183	2216498305.600	   9.952	8049
59907.839305	2216498304.000	  13.185	8049
59907.839427	2216498302.800	  10.275	8049
59907.839548	2216498301.600	  10.892	8049
59907.839669	2216498300.300	   7.156	8049
59907.839791	2216498299.400	   9.918	8049
59907.839912	2216498297.900	  13.314	8049
59907.840034	2216498296.700	   5.811	8049
59907.840520	2216498291.200	   5.553	8049
59907.840642	2216498290.300	   7.613	8049
59907.840764	2216498289.000	   6.458	8049
59907.840885	2216498287.700	  12.194	8049
59907.841007	2216498286.600	   9.437	8049
59907.841129	2216498285.600	   7.540	8049
59907.841250	2216498284.000	  11.128	8049
59907.841372	2216498282.800	  13.250	8049
59907.841493	2216498281.400	   6.359	8049
59907.841615	2216498280.000	  16.495	8049
59907.841737	2216498279.300	   6.643	8049
59907.841859	2216498277.600	   8.618	8049
59907.841981	2216498276.400	   9.258	8049
59907.842102	2216498275.300	   8.810	8049
59907.842224	2216498273.600	  11.271	8049
59907.842346	2216498272.600	  13.985	8049
59907.842467	2216498271.400	  10.601	8049
59907.842589	2216498270.200	  12.077	8049
59907.842710	2216498268.600	   9.770	8049
59907.842832	2216498267.600	  13.422	8049
59907.842954	2216498266.100	   8.385	8049
59907.843075	2216498264.900	   8.368	8049
59907.843197	2216498263.800	  13.166	8049
59907.843319	2216498262.600	  10.822	8049
59907.843441	2216498261.200	  20.109	8049
59907.843563	2216498260.000	  12.920	8049
59907.843684	2216498258.700	   8.707	8049
59907.843806	2216498257.200	  15.022	8049
59907.843928	2216498255.900	  15.999	8049
59907.844049	2216498254.500	  17.314	8049
59907.844170	2216498253.200	  10.201	8049
59907.844292	2216498252.100	  13.913	8049
59907.844413	2216498250.900	  12.573	8049
59907.844535	2216498249.800	  16.498	8049
59907.844657	2216498248.500	   9.269	8049
59907.844778	2216498247.100	  14.386	8049
59907.844900	2216498245.400	  26.968	8049
59907.845021	2216498244.400	   7.481	8049
59907.845143	2216498243.100	   9.771	8049
59907.845265	2216498241.900	   9.510	8049
59907.845386	2216498240.500	  10.070	8049
59907.845508	2216498239.400	   6.716	8049
59907.845630	2216498237.700	   7.919	8049
59907.845752	2216498236.600	  13.798	8049
59907.845873	2216498235.400	  14.299	8049
59907.845995	2216498234.000	  14.034	8049
59907.846116	2216498232.800	  12.427	8049
59907.846238	2216498231.300	   9.696	8049
59907.846360	2216498230.000	  10.119	8049
59907.846481	2216498228.600	   9.878	8049
59907.846603	2216498227.500	  16.283	8049
59907.846724	2216498226.600	   6.771	8049
59907.846846	2216498224.900	   8.299	8049
59907.846968	2216498223.800	  16.526	8049
59907.847089	2216498222.400	   7.093	8049
59907.847211	2216498221.200	  12.380	8049
59907.847332	2216498219.800	   9.463	8049
59907.847454	2216498218.400	  12.882	8049
59907.847575	2216498217.200	  10.086	8049
59907.847697	2216498215.900	  11.295	8049
59907.847818	2216498214.700	   9.361	8049
59907.847940	2216498213.600	   7.324	8049
59907.848062	2216498211.700	  10.935	8049
59907.848183	2216498210.600	   9.448	8049
59907.848305	2216498209.400	  11.231	8049
59907.848427	2216498207.800	   7.017	8049
59907.848548	2216498206.900	   8.528	8049
59907.848670	2216498205.100	   7.365	8049
59907.848792	2216498204.200	   7.971	8049
59907.848913	2216498202.700	   8.094	8049
59907.849035	2216498201.600	  13.517	8049
59907.849157	2216498200.300	  16.324	8049
59907.849278	2216498199.200	  10.763	8049
59907.849399	2216498197.300	   8.483	8049
59907.849521	2216498196.200	  11.050	8049
59907.849643	2216498194.600	   8.148	8049
59907.849765	2216498193.400	  10.567	8049
59907.849886	2216498192.000	  11.216	8049
59907.850008	2216498190.900	  12.977	8049
59907.850130	2216498189.500	  10.329	8049
59907.850252	2216498188.400	  16.669	8049
59907.850373	2216498186.700	  10.774	8049
59907.850495	2216498185.400	  11.570	8049
59907.850617	2216498184.100	  16.542	8049
59907.850738	2216498183.000	   9.905	8049
59907.850860	2216498181.600	  10.996	8049
59907.850981	2216498180.400	   8.998	8049
59907.851103	2216498178.400	  10.815	8049
59907.851225	2216498177.500	  12.791	8049
59907.851347	2216498176.200	  11.819	8049
59907.851469	2216498174.800	  13.157	8049
59907.851591	2216498173.500	  11.796	8049
59907.851712	2216498172.000	   7.920	8049
59907.851834	2216498171.100	  12.465	8049
59907.851956	2216498169.800	  11.520	8049
59907.852077	2216498168.200	  11.031	8049
59907.852199	2216498167.100	  20.190	8049
59907.852321	2216498165.400	   9.460	8049
59907.852443	2216498164.200	  12.689	8049
59907.852564	2216498162.800	   8.475	8049
59907.852686	2216498161.800	  10.530	8049
59907.852807	2216498160.400	  20.710	8049
59907.852929	2216498158.800	  14.009	8049
59907.853051	2216498157.500	  12.263	8049
59907.853172	2216498155.800	   9.649	8049
59907.853294	2216498154.800	   9.350	8049
59907.853415	2216498153.700	  15.486	8049
59907.853537	2216498152.000	  13.673	8049
59907.853659	2216498150.600	   9.228	8049
59907.853780	2216498149.400	  11.493	8049
59907.853901	2216498148.200	   8.122	8049
59907.854023	2216498146.600	  16.933	8049
59907.854144	2216498145.300	  10.164	8049
59907.854266	2216498143.800	  11.196	8049
59907.854388	2216498142.700	   8.024	8049
59907.854509	2216498141.400	   7.574	8049
59907.854631	2216498140.000	  16.219	8049
59907.854753	2216498138.600	   9.151	8049
59907.854874	2216498137.500	   9.522	8049
59907.854996	2216498136.100	   8.629	8049
59907.855117	2216498134.700	  14.203	8049
59907.855239	2216498133.300	   9.126	8049
59907.855360	2216498132.100	  10.327	8049
59907.855482	2216498130.400	   9.294	8049
59907.855604	2216498129.200	  11.228	8049
59907.855725	2216498127.800	   8.319	8049
59907.855846	2216498126.700	   8.469	8049
59907.855968	2216498125.000	  14.499	8049
59907.856090	2216498124.300	   5.639	8049
59907.856212	2216498122.300	  10.345	8049
59907.856333	2216498121.300	   6.418	8049
59907.856455	2216498119.900	   7.656	8049
59907.856698	2216498117.100	   9.424	8049
59907.856820	2216498115.400	   8.559	8049
59907.856942	2216498114.000	  12.923	8049
59907.857063	2216498113.000	  15.943	8049
59907.857185	2216498111.500	  17.820	8049
59907.857306	2216498110.300	   7.592	8049
59907.857428	2216498109.000	   9.631	8049
59907.857550	2216498107.500	   8.318	8049
59907.857671	2216498105.800	   5.870	8049
59907.858036	2216498102.400	   6.067	8049
59907.858158	2216498100.800	   7.627	8049
59907.858280	2216498099.000	  10.158	8049
59907.858524	2216498096.400	   9.959	8049
59907.858645	2216498094.900	   6.742	8049
59907.858767	2216498093.700	   9.244	8049
59907.858889	2216498092.300	  13.873	8049
59907.859010	2216498091.000	   9.970	8049
59907.859132	2216498089.900	   8.983	8049
59907.859253	2216498088.300	   7.832	8049
59907.859375	2216498087.100	  10.853	8049
59907.859496	2216498085.400	   7.838	8049
59907.859618	2216498084.000	   9.056	8049
59907.859740	2216498082.900	  13.592	8049
59907.859862	2216498081.300	  10.331	8049
59907.859983	2216498080.200	  13.207	8049
59907.860105	2216498078.900	  12.320	8049
59907.860227	2216498077.500	  11.857	8049
59907.860348	2216498076.100	  11.543	8049
59907.860470	2216498074.400	   7.815	8049
59907.860592	2216498073.500	  11.816	8049
59907.860713	2216498072.100	  12.183	8049
59907.860835	2216498071.000	  11.839	8049
59907.860957	2216498069.600	   9.223	8049
59907.861078	2216498068.100	   9.431	8049
59907.861200	2216498066.900	   9.238	8049
59907.861322	2216498065.500	  12.863	8049
59907.861444	2216498064.300	   8.216	8049
59907.861566	2216498062.700	   9.063	8049
59907.861688	2216498061.600	  17.963	8049
59907.861810	2216498060.400	  12.294	8049
59907.861931	2216498058.800	  17.974	8049
59907.862053	2216498057.700	   8.042	8049
59907.862175	2216498056.400	  12.793	8049
59907.862296	2216498055.200	  17.462	8049
59907.862417	2216498053.700	  14.184	8049
59907.862539	2216498052.800	  11.214	8049
59907.862660	2216498051.227	   6.273	8049
59907.862782	2216498049.927	   7.558	8049
59907.862904	2216498048.427	  11.627	8049
59907.863026	2216498046.927	   5.875	8049
59907.863999	2216498036.127	  12.042	8049
59907.864121	2216498035.127	   5.735	8049
59907.864243	2216498033.727	   6.074	8049
59907.864486	2216498031.327	   5.009	8049
59907.864608	2216498029.727	   6.085	8049
59907.864729	2216498028.527	   5.475	8049
59907.864851	2216498027.127	  10.330	8049
59907.864972	2216498025.627	   8.883	8049
59907.865094	2216498024.527	   8.671	8049
59907.865459	2216498020.227	   9.358	8049
59907.866310	2216498011.027	   8.612	8049
59907.866431	2216498009.527	   9.404	8049
59907.866553	2216498008.527	   8.888	8049
59907.866797	2216498005.827	   6.610	8049
59907.867405	2216497998.827	  12.356	8049
59907.867770	2216497994.827	   6.923	8049
59907.867893	2216497993.527	   5.820	8049
59907.868015	2216497992.227	   6.223	8049
59907.868136	2216497990.927	   7.770	8049
59907.868258	2216497989.427	   7.721	8049
59907.868380	2216497988.327	   6.201	8049
59907.868501	2216497986.427	   6.187	8049
59907.868623	2216497985.227	   9.978	8049
59907.868745	2216497984.027	  11.052	8049
59907.868866	2216497982.727	   9.711	8049
59907.868988	2216497981.227	  10.568	8049
59907.869110	2216497980.227	   5.380	8049
59907.869232	2216497978.427	  14.193	8049
59907.869354	2216497977.327	  10.772	8049
59907.869475	2216497976.027	  10.945	8049
59907.869596	2216497974.427	   7.047	8049
59907.869718	2216497973.127	   6.026	8049
59907.869839	2216497971.827	   9.203	8049
59907.869961	2216497970.127	   6.721	8049
59907.870082	2216497969.327	  13.288	8049
59907.870205	2216497967.727	   9.973	8049
59907.870327	2216497966.327	  11.860	8049
59907.870448	2216497965.027	   9.544	8049
59907.870570	2216497963.627	   7.204	8049
59907.870692	2216497962.127	   8.488	8049
59907.870814	2216497960.427	   6.280	8049
59907.870936	2216497959.527	   8.038	8049
59907.871057	2216497958.227	  12.018	8049
59907.871179	2216497956.727	  10.077	8049
59907.871300	2216497955.427	   6.946	8049
59907.871422	2216497954.127	  12.442	8049
59907.871544	2216497952.727	  11.764	8049
59907.871666	2216497951.327	   6.068	8049
59907.871787	2216497949.727	   8.646	8049
59907.871909	2216497948.527	   6.390	8049
59907.872030	2216497947.027	   9.214	8049
59907.872151	2216497946.027	  14.209	8049
59907.872273	2216497944.627	  12.324	8049
59907.872394	2216497943.327	  10.985	8049
59907.872516	2216497941.727	  10.329	8049
59907.872638	2216497940.327	   6.016	8049
59907.872759	2216497938.927	  16.266	8049
59907.872881	2216497937.627	  12.746	8049
59907.873002	2216497935.927	  14.491	8049
59907.873124	2216497935.327	   9.995	8049
59907.873246	2216497932.927	   5.594	8049
59907.873367	2216497932.227	   9.894	8049
59907.873489	2216497931.027	  16.082	8049
59907.873610	2216497929.927	   7.119	8049
59907.873732	2216497927.827	  10.121	8049
59907.873853	2216497926.527	  12.325	8049
59907.873975	2216497925.427	  12.467	8049
59907.874097	2216497923.527	   7.732	8049
59907.874218	2216497922.527	   8.072	8049
59907.874340	2216497920.927	   6.700	8049
59907.874462	2216497919.827	  12.011	8049
59907.874583	2216497918.427	  10.707	8049
59907.874704	2216497917.127	  10.843	8049
59907.874826	2216497915.527	  11.729	8049
59907.874947	2216497914.427	  11.370	8049
59907.875069	2216497912.927	  11.807	8049
59907.875191	2216497911.227	   7.191	8049
59907.875313	2216497910.027	   8.270	8049
59907.875434	2216497909.027	   9.837	8049
59907.875556	2216497907.227	   6.747	8049
59907.875677	2216497905.827	  11.351	8049
59907.875799	2216497905.027	   9.467	8049
59907.875921	2216497903.327	  10.892	8049
59907.876042	2216497902.127	   8.020	8049
59907.876164	2216497900.327	  10.443	8049
59907.876285	2216497899.227	   8.309	8049
59907.876407	2216497897.327	  11.314	8049
59907.876528	2216497896.327	  18.010	8049
59907.876650	2216497894.827	   9.802	8049
59907.876771	2216497893.927	   8.318	8049
59907.876893	2216497892.427	  13.375	8049
59907.877014	2216497890.827	  10.411	8049
59907.877136	2216497889.827	  10.607	8049
59907.877257	2216497888.027	  18.090	8049
59907.877379	2216497886.527	   6.440	8049
59907.877501	2216497885.427	   7.866	8049
59907.877624	2216497883.727	   8.706	8049
59907.877745	2216497882.427	  16.660	8049
59907.877867	2216497881.027	  12.864	8049
59907.877989	2216497879.827	   8.577	8049
59907.878112	2216497878.127	   7.579	8049
59907.878234	2216497877.027	  10.918	8049
59907.878357	2216497875.327	   8.929	8049
59907.878479	2216497874.227	  11.835	8049
59907.878600	2216497872.727	  14.404	8049
59907.878722	2216497871.427	  13.187	8049
59907.878844	2216497869.927	  12.804	8049
59907.878966	2216497868.527	  11.159	8049
59907.879088	2216497867.327	  13.489	8049
59907.879209	2216497866.027	  16.608	8049
59907.879331	2216497864.127	  15.078	8049
59907.879454	2216497862.927	  11.388	8049
59907.879576	2216497861.927	  10.890	8049
59907.879698	2216497860.427	   9.982	8049
59907.879820	2216497858.827	   5.663	8049
59907.879941	2216497857.927	   6.441	8049
59907.880063	2216497856.027	   5.336	8049
59907.880185	2216497854.527	   8.221	8049
59907.880306	2216497853.027	   6.781	8049
59907.880428	2216497851.927	   6.465	8049
59907.880550	2216497850.427	   8.111	8049
59907.880672	2216497848.927	  10.952	8049
59907.880794	2216497847.727	   6.539	8049
59907.881037	2216497844.927	   8.693	8049
59907.881159	2216497843.527	  13.658	8049
59907.881281	2216497842.427	   9.190	8049
59907.881403	2216497840.727	   7.432	8049
59907.881525	2216497839.327	  12.060	8049
59907.881647	2216497837.727	  11.576	8049
59907.881768	2216497836.327	  10.510	8049
59907.881890	2216497835.127	   7.038	8049
59907.882012	2216497833.527	   8.444	8049
59907.882133	2216497832.227	  13.716	8049
59907.882256	2216497830.827	   8.585	8049
59907.882380	2216497829.627	   9.154	8049
59907.882504	2216497828.027	   9.251	8049
59907.882628	2216497826.227	  11.072	8049
59907.882751	2216497824.927	  10.413	8049
59907.882874	2216497823.627	   7.833	8049
59907.882996	2216497822.327	  10.035	8049
59907.883117	2216497821.227	   5.635	8049
59907.883239	2216497819.527	  10.667	8049
59907.883361	2216497818.027	  17.624	8049
59907.883483	2216497816.727	   7.281	8049
59907.883604	2216497815.227	   8.761	8049
59907.883848	2216497812.527	   9.020	8049
59907.884213	2216497808.227	  11.545	8049
59907.884457	2216497805.527	   7.700	8049
59907.884578	2216497804.827	   5.442	8049
59907.884821	2216497801.527	   7.773	8049
59907.884943	2216497800.127	  11.005	8049
59907.885064	2216497798.227	   9.544	8049
59907.885186	2216497797.227	   6.672	8049
59907.885429	2216497794.327	   8.433	8049
59907.885551	2216497792.827	   9.217	8049
59907.885672	2216497791.227	   7.843	8049
59907.885794	2216497789.627	   7.981	8049
59907.885916	2216497788.627	   6.045	8049
59907.886038	2216497787.527	   6.500	8049
59907.886160	2216497785.827	   8.704	8049
59907.886282	2216497784.427	   8.947	8049
59907.886404	2216497782.627	   8.886	8049
59907.886526	2216497781.327	   5.299	8049
59907.886891	2216497776.827	   5.802	8049
59907.887499	2216497770.627	   6.099	8049
59907.887621	2216497769.127	   5.228	8049
59907.887864	2216497766.227	   7.370	8049
59907.887986	2216497764.327	   8.766	8049
59907.888107	2216497763.127	   8.931	8049
59907.888229	2216497761.827	   6.923	8049
59907.888350	2216497760.227	   8.349	8049
59907.888472	2216497758.827	   6.681	8049
59907.888593	2216497757.427	   7.284	8049
59907.888715	2216497756.027	   9.363	8049
59907.888836	2216497754.627	   6.281	8049
59907.889080	2216497751.927	   9.172	8049
59907.889323	2216497749.227	   5.092	8049
59907.890782	2216497732.127	   5.385	8049
59907.891026	2216497729.327	   6.583	8049
59907.891148	2216497727.927	   7.459	8049
59907.891270	2216497726.427	   7.574	8049
59907.891757	2216497721.127	   6.474	8049
59907.892000	2216497718.127	  15.633	8049
59907.892121	2216497716.627	   5.386	8049
59907.892243	2216497715.227	   8.378	8049
59907.892486	2216497712.627	   5.906	8049
59907.892730	2216497709.527	   6.811	8049
59907.892851	2216497707.727	   5.164	8049
59907.892973	2216497706.627	   7.952	8049
59907.893461	2216497700.927	   7.278	8049
59907.893583	2216497699.327	   8.372	8049
59907.893704	2216497697.827	   8.180	8049
59907.893826	2216497696.627	   8.767	8049
59907.893947	2216497695.427	   5.618	8049
59907.894069	2216497693.927	   5.561	8049
59907.894191	2216497692.427	   7.411	8049
59907.894434	2216497689.527	   8.313	8049
59907.894800	2216497685.627	   5.832	8049
59907.895043	2216497682.427	   5.688	8049
59907.895165	2216497681.327	   6.431	8049
59907.895530	2216497677.027	   7.537	8049
59907.897237	2216497657.027	   8.053	8049
59907.897481	2216497653.927	   5.802	8049
59907.897604	2216497652.727	   8.440	8049
59907.897725	2216497651.127	   5.864	8049
59907.897847	2216497649.327	   5.385	8049
59907.897968	2216497648.727	   7.079	8049
59907.898211	2216497645.827	   5.780	8049
59907.898455	2216497642.727	   5.862	8049
59907.898576	2216497641.427	  10.279	8049
59907.898819	2216497638.527	   8.762	8049
59907.898940	2216497637.127	   6.411	8049
59907.899062	2216497635.827	  11.902	8049
59907.899304	2216497632.827	   7.772	8049
59907.899426	2216497631.627	   7.394	8049
59907.899548	2216497630.127	   6.677	8049
59907.899669	2216497628.927	   6.505	8049
59907.899791	2216497627.427	  10.018	8049
59907.899913	2216497626.127	  15.172	8049
59907.900034	2216497624.727	  10.821	8049
59907.900156	2216497623.327	  13.902	8049
59907.900278	2216497621.927	  14.202	8049
59907.900399	2216497620.427	   8.724	8049
59907.900522	2216497619.427	   7.728	8049
59907.900643	2216497617.827	   9.349	8049
59907.900765	2216497616.227	   8.787	8049
59907.900887	2216497614.527	   7.534	8049
59907.901009	2216497613.427	   8.997	8049
59907.901131	2216497612.027	   5.731	8049
59907.901252	2216497610.427	   9.739	8049
59907.901374	2216497609.227	   7.142	8049
59907.901496	2216497607.927	  11.830	8049
59907.901739	2216497605.027	   7.603	8049
59907.901860	2216497603.427	  10.098	8049
59907.901981	2216497602.027	   9.717	8049
59907.902103	2216497600.727	   9.613	8049
59907.902225	2216497599.727	  13.311	8049
59907.902347	2216497597.927	  11.170	8049
59907.902468	2216497596.727	  10.985	8049
59907.902590	2216497595.527	  10.832	8049
59907.902711	2216497594.127	   6.708	8049
59907.902833	2216497592.327	   8.004	8049
59907.902955	2216497591.227	   6.992	8049
59907.903076	2216497589.527	   6.999	8049
59907.903198	2216497588.327	   9.739	8049
59907.903319	2216497586.627	   6.390	8049
59907.903441	2216497585.627	   8.738	8049
59907.903684	2216497582.827	   9.824	8049
59907.903806	2216497581.327	  10.185	8049
59907.904050	2216497578.527	   6.083	8049
59907.904171	2216497576.927	   8.239	8049
59907.904293	2216497575.527	   6.059	8049
59907.904536	2216497572.827	   7.132	8049
59907.904658	2216497571.327	  10.589	8049
59907.904779	2216497570.327	   7.762	8049
59907.904901	2216497568.627	   8.626	8049
59907.905144	2216497565.527	   8.567	8049
59907.905266	2216497564.327	   7.553	8049
59907.905387	2216497563.027	   7.436	8049
59907.905509	2216497561.827	   6.341	8049
59907.905630	2216497560.127	   9.965	8049
59907.905752	2216497559.027	   7.393	8049
59907.905873	2216497557.527	  13.834	8049
59907.905995	2216497556.127	  11.030	8049
59907.906116	2216497554.527	   7.116	8049
59907.906238	2216497553.327	  14.832	8049
59907.906359	2216497551.927	   7.416	8049
59907.906481	2216497550.427	  11.568	8049
59907.906602	2216497549.127	  14.614	8049
59907.906723	2216497547.727	   5.410	8049
59907.906845	2216497546.627	  11.307	8049
59907.906966	2216497544.827	  29.175	8049
59907.907088	2216497543.327	   9.297	8049
59907.907209	2216497542.027	   5.601	8049
59907.907331	2216497540.927	  11.138	8049
59907.907452	2216497539.227	  11.146	8049
59907.907573	2216497537.827	   8.568	8049
59907.907695	2216497536.727	   8.910	8049
59907.907816	2216497535.327	   8.180	8049
59907.907938	2216497533.827	  11.174	8049
59907.908059	2216497532.527	   7.221	8049
59907.908181	2216497531.027	  18.848	8049
59907.908302	2216497529.827	   9.808	8049
59907.908423	2216497528.027	   9.629	8049
59907.908545	2216497526.827	   8.847	8049
59907.908666	2216497525.527	  10.919	8049
59907.908788	2216497523.927	  16.533	8049
59907.908909	2216497522.627	  16.039	8049
59907.909030	2216497521.127	  16.570	8049
59907.909152	2216497519.627	   8.629	8049
59907.909274	2216497518.627	  12.648	8049
59907.909395	2216497517.227	   9.455	8049
59907.909517	2216497516.127	   8.348	8049
59907.909638	2216497514.127	   9.099	8049
59907.909760	2216497513.027	  13.256	8049
59907.909881	2216497511.027	  11.100	8049
59907.910002	2216497510.227	  12.247	8049
59907.910124	2216497508.527	  11.837	8049
59907.910246	2216497507.127	  15.264	8049
59907.910367	2216497506.127	   9.253	8049
59907.910489	2216497504.827	   7.898	8049
59907.910611	2216497503.227	   6.067	8049
59907.910732	2216497501.527	   6.631	8049
59907.910854	2216497500.127	   8.549	8049
59907.910975	2216497498.827	   8.463	8049
59907.911097	2216497497.027	   6.416	8049
59907.911219	2216497495.927	   9.553	8049
59907.911340	2216497494.227	   8.464	8049
59907.911584	2216497487.927	   7.144	8049
59907.911705	2216497485.727	   8.868	8049
59907.911949	2216497482.927	  14.182	8049
59907.912194	2216497480.427	   6.247	8049
59907.912315	2216497478.227	   5.702	8049
59907.912437	2216497477.427	   6.493	8049
59907.912558	2216497475.727	   8.630	8049
59907.912680	2216497474.827	   6.959	8049
59907.912802	2216497473.727	   7.272	8049
59907.912923	2216497472.627	   7.461	8049
59907.913044	2216497471.227	   9.646	8049
59907.913166	2216497470.227	   7.111	8049
59907.913288	2216497467.427	   8.511	8049
59907.913409	2216497466.427	   8.823	8049
59907.913531	2216497465.127	   6.175	8049
59907.913652	2216497463.727	   9.633	8049
59907.913774	2216497461.627	   6.016	8049
59907.913895	2216497460.327	   5.699	8049
59907.914017	2216497458.827	   9.292	8049
59907.914138	2216497458.027	   5.966	8049
59907.914260	2216497456.127	   7.223	8049
59907.914382	2216497454.927	   9.246	8049
59907.914503	2216497453.427	   5.227	8049
59907.914624	2216497452.427	   8.514	8049
59907.914746	2216497450.427	  15.506	8049
59907.914867	2216497449.427	   9.735	8049
59907.914989	2216497447.627	   6.131	8049
59907.915110	2216497446.127	   6.630	8049
59907.915232	2216497445.227	   7.724	8049
59907.915353	2216497443.427	   7.055	8049
59907.915475	2216497442.127	  13.333	8049
59907.915597	2216497440.627	   6.588	8049
59907.915719	2216497439.227	   9.139	8049
59907.915840	2216497437.827	  12.351	8049
59907.915962	2216497436.427	  11.613	8049
59907.916084	2216497434.827	  12.550	8049
59907.916205	2216497433.827	  11.581	8049
59907.916326	2216497432.227	   6.917	8049
59907.916448	2216497430.827	  12.597	8049
59907.916569	2216497429.727	  10.075	8049
59907.916690	2216497427.827	   7.027	8049
59907.916812	2216497426.327	  11.137	8049
59907.916933	2216497424.927	  11.947	8049
59907.917054	2216497423.827	  10.834	8049
59907.917176	2216497422.627	   7.852	8049
59907.917297	2216497421.027	  15.862	8049
59907.917419	2216497419.427	   9.681	8049
59907.917540	2216497417.827	  15.457	8049
59907.917662	2216497416.727	  13.695	8049
59907.917784	2216497415.227	   7.171	8049
59907.917905	2216497413.727	  10.912	8049
59907.918027	2216497412.127	  12.008	8049
59907.918148	2216497410.827	   9.970	8049
59907.918270	2216497409.027	  14.159	8049
59907.918391	2216497408.027	  13.686	8049
59907.918513	2216497406.627	   6.568	8049
59907.918634	2216497405.027	   7.917	8049
59907.918756	2216497403.327	   8.954	8049
59907.918878	2216497402.327	  14.847	8049
59907.919000	2216497400.727	   7.663	8049
59907.919122	2216497399.327	  15.723	8049
59907.919243	2216497397.827	   7.213	8049
59907.919365	2216497396.627	  13.025	8049
59907.919487	2216497395.127	   5.809	8049
59907.919609	2216497393.927	  11.102	8049
59907.919730	2216497392.127	   8.847	8049
59907.919852	2216497391.127	  14.454	8049
59907.919974	2216497389.827	  12.968	8049
59907.920096	2216497388.127	   6.741	8049
59907.920218	2216497387.027	  12.413	8049
59907.920340	2216497385.727	  10.169	8049
59907.920461	2216497383.927	   8.650	8049
59907.920583	2216497382.927	   8.384	8049
59907.920704	2216497381.427	   8.146	8049
59907.920826	2216497380.127	  12.923	8049
59907.921068	2216497377.427	   5.946	8049
59907.921189	2216497375.727	   9.545	8049
59907.921311	2216497374.827	   8.267	8049
59907.921432	2216497373.227	   8.047	8049
59907.921553	2216497372.227	   5.429	8049
59907.921675	2216497370.727	   7.685	8049
59907.921796	2216497369.327	  12.506	8049
59907.921918	2216497367.327	   6.687	8049
59907.922040	2216497366.627	  15.215	8049
59907.922161	2216497365.327	   8.965	8049
59907.922283	2216497363.727	  13.552	8049
59907.922404	2216497362.327	  22.627	8049
59907.922526	2216497361.027	  15.561	8049
59907.922647	2216497359.627	   8.911	8049
59907.922769	2216497358.127	  11.002	8049
59907.922891	2216497357.127	  10.479	8049
59907.923012	2216497355.227	   6.904	8049
59907.923134	2216497354.027	   7.804	8049
59907.923255	2216497352.827	  12.343	8049
59907.923377	2216497351.227	   5.250	8049
59907.923498	2216497350.027	  13.587	8049
59907.923620	2216497348.327	  10.970	8049
59907.923741	2216497347.327	   6.746	8049
59907.923863	2216497345.927	   6.211	8049
59907.923985	2216497344.527	  11.082	8049
59907.924106	2216497342.527	   7.124	8049
59907.924349	2216497340.227	   8.591	8049
59907.924471	2216497338.827	  10.090	8049
59907.924592	2216497337.127	   7.636	8049
59907.924835	2216497335.027	   5.736	8049
59907.924957	2216497333.127	   7.516	8049
59907.925200	2216497330.227	   7.351	8049
59907.925322	2216497328.927	  12.325	8049
59907.925443	2216497327.827	   6.363	8049
59907.925565	2216497325.927	   6.920	8049
59907.925686	2216497325.027	   6.881	8049
59907.925808	2216497323.727	   5.047	8049
59907.926051	2216497320.327	   7.610	8049
59907.926295	2216497317.527	   7.589	8049
59907.926417	2216497316.027	   5.745	8049
59907.926903	2216497310.527	   6.762	8049
59907.927146	2216497307.527	   9.327	8049
59907.927754	2216497300.527	   5.285	8049
59907.928119	2216497296.227	  13.398	8049
59907.928726	2216497289.127	   6.829	8049
59907.928848	2216497287.827	   6.772	8049
59907.928969	2216497286.127	   6.299	8049
59907.929212	2216497283.227	   8.962	8049
59907.929820	2216497276.127	   5.058	8049
59907.929941	2216497274.327	   9.131	8049
59907.930063	2216497272.527	   7.221	8049
59907.931399	2216497256.827	   5.579	8049
59907.931521	2216497255.727	   5.485	8049
59907.931885	2216497251.227	   6.766	8049
59907.932007	2216497249.800	  13.224	8049
59907.932128	2216497248.200	  13.526	8049
59907.932250	2216497246.600	  18.066	8049
59907.932371	2216497245.100	  12.089	8049
59907.932492	2216497243.800	  12.221	8049
59907.932614	2216497242.200	   7.225	8049
59907.932736	2216497240.900	  12.222	8049
59907.932857	2216497239.200	  10.405	8049
59907.932978	2216497238.000	   9.447	8049
59907.933100	2216497236.500	  13.612	8049
59907.933222	2216497235.000	  16.772	8049
59907.933343	2216497233.700	  11.493	8049
59907.933465	2216497232.400	  12.650	8049
59907.933587	2216497231.100	  15.921	8049
59907.933709	2216497229.800	  11.474	8049
59907.933831	2216497228.300	  10.977	8049
59907.933952	2216497227.000	   7.894	8049
59907.934074	2216497225.700	  11.241	8049
59907.934195	2216497224.100	   7.618	8049
59907.934317	2216497222.900	  10.878	8049
59907.934438	2216497221.600	  10.064	8049
59907.934560	2216497220.200	  11.371	8049
59907.934682	2216497218.700	  10.290	8049
59907.934803	2216497217.400	  13.994	8049
59907.934925	2216497215.727	   7.581	8049
59907.935046	2216497214.600	  10.190	8049
59907.935167	2216497213.300	  10.119	8049
59907.935289	2216497212.300	  12.632	8049
59907.935410	2216497210.900	  17.671	8049
59907.935531	2216497209.200	  10.408	8049
59907.935653	2216497207.800	  12.776	8049
59907.935774	2216497206.227	   7.487	8049
59907.935895	2216497205.400	  10.159	8049
59907.936016	2216497204.100	   8.950	8049
59907.936138	2216497202.627	  10.010	8049
59907.936259	2216497200.900	   8.448	8049
59907.936381	2216497199.900	  15.651	8049
59907.936503	2216497198.500	  10.793	8049
59907.936624	2216497197.300	  14.012	8049
59907.936746	2216497195.900	  12.221	8049
59907.936867	2216497194.200	   9.994	8049
59907.936989	2216497192.800	   9.279	8049
59907.937110	2216497191.400	  12.310	8049
59907.937232	2216497190.100	   9.019	8049
59907.937354	2216497189.100	   8.768	8049
59907.937475	2216497187.500	   9.549	8049
59907.937596	2216497186.327	   8.178	8049
59907.937718	2216497184.800	   8.671	8049
59907.937839	2216497183.300	  13.479	8049
59907.937961	2216497182.100	   9.918	8049
59907.938082	2216497180.800	  15.616	8049
59907.938204	2216497179.200	  15.324	8049
59907.938325	2216497178.027	  10.286	8049
59907.938447	2216497176.200	  19.850	8049
59907.938568	2216497175.200	  16.154	8049
59907.938690	2216497174.027	   7.072	8049
59907.938811	2216497172.000	   8.935	8049
59907.938933	2216497170.700	  11.326	8049
59907.939055	2216497169.300	  15.869	8049
59907.939176	2216497167.900	  13.820	8049
59907.939298	2216497166.800	  12.209	8049
59907.939419	2216497165.600	  12.785	8049
59907.939541	2216497163.727	  12.736	8049
59907.939662	2216497162.027	   7.272	8049
59907.939783	2216497161.100	  10.491	8049
59907.939905	2216497159.500	  11.757	8049
59907.940026	2216497158.200	  10.883	8049
59907.940148	2216497156.800	  13.060	8049
59907.940269	2216497155.300	  12.817	8049
59907.940391	2216497154.127	  17.469	8049
59907.940513	2216497152.800	  10.382	8049
59907.940634	2216497151.027	  10.907	8049
59907.940756	2216497149.900	  10.660	8049
59907.940878	2216497148.500	   9.897	8049
59907.941000	2216497146.900	  20.351	8049
59907.941122	2216497145.627	  12.847	8049
59907.941243	2216497144.100	   9.173	8049
59907.941365	2216497142.727	  17.316	8049
59907.941487	2216497141.400	  15.504	8049
59907.941608	2216497139.900	  15.757	8049
59907.941731	2216497138.400	  10.419	8049
59907.941852	2216497137.100	  15.231	8049
59907.941974	2216497135.900	  11.554	8049
59907.942096	2216497133.727	  11.036	8049
59907.942218	2216497133.027	  11.754	8049
59907.942339	2216497131.600	  11.984	8049
59907.942461	2216497129.700	   8.686	8049
59907.942583	2216497128.600	   9.201	8049
59907.942706	2216497126.927	   8.284	8049
59907.942828	2216497125.300	   7.888	8049
59907.942950	2216497124.400	  12.801	8049
59907.943072	2216497123.027	  10.026	8049
59907.943193	2216497121.000	   5.711	8049
59907.943314	2216497119.900	  18.718	8049
59907.943436	2216497118.600	   7.860	8049
59907.943558	2216497117.000	  10.083	8049
59907.943680	2216497115.527	   9.169	8049
59907.943802	2216497114.200	   6.354	8049
59907.943924	2216497113.000	   7.962	8049
59907.944047	2216497111.500	  10.975	8049
59907.944169	2216497110.000	   9.977	8049
59907.944291	2216497108.600	   7.833	8049
59907.944413	2216497107.100	  14.520	8049
59907.944535	2216497105.400	  10.926	8049
59907.944657	2216497104.200	   9.046	8049
59907.944780	2216497102.400	   9.932	8049
59907.944902	2216497101.200	  14.956	8049
59907.945025	2216497099.900	   9.218	8049
59907.945147	2216497098.200	   9.207	8049
59907.945269	2216497096.500	   6.983	8049
59907.945391	2216497095.600	  11.041	8049
59907.945513	2216497094.000	   8.505	8049
59907.945634	2216497092.300	  11.241	8049
59907.945756	2216497091.000	  12.627	8049
59907.945878	2216497089.300	  11.607	8049
59907.946000	2216497087.800	  10.196	8049
59907.946123	2216497086.600	  11.246	8049
59907.946246	2216497085.200	   9.300	8049
59907.946368	2216497084.000	  15.288	8049
59907.946490	2216497082.200	  13.097	8049
59907.946611	2216497080.500	  11.522	8049
59907.946733	2216497079.100	   5.426	8049
59907.946855	2216497077.900	   6.522	8049
59907.946978	2216497076.200	  12.165	8049
59907.947100	2216497075.000	   8.313	8049
59907.947222	2216497073.200	  15.499	8049
59907.947344	2216497072.000	  10.712	8049
59907.947465	2216497070.900	  10.733	8049
59907.947587	2216497069.100	   8.458	8049
59907.947708	2216497068.000	  12.735	8049
59907.947829	2216497066.800	   9.102	8049
59907.947951	2216497065.400	  13.785	8049
59907.948072	2216497064.100	  10.268	8049
59907.948193	2216497062.700	  15.189	8049
59907.948315	2216497061.500	  10.147	8049
59907.948437	2216497060.200	  11.548	8049
59907.948558	2216497058.600	  11.210	8049
59907.948680	2216497057.500	  11.765	8049
59907.948801	2216497056.100	  11.628	8049
59907.948923	2216497054.700	   7.662	8049
59907.949044	2216497053.300	  11.470	8049
59907.949166	2216497052.100	  17.175	8049
59907.949289	2216497050.300	   9.878	8049
59907.949411	2216497049.300	  11.350	8049
59907.949533	2216497047.900	  11.506	8049
59907.949655	2216497046.800	   6.383	8049
59907.949777	2216497045.600	   7.958	8049
59907.949899	2216497044.000	  13.603	8049
59907.950021	2216497042.600	  13.943	8049
59907.950143	2216497041.027	  11.175	8049
59907.950264	2216497040.000	  11.416	8049
59907.950386	2216497038.300	  14.413	8049
59907.950508	2216497037.527	   8.059	8049
59907.950629	2216497035.927	   8.477	8049
59907.950751	2216497034.400	   9.534	8049
59907.950873	2216497033.100	   8.321	8049
59907.950994	2216497031.800	   8.336	8049
59907.951116	2216497030.400	   9.147	8049
59907.951237	2216497029.400	  11.629	8049
59907.951359	2216497027.700	   7.440	8049
59907.951480	2216497026.300	  10.779	8049
59907.951602	2216497025.200	  20.511	8049
59907.951724	2216497023.700	  12.236	8049
59907.951845	2216497022.500	   9.097	8049
59907.951967	2216497021.300	   7.767	8049
59907.952089	2216497019.600	  13.099	8049
59907.952210	2216497018.300	  12.940	8049
59907.952332	2216497016.600	   8.208	8049
59907.952453	2216497015.700	  13.609	8049
59907.952575	2216497014.200	  16.189	8049
59907.952697	2216497012.600	  14.780	8049
59907.952818	2216497011.800	   9.169	8049
59907.952940	2216497010.027	   7.368	8049
59907.953061	2216497008.627	  10.136	8049
59907.953183	2216497007.727	   7.492	8049
59907.953304	2216497005.827	   7.707	8049
59907.953426	2216497004.327	   7.393	8049
59907.953670	2216497001.727	   8.861	8049
59907.953794	2216497000.127	  10.292	8049
59907.953918	2216496999.027	   8.841	8049
59907.954042	2216496997.827	   6.890	8049
59907.954165	2216496996.527	   7.482	8049
59907.954288	2216496994.527	   6.031	8049
59907.954410	2216496993.027	   7.105	8049
59907.954531	2216496992.127	   8.600	8049
59907.954653	2216496990.527	   8.826	8049
59907.954774	2216496989.227	   7.838	8049
59907.954896	2216496987.827	   5.773	8049
59907.955019	2216496986.327	   5.375	8049
59907.955141	2216496984.927	   8.723	8049
59907.955264	2216496983.527	  10.044	8049
59907.955508	2216496981.127	   8.176	8049
59907.955631	2216496979.227	   7.048	8049
59907.955755	2216496978.027	   6.772	8049
59907.955999	2216496974.927	   6.428	8049
59907.956244	2216496972.627	   7.564	8049
59907.956731	2216496966.727	  12.456	8049
59907.957096	2216496962.727	   7.130	8049
59907.957460	2216496958.427	   8.439	8049
59907.957947	2216496952.927	   5.801	8049
59907.958799	2216496942.927	   5.602	8049
59907.959042	2216496940.627	   6.411	8049
59907.959164	2216496938.727	   8.141	8049
59907.959286	2216496937.227	   6.570	8049
59907.960014	2216496928.127	   5.005	8049
59907.960136	2216496927.227	   6.124	8049
59907.961229	2216496914.027	   8.676	8049
59907.961473	2216496911.827	   5.550	8049
59907.961716	2216496909.027	   9.720	8049
59907.962081	2216496905.027	   5.485	8049
59907.962203	2216496903.527	   6.279	8049
59907.962568	2216496899.827	  10.913	8049
59907.965121	2216496872.227	   6.393	8049
59907.965364	2216496869.827	   5.333	8049
59907.965486	2216496868.127	   6.639	8049
59907.965607	2216496866.527	   7.417	8049
59907.972317	2216496792.627	   5.883	8049
59907.972440	2216496791.027	   6.504	8049
59907.972561	2216496789.627	   6.772	8049
59907.972683	2216496788.127	   6.761	8049
59907.972927	2216496785.627	  10.989	8049
59907.973049	2216496784.327	   9.546	8049
59907.973293	2216496781.527	   9.687	8049
59907.973414	2216496780.327	  11.460	8049
59907.974146	2216496771.727	   7.903	8049
59907.974389	2216496768.827	   6.808	8049
59907.974511	2216496767.427	  11.700	8049
59907.974756	2216496764.527	  11.459	8049
59907.974877	2216496763.627	   9.237	8049
59907.974999	2216496762.027	   9.524	8049
59907.975243	2216496759.227	  10.181	8049
59907.975608	2216496754.827	   6.606	8049
59907.975729	2216496754.027	   5.424	8049
59907.975972	2216496750.927	   6.126	8049
59907.976094	2216496749.627	   5.133	8049
59907.976216	2216496747.927	   5.122	8049
59907.976580	2216496744.227	   7.790	8049
59907.976702	2216496743.427	   5.663	8049
59907.976824	2216496741.827	   5.664	8049
59907.976945	2216496740.827	   7.888	8049
59907.977189	2216496738.427	  10.242	8049
59907.977310	2216496736.727	   6.157	8049
59907.977432	2216496735.827	   7.411	8049
59907.977553	2216496734.827	   5.708	8049
59907.977675	2216496733.327	   6.199	8049
59907.977796	2216496732.227	   6.988	8049
59907.977918	2216496730.727	   7.747	8049
59907.978161	2216496728.127	   6.013	8049
59907.978282	2216496726.727	   7.167	8049
59907.978404	2216496725.127	   6.115	8049
59907.978525	2216496724.427	   7.497	8049
59907.978647	2216496722.827	   8.461	8049
59907.978768	2216496721.827	   6.734	8049
59907.978889	2216496720.427	   6.435	8049
59907.979010	2216496719.327	   6.344	8049
59907.979132	2216496718.027	   5.018	8049
59907.979253	2216496716.627	   9.814	8049
59907.979374	2216496715.627	   8.560	8049
59907.979617	2216496712.927	   5.007	8049
59907.979860	2216496710.427	   7.309	8049
59907.980104	2216496707.627	   5.930	8049
59907.980226	2216496706.527	   5.733	8049
59907.980347	2216496705.327	   6.474	8049
59907.980590	2216496702.227	   6.857	8049
59907.980711	2216496701.227	   5.032	8049
59907.980833	2216496700.327	   6.125	8049
59907.980954	2216496698.527	   5.968	8049
59907.981075	2216496697.527	   9.156	8049
59907.981439	2216496693.727	   6.905	8049
59907.981681	2216496691.127	   5.187	8049
59907.981802	2216496689.827	   6.367	8049
59907.981924	2216496688.227	  12.845	8049
59907.982045	2216496687.327	   6.184	8049
59907.983018	2216496677.027	   8.151	8049
59907.983504	2216496671.127	   7.094	8049
59907.983625	2216496670.227	   7.075	8049
59907.983746	2216496668.827	   6.149	8049
59907.984353	2216496662.527	   6.083	8049
59907.984960	2216496655.727	   8.539	8049
59907.985568	2216496649.227	   6.834	8049
59907.985689	2216496647.427	   5.951	8049
59907.987147	2216496632.227	   5.122	8049
59907.987390	2216496629.427	   7.208	8049
59907.987512	2216496628.327	   9.102	8049
59907.988118	2216496621.527	   5.544	8049
59907.988847	2216496613.427	   6.500	8049
59907.988968	2216496612.127	  11.281	8049
59907.989697	2216496604.327	   9.537	8049
59907.989818	2216496602.627	   7.852	8049
59907.990183	2216496598.727	   7.553	8049
59907.990304	2216496597.227	   8.132	8049
59907.990426	2216496595.927	   5.502	8049
59907.990547	2216496594.727	   5.780	8049
59907.990669	2216496593.427	   7.479	8049
59907.991033	2216496590.027	   6.013	8049
59907.991276	2216496587.427	   5.478	8049
59907.991398	2216496586.227	  11.607	8049
59907.991519	2216496584.927	   5.736	8049
59907.991762	2216496582.227	   6.128	8049
