59905.688581	2216500783.727	   5.086	8049
59905.688824	2216500781.727	   5.128	8049
59905.688945	2216500780.227	   8.246	8049
59905.689066	2216500778.827	   6.294	8049
59905.689308	2216500775.927	  11.068	8049
59905.689430	2216500774.427	   7.670	8049
59905.689551	2216500773.027	  10.841	8049
59905.689672	2216500771.827	  10.202	8049
59905.689794	2216500770.227	   7.631	8049
59905.689915	2216500768.827	   6.876	8049
59905.690037	2216500767.727	  10.644	8049
59905.690158	2216500766.327	   8.543	8049
59905.690280	2216500764.827	   8.942	8049
59905.690402	2216500763.727	  12.857	8049
59905.690524	2216500762.427	   9.153	8049
59905.690646	2216500760.927	  15.217	8049
59905.690768	2216500760.027	  10.596	8049
59905.690890	2216500758.327	  11.799	8049
59905.691011	2216500757.027	  13.426	8049
59905.691133	2216500755.727	   9.599	8049
59905.691255	2216500754.627	  11.160	8049
59905.691376	2216500753.327	  11.938	8049
59905.691498	2216500751.727	  11.819	8049
59905.691620	2216500750.627	  17.356	8049
59905.691741	2216500749.327	  18.748	8049
59905.691863	2216500748.227	  13.280	8049
59905.691985	2216500746.627	  11.736	8049
59905.692107	2216500745.427	  15.166	8049
59905.692229	2216500744.027	  15.493	8049
59905.692350	2216500742.927	  12.201	8049
59905.692472	2216500742.027	   6.961	8049
59905.692594	2216500740.427	   6.519	8049
59905.692716	2216500739.027	  10.485	8049
59905.692838	2216500738.027	   8.135	8049
59905.692959	2216500736.827	   8.644	8049
59905.693081	2216500735.227	  13.946	8049
59905.693202	2216500733.827	  13.900	8049
59905.693324	2216500732.600	  10.545	8049
59905.693445	2216500731.127	  15.986	8049
59905.693567	2216500729.927	  16.742	8049
59905.693689	2216500728.527	   8.670	8049
59905.693810	2216500727.327	  10.215	8049
59905.693932	2216500726.027	  12.689	8049
59905.694053	2216500724.627	   9.956	8049
59905.694175	2216500723.127	  20.970	8049
59905.694297	2216500722.227	  10.072	8049
59905.694419	2216500720.927	  11.752	8049
59905.694541	2216500719.327	   9.500	8049
59905.694662	2216500718.327	   8.930	8049
59905.694784	2216500716.927	  10.215	8049
59905.694905	2216500715.627	  11.349	8049
59905.695027	2216500714.127	   7.964	8049
59905.695148	2216500713.027	  10.372	8049
59905.695270	2216500711.427	  12.660	8049
59905.695392	2216500710.127	  10.326	8049
59905.698742	2216500673.227	  12.908	8049
59905.698861	2216500671.927	  18.513	8049
59905.698981	2216500670.400	   8.802	8049
59905.699101	2216500668.927	   7.955	8049
59905.699222	2216500667.427	   8.991	8049
59905.699343	2216500666.627	  12.081	8049
59905.699463	2216500664.827	   8.302	8049
59905.699583	2216500663.800	   8.171	8049
59905.699704	2216500661.927	  14.042	8049
59905.699824	2216500660.627	   8.095	8049
59905.699944	2216500659.427	  14.759	8049
59905.700063	2216500658.227	  13.782	8049
59905.700183	2216500656.527	   7.778	8049
59905.700303	2216500655.327	  11.125	8049
59905.700423	2216500653.727	  17.657	8049
59905.700544	2216500652.327	   6.707	8049
59905.700665	2216500650.927	   9.024	8049
59905.700786	2216500649.627	  16.398	8049
59905.700907	2216500647.827	  11.168	8049
59905.701028	2216500646.627	  11.526	8049
59905.701149	2216500645.427	   9.603	8049
59905.701271	2216500643.727	   8.549	8049
59905.701392	2216500642.600	   9.143	8049
59905.701513	2216500641.227	   9.050	8049
59905.701634	2216500639.700	  14.610	8049
59905.701755	2216500638.527	   7.857	8049
59905.701876	2216500637.027	  12.510	8049
59905.701998	2216500635.727	  12.320	8049
59905.702119	2216500634.127	  17.207	8049
59905.702483	2216500630.327	  10.270	8049
59905.702605	2216500628.927	   8.711	8049
59905.702726	2216500627.627	   6.823	8049
59905.702847	2216500626.027	  11.074	8049
59905.702968	2216500624.727	  14.595	8049
59905.703089	2216500623.327	  10.016	8049
59905.703211	2216500621.927	  14.459	8049
59905.703332	2216500620.327	   7.711	8049
59905.703453	2216500618.827	   9.813	8049
59905.703574	2216500617.827	  10.308	8049
59905.703696	2216500616.127	  12.993	8049
59905.703818	2216500614.627	  11.196	8049
59905.703939	2216500613.027	  12.773	8049
59905.704061	2216500611.827	   8.340	8049
59905.704182	2216500610.200	   7.440	8049
59905.704303	2216500609.227	   9.677	8049
59905.704425	2216500607.727	   6.488	8049
59905.704546	2216500606.127	   8.203	8049
59905.704667	2216500604.827	   7.722	8049
59905.704788	2216500603.527	  17.459	8049
59905.704909	2216500601.727	  12.656	8049
59905.705030	2216500600.500	   7.419	8049
59905.705151	2216500599.027	   9.755	8049
59905.705272	2216500597.427	  14.079	8049
59905.705393	2216500596.327	  11.745	8049
59905.705514	2216500594.527	   7.614	8049
59905.705636	2216500593.427	   8.209	8049
59905.705757	2216500591.727	  11.551	8049
59905.705878	2216500590.427	   7.041	8049
59905.705999	2216500589.327	   9.802	8049
59905.706121	2216500587.627	   6.979	8049
59905.706242	2216500586.100	  10.310	8049
59905.706364	2216500584.700	   8.101	8049
59905.706485	2216500583.300	  10.567	8049
59905.706606	2216500582.100	  10.983	8049
59905.706728	2216500580.727	  21.903	8049
59905.706849	2216500579.027	   9.740	8049
59905.706970	2216500577.527	   9.201	8049
59905.707091	2216500575.927	  11.467	8049
59905.707212	2216500574.427	  12.842	8049
59905.707333	2216500573.127	  10.854	8049
59905.707454	2216500571.527	  11.122	8049
59905.707575	2216500570.127	   9.458	8049
59905.707696	2216500568.927	   9.834	8049
59905.707817	2216500567.800	   7.321	8049
59905.707938	2216500565.727	  13.223	8049
59905.708060	2216500564.227	   7.025	8049
59905.708181	2216500563.327	   8.903	8049
59905.708302	2216500561.327	   9.378	8049
59905.708423	2216500560.127	  12.170	8049
59905.708545	2216500558.427	  13.208	8049
59905.708666	2216500557.127	  11.635	8049
59905.708788	2216500555.627	  16.130	8049
59905.708909	2216500554.427	  10.574	8049
59905.709030	2216500552.527	   7.745	8049
59905.709152	2216500551.327	   9.009	8049
59905.709273	2216500549.927	  11.970	8049
59905.709394	2216500548.427	  13.330	8049
59905.709515	2216500546.927	   9.494	8049
59905.709636	2216500545.227	   8.969	8049
59905.709758	2216500544.127	   9.225	8049
59905.709879	2216500542.027	   8.374	8049
59905.710002	2216500540.827	   8.334	8049
59905.710124	2216500539.627	   9.329	8049
59905.710245	2216500538.327	  14.795	8049
59905.710366	2216500536.527	  10.124	8049
59905.710488	2216500535.327	  11.369	8049
59905.710609	2216500534.027	  10.050	8049
59905.710730	2216500532.627	   9.332	8049
59905.710852	2216500531.227	  14.918	8049
59905.710973	2216500530.227	  10.361	8049
59905.711094	2216500528.427	   9.231	8049
59905.711216	2216500527.127	  16.133	8049
59905.711337	2216500526.027	   6.711	8049
59905.711458	2216500524.000	   6.989	8049
59905.711580	2216500523.327	  11.010	8049
59905.711702	2216500521.327	   7.133	8049
59905.711823	2216500520.227	  10.146	8049
59905.711945	2216500519.027	  15.903	8049
59905.712066	2216500517.327	  10.183	8049
59905.712188	2216500515.827	  14.802	8049
59905.712310	2216500514.727	  22.324	8049
59905.712431	2216500512.927	  14.296	8049
59905.712553	2216500511.927	   8.309	8049
59905.712674	2216500510.227	  11.148	8049
59905.712795	2216500508.827	  19.467	8049
59905.712917	2216500507.527	  19.030	8049
59905.713038	2216500506.027	   9.082	8049
59905.713160	2216500504.800	  10.744	8049
59905.713281	2216500503.227	   8.781	8049
59905.713402	2216500502.227	   5.208	8049
59905.713524	2216500500.327	   6.621	8049
59905.713645	2216500498.827	   7.592	8049
59905.713766	2216500497.427	  14.485	8049
59905.713887	2216500496.527	   7.364	8049
59905.714008	2216500494.927	   7.426	8049
59905.714130	2216500493.327	   5.003	8049
59905.714252	2216500491.927	   8.020	8049
59905.714373	2216500490.927	   5.052	8049
59905.714494	2216500489.327	  13.517	8049
59905.714615	2216500487.727	   8.413	8049
59905.714737	2216500486.327	  10.520	8049
59905.714858	2216500485.227	   5.038	8049
59905.714979	2216500483.627	   6.218	8049
59905.715100	2216500482.227	   6.267	8049
59905.715222	2216500480.527	   8.101	8049
59905.715343	2216500479.427	  10.539	8049
59905.715464	2216500478.327	  10.293	8049
59905.715585	2216500476.627	   8.184	8049
59905.715949	2216500471.527	   5.890	8049
59905.716070	2216500470.527	   9.310	8049
59905.716192	2216500469.127	   8.490	8049
59905.716313	2216500467.527	  11.676	8049
59905.716556	2216500464.727	   7.582	8049
59905.716800	2216500462.127	  12.992	8049
59905.716921	2216500460.327	   5.603	8049
59905.717043	2216500459.027	  10.409	8049
59905.717164	2216500457.527	   7.868	8049
59905.717286	2216500456.027	   6.504	8049
59905.717408	2216500454.627	  11.154	8049
59905.717529	2216500453.427	   7.885	8049
59905.717651	2216500451.527	   7.923	8049
59905.717773	2216500450.427	   7.407	8049
59905.717894	2216500448.727	   5.202	8049
59905.718015	2216500447.627	   7.332	8049
59905.718137	2216500446.527	   9.917	8049
59905.718258	2216500444.227	   8.190	8049
59905.718379	2216500442.527	   5.714	8049
59905.718501	2216500441.527	  14.323	8049
59905.718744	2216500438.527	   5.996	8049
59905.718865	2216500437.300	   6.328	8049
59905.718987	2216500435.927	  10.764	8049
59905.719108	2216500434.327	   8.978	8049
59905.719230	2216500432.900	   7.228	8049
59905.719473	2216500430.027	   5.843	8049
59905.719838	2216500425.627	   7.647	8049
59905.719959	2216500424.200	   9.044	8049
59905.720081	2216500422.927	   5.067	8049
59905.720202	2216500421.200	   9.362	8049
59905.720323	2216500419.327	   6.147	8049
59905.720445	2216500417.927	  13.243	8049
59905.720566	2216500416.427	   8.555	8049
59905.720687	2216500414.727	   6.774	8049
59905.720809	2216500413.527	  14.991	8049
59905.720930	2216500412.727	   8.196	8049
59905.721052	2216500410.727	   5.204	8049
59905.721173	2216500409.000	   6.641	8049
59905.721295	2216500408.227	   5.306	8049
59905.721417	2216500407.527	   6.383	8049
59905.721538	2216500404.927	  12.929	8049
59905.721660	2216500403.227	   7.178	8049
59905.721781	2216500401.627	  12.313	8049
59905.722023	2216500398.727	   6.938	8049
59905.722145	2216500397.600	   8.865	8049
59905.722266	2216500395.927	   9.646	8049
59905.722387	2216500394.227	   7.354	8049
59905.722508	2216500393.027	   7.122	8049
59905.722630	2216500391.227	   8.346	8049
59905.722872	2216500388.527	   7.791	8049
59905.722994	2216500387.027	   5.268	8049
59905.723115	2216500385.427	   7.195	8049
59905.723236	2216500383.927	  11.171	8049
59905.723479	2216500381.027	   6.065	8049
59905.723601	2216500379.127	   5.155	8049
59905.723722	2216500377.827	  10.170	8049
59905.723844	2216500376.500	   6.344	8049
59905.723965	2216500374.827	  11.475	8049
59905.724086	2216500373.927	   8.186	8049
59905.724208	2216500372.100	   5.037	8049
59905.724329	2216500370.327	   7.407	8049
59905.724451	2216500368.800	  11.789	8049
59905.724572	2216500367.527	   6.240	8049
59905.724693	2216500365.600	   6.513	8049
59905.724814	2216500363.927	   5.915	8049
59905.725058	2216500361.427	  17.935	8049
59905.725180	2216500359.527	  11.445	8049
59905.725666	2216500353.527	   5.499	8049
59905.726396	2216500343.627	   5.857	8049
59905.727245	2216500334.027	  11.798	8049
59905.727366	2216500332.527	   7.500	8049
59905.727609	2216500329.127	   9.019	8049
59905.727730	2216500328.027	   7.814	8049
59905.727851	2216500325.927	  12.037	8049
59905.727972	2216500324.527	   7.933	8049
59905.729066	2216500311.827	   5.106	8049
59905.729309	2216500308.927	   8.307	8049
59905.729551	2216500304.827	   6.665	8049
59905.729673	2216500303.327	   8.260	8049
59905.729794	2216500301.627	   6.308	8049
59905.730278	2216500295.327	   9.958	8049
59905.730399	2216500293.927	   6.435	8049
59905.730763	2216500289.027	   9.058	8049
59905.731005	2216500286.327	   5.025	8049
59905.731127	2216500284.527	   6.715	8049
59905.731854	2216500274.827	   5.174	8049
59905.731975	2216500273.627	   6.705	8049
59905.733062	2216500261.327	   5.023	8049
59905.733425	2216500255.927	   5.008	8049
59905.733788	2216500251.327	   8.294	8049
59905.734393	2216500244.227	   9.847	8049
59905.734515	2216500242.327	  10.058	8049
59905.734636	2216500241.127	   9.104	8049
59905.734757	2216500239.527	  14.918	8049
59905.734878	2216500238.027	  10.362	8049
59905.734999	2216500236.627	  10.410	8049
59905.735120	2216500235.027	  14.857	8049
59905.735240	2216500233.327	   7.197	8049
59905.735362	2216500232.227	   8.248	8049
59905.735483	2216500230.627	  11.402	8049
59905.735604	2216500229.227	   8.770	8049
59905.735724	2216500227.627	   9.791	8049
59905.735845	2216500226.027	  13.609	8049
59905.735966	2216500224.627	   8.634	8049
59905.736087	2216500222.827	   6.954	8049
59905.736208	2216500221.500	  13.291	8049
59905.736329	2216500220.027	  12.686	8049
59905.736450	2216500218.627	  10.018	8049
59905.736571	2216500216.827	   9.736	8049
59905.736693	2216500215.500	   8.008	8049
59905.736814	2216500213.827	  10.379	8049
59905.736935	2216500212.427	  16.000	8049
59905.737056	2216500210.827	  11.956	8049
59905.737177	2216500209.427	  14.097	8049
59905.737298	2216500207.727	   7.419	8049
59905.737419	2216500206.627	   7.091	8049
59905.737540	2216500204.627	   7.763	8049
59905.737661	2216500203.227	  10.198	8049
59905.737782	2216500202.127	   9.691	8049
59905.737903	2216500200.427	  13.498	8049
59905.738024	2216500198.927	   8.707	8049
59905.738145	2216500197.027	  12.545	8049
59905.738266	2216500195.527	  10.665	8049
59905.738387	2216500194.127	   8.841	8049
59905.738508	2216500192.627	   9.564	8049
59905.738629	2216500191.227	  10.378	8049
59905.738749	2216500189.427	   9.880	8049
59905.738870	2216500188.227	  13.382	8049
59905.738991	2216500186.827	  10.657	8049
59905.739112	2216500185.027	   7.314	8049
59905.739233	2216500183.727	  12.473	8049
59905.739354	2216500182.127	  10.155	8049
59905.739475	2216500180.427	   7.515	8049
59905.739596	2216500179.000	  10.250	8049
59905.739717	2216500177.827	   9.307	8049
59905.739838	2216500175.827	   8.953	8049
59905.739959	2216500174.527	  11.742	8049
59905.740080	2216500173.227	   9.522	8049
59905.740201	2216500171.227	  10.381	8049
59905.740322	2216500169.727	   8.400	8049
59905.740444	2216500168.627	   9.694	8049
59905.740565	2216500166.927	  11.187	8049
59905.740686	2216500165.227	   7.717	8049
59905.740807	2216500163.627	  13.258	8049
59905.740928	2216500162.327	  10.206	8049
59905.741049	2216500160.727	  14.350	8049
59905.741170	2216500159.227	  13.505	8049
59905.741291	2216500157.527	  11.794	8049
59905.741412	2216500156.127	  12.759	8049
59905.741533	2216500154.327	  14.609	8049
59905.741654	2216500153.027	  12.527	8049
59905.741775	2216500151.427	  11.960	8049
59905.741897	2216500149.927	  13.118	8049
59905.742018	2216500148.427	  11.675	8049
59905.742139	2216500146.627	   8.212	8049
59905.742260	2216500145.327	  11.987	8049
59905.742381	2216500143.827	  14.473	8049
59905.742502	2216500142.127	   8.551	8049
59905.742623	2216500140.627	   7.118	8049
59905.742744	2216500139.127	   8.043	8049
59905.742865	2216500137.527	  12.042	8049
59905.742986	2216500135.827	  11.388	8049
59905.743107	2216500134.227	  11.550	8049
59905.743228	2216500132.727	   8.615	8049
59905.743349	2216500131.227	  10.210	8049
59905.743470	2216500129.827	   9.554	8049
59905.743591	2216500127.827	   6.898	8049
59905.743712	2216500126.327	  10.529	8049
59905.743833	2216500124.827	   8.858	8049
59905.743954	2216500123.527	  14.308	8049
59905.744075	2216500122.327	   7.316	8049
59905.744196	2216500120.227	   8.117	8049
59905.744317	2216500118.927	   8.533	8049
59905.744438	2216500117.127	  10.607	8049
59905.744558	2216500115.727	   9.321	8049
59905.744680	2216500113.827	  11.399	8049
59905.744801	2216500112.727	   9.734	8049
59905.744921	2216500110.927	   6.266	8049
59905.745043	2216500109.027	  10.915	8049
59905.745164	2216500107.927	  13.726	8049
59905.745285	2216500106.227	   8.618	8049
59905.745406	2216500104.627	  10.041	8049
59905.745527	2216500103.327	  12.810	8049
59905.745648	2216500101.727	   9.570	8049
59905.745769	2216500100.127	  14.661	8049
59905.745890	2216500098.627	   7.821	8049
59905.746011	2216500097.127	  11.731	8049
59905.746132	2216500095.027	   8.782	8049
59905.746254	2216500093.827	  11.268	8049
59905.746375	2216500092.327	  13.334	8049
59905.746496	2216500091.127	   8.988	8049
59905.746738	2216500089.427	   5.703	8049
59905.747585	2216500076.027	   5.287	8049
59905.747707	2216500073.827	   5.142	8049
59905.747949	2216500071.427	   6.146	8049
59905.748433	2216500065.027	   5.823	8049
59905.748676	2216500061.927	   5.294	8049
59905.748797	2216500060.327	   6.494	8049
59905.749039	2216500057.327	   7.953	8049
59905.749160	2216500055.927	   5.587	8049
59905.749403	2216500053.927	   5.253	8049
59905.759211	2216499922.527	   5.688	8049
59905.759453	2216499919.027	   6.687	8049
59905.759696	2216499915.827	  10.166	8049
59905.759938	2216499911.627	   5.880	8049
59905.761512	2216499892.027	   6.729	8049
59905.762118	2216499884.127	   7.473	8049
59905.762239	2216499882.127	   7.732	8049
59905.762360	2216499880.627	   7.549	8049
59905.762724	2216499875.627	  11.011	8049
59905.763088	2216499870.927	   7.614	8049
59905.763572	2216499864.727	   7.054	8049
59905.763692	2216499863.127	   6.551	8049
59905.764297	2216499854.827	   5.541	8049
59905.764660	2216499847.527	   9.225	8049
59905.765023	2216499842.727	   5.593	8049
59905.765750	2216499835.727	   6.747	8049
59905.765871	2216499834.427	   5.889	8049
59905.765992	2216499833.127	   5.962	8049
59905.766113	2216499830.827	   7.244	8049
59905.766476	2216499826.127	  13.303	8049
59905.766597	2216499824.527	   9.822	8049
59905.767323	2216499815.027	   8.149	8049
59905.767443	2216499812.927	  15.884	8049
59905.767564	2216499811.627	  11.543	8049
59905.767685	2216499810.027	  13.310	8049
59905.767806	2216499808.627	  19.544	8049
59905.767928	2216499806.427	  11.428	8049
59905.768049	2216499805.027	   7.276	8049
59905.768170	2216499803.727	   7.567	8049
59905.768292	2216499801.627	   6.940	8049
59905.768413	2216499800.200	   7.269	8049
59905.768534	2216499798.827	   9.520	8049
59905.768655	2216499797.027	   8.532	8049
59905.768776	2216499795.227	  12.739	8049
59905.768898	2216499794.027	   8.273	8049
59905.769019	2216499792.527	  10.256	8049
59905.769140	2216499790.427	  13.458	8049
59905.769261	2216499789.027	   6.452	8049
59905.769382	2216499787.327	  15.895	8049
59905.769503	2216499785.527	  13.061	8049
59905.769624	2216499784.527	   7.935	8049
59905.769744	2216499782.527	  12.438	8049
59905.769865	2216499781.027	  14.009	8049
59905.769986	2216499779.127	  10.362	8049
59905.770108	2216499777.727	   7.217	8049
59905.770229	2216499775.700	  12.708	8049
59905.770350	2216499774.800	   6.161	8049
59905.770471	2216499772.627	   9.070	8049
59905.770592	2216499771.327	   7.661	8049
59905.770713	2216499769.427	  14.534	8049
59905.770835	2216499767.900	   9.729	8049
59905.770956	2216499765.827	  10.529	8049
59905.771077	2216499764.527	   7.340	8049
59905.771198	2216499762.727	   9.064	8049
59905.771319	2216499761.227	  15.722	8049
59905.771440	2216499759.827	  11.004	8049
59905.771562	2216499758.227	   9.398	8049
59905.771683	2216499756.427	   9.802	8049
59905.771804	2216499754.827	  13.183	8049
59905.771925	2216499753.327	   8.627	8049
59905.772046	2216499751.400	  10.861	8049
59905.772167	2216499749.827	   6.383	8049
59905.772289	2216499748.127	   8.038	8049
59905.772410	2216499746.800	  11.999	8049
59905.772531	2216499745.100	  11.663	8049
59905.772652	2216499743.427	  10.755	8049
59905.772773	2216499741.827	  10.219	8049
59905.772894	2216499740.100	  10.752	8049
59905.773016	2216499738.627	  10.292	8049
59905.774348	2216499720.600	   7.544	8049
59905.774469	2216499719.000	   7.155	8049
59905.774832	2216499714.200	   8.569	8049
59905.775316	2216499707.300	   5.432	8049
59905.775678	2216499702.700	   5.141	8049
59905.775920	2216499699.500	   5.928	8049
59905.777374	2216499679.800	   6.654	8049
59905.777979	2216499670.927	   8.900	8049
59905.778100	2216499669.727	   9.291	8049
59905.778222	2216499668.027	   7.265	8049
59905.778343	2216499666.427	  15.820	8049
59905.778464	2216499664.527	  14.863	8049
59905.778585	2216499663.627	   7.713	8049
59905.778706	2216499661.427	  12.216	8049
59905.778828	2216499659.727	  12.259	8049
59905.778949	2216499658.627	  11.958	8049
59905.779070	2216499656.627	   9.587	8049
59905.779191	2216499655.500	   6.152	8049
59905.779312	2216499653.527	   7.810	8049
59905.779433	2216499651.827	  10.470	8049
59905.779555	2216499649.827	   8.886	8049
59905.779676	2216499648.227	   6.581	8049
59905.779797	2216499647.027	   6.242	8049
59905.779918	2216499645.127	   8.283	8049
59905.780039	2216499643.127	  11.510	8049
59905.780160	2216499641.827	  10.949	8049
59905.780281	2216499640.427	   9.348	8049
59905.780402	2216499638.327	  14.200	8049
59905.780523	2216499636.727	   8.819	8049
59905.780644	2216499635.227	  10.037	8049
59905.780765	2216499633.727	  11.864	8049
59905.780886	2216499632.127	  12.085	8049
59905.781006	2216499629.827	   8.319	8049
59905.781127	2216499628.727	  10.653	8049
59905.781248	2216499626.827	   7.028	8049
59905.781370	2216499625.427	  11.537	8049
59905.781491	2216499623.627	  10.815	8049
59905.781612	2216499622.027	  19.428	8049
59905.781733	2216499620.227	  10.219	8049
59905.781855	2216499618.527	  10.323	8049
59905.781976	2216499616.927	  12.754	8049
59905.782097	2216499615.427	  12.229	8049
59905.782218	2216499613.827	  18.879	8049
59905.782340	2216499612.427	  13.571	8049
59905.782461	2216499610.527	   9.865	8049
59905.782582	2216499608.727	  12.505	8049
59905.782703	2216499607.427	   8.104	8049
59905.782824	2216499605.427	   8.555	8049
59905.782945	2216499604.227	  15.431	8049
59905.783066	2216499601.927	   9.486	8049
59905.783187	2216499600.427	  14.328	8049
59905.783308	2216499599.027	  10.162	8049
59905.783430	2216499597.027	   6.460	8049
59905.783551	2216499595.827	   7.664	8049
59905.783672	2216499594.127	  14.821	8049
59905.783794	2216499592.227	  12.051	8049
59905.783915	2216499590.627	  12.041	8049
59905.784036	2216499589.227	  11.229	8049
59905.784157	2216499587.427	   7.672	8049
59905.784278	2216499585.727	  10.291	8049
59905.784399	2216499583.927	   6.123	8049
59905.784520	2216499582.327	   8.477	8049
59905.784641	2216499580.927	   8.989	8049
59905.784762	2216499579.227	   8.521	8049
59905.784883	2216499577.127	  13.399	8049
59905.785004	2216499575.727	   8.877	8049
59905.785125	2216499573.827	   9.202	8049
59905.785247	2216499572.127	   6.798	8049
59905.785368	2216499571.127	   9.501	8049
59905.785489	2216499569.127	  14.853	8049
59905.785610	2216499567.427	   8.579	8049
59905.785731	2216499566.027	   9.568	8049
59905.785852	2216499564.300	   9.836	8049
59905.785973	2216499562.627	   8.131	8049
59905.786094	2216499561.027	  10.466	8049
59905.786216	2216499559.127	   9.107	8049
59905.786337	2216499557.427	  10.150	8049
59905.786458	2216499555.727	  11.080	8049
59905.786580	2216499554.327	   9.402	8049
59905.786701	2216499552.627	   8.638	8049
59905.786822	2216499550.727	   6.685	8049
59905.786943	2216499549.427	   7.074	8049
59905.787064	2216499547.727	  12.039	8049
59905.787185	2216499545.827	  10.880	8049
59905.787306	2216499544.127	  10.054	8049
59905.787427	2216499542.527	   9.294	8049
59905.787548	2216499541.027	  12.699	8049
59905.787670	2216499539.527	  10.906	8049
59905.787791	2216499537.927	   8.466	8049
59905.787912	2216499536.227	   9.482	8049
59905.788033	2216499534.227	  11.957	8049
59905.788153	2216499532.827	   8.119	8049
59905.788274	2216499530.727	   7.270	8049
59905.788395	2216499529.127	  10.562	8049
59905.788516	2216499527.827	  13.234	8049
59905.788637	2216499525.927	  11.410	8049
59905.788758	2216499524.727	   9.339	8049
59905.788879	2216499522.627	   6.743	8049
59905.789000	2216499520.927	  12.005	8049
59905.789121	2216499519.227	   6.056	8049
59905.789242	2216499517.627	   9.101	8049
59905.789364	2216499516.200	  10.088	8049
59905.789485	2216499514.627	  11.696	8049
59905.789606	2216499513.427	   6.834	8049
59905.789727	2216499511.327	   7.133	8049
59905.789848	2216499509.427	   9.474	8049
59905.789969	2216499507.427	   9.536	8049
59905.790090	2216499506.027	   9.593	8049
59905.790211	2216499504.627	   9.594	8049
59905.790333	2216499503.027	   9.741	8049
59905.790454	2216499501.627	  11.281	8049
59905.790575	2216499499.627	  14.974	8049
59905.790696	2216499497.827	   8.710	8049
59905.790817	2216499496.227	  10.273	8049
59905.790938	2216499494.527	  13.807	8049
59905.791059	2216499492.927	   9.478	8049
59905.791180	2216499491.027	  11.339	8049
59905.791301	2216499489.727	  16.170	8049
59905.791422	2216499488.027	  11.317	8049
59905.791543	2216499486.027	   9.946	8049
59905.791664	2216499484.827	  10.930	8049
59905.791785	2216499483.027	  12.737	8049
59905.791906	2216499481.527	  11.321	8049
59905.792027	2216499479.727	  13.852	8049
59905.792148	2216499478.127	  12.391	8049
59905.792269	2216499476.327	   7.188	8049
59905.792390	2216499474.827	   8.236	8049
59905.792511	2216499473.127	   9.136	8049
59905.792632	2216499471.227	  10.421	8049
59905.792753	2216499469.827	   6.649	8049
59905.792874	2216499467.727	   7.527	8049
59905.792995	2216499466.427	  10.327	8049
59905.793116	2216499464.927	  10.523	8049
59905.793237	2216499463.227	   7.879	8049
59905.793359	2216499461.427	  10.446	8049
59905.793480	2216499459.527	  15.945	8049
59905.793601	2216499458.227	  12.075	8049
59905.793722	2216499456.627	   7.247	8049
59905.793843	2216499454.927	   7.860	8049
59905.793964	2216499453.027	   8.038	8049
59905.794085	2216499451.327	   6.486	8049
59905.794206	2216499450.027	   6.963	8049
59905.794328	2216499448.427	   7.465	8049
59905.794449	2216499446.727	  17.399	8049
59905.794570	2216499445.027	   9.135	8049
59905.794691	2216499443.227	   6.265	8049
59905.794812	2216499441.527	   9.178	8049
59905.794934	2216499439.900	   7.061	8049
59905.795055	2216499438.427	  10.059	8049
59905.795176	2216499436.627	   8.844	8049
59905.795297	2216499434.727	  13.058	8049
59905.795418	2216499433.227	  15.462	8049
59905.795539	2216499431.527	  11.218	8049
59905.795660	2216499430.127	  13.448	8049
59905.795781	2216499428.027	   9.025	8049
59905.795902	2216499426.400	   7.910	8049
59905.796024	2216499425.027	  14.101	8049
59905.796145	2216499423.127	   8.993	8049
59905.796266	2216499421.400	   9.071	8049
59905.796387	2216499419.500	   9.505	8049
59905.796508	2216499418.327	   8.744	8049
59905.796629	2216499416.200	   8.882	8049
59905.796750	2216499414.800	  11.173	8049
59905.796871	2216499413.427	  12.834	8049
59905.796993	2216499411.527	  15.571	8049
59905.797114	2216499409.827	  12.801	8049
59905.797235	2216499408.227	  11.462	8049
59905.797356	2216499406.527	   7.984	8049
59905.797477	2216499405.127	  14.210	8049
59905.797598	2216499403.127	   9.604	8049
59905.797719	2216499401.427	   6.317	8049
59905.797840	2216499399.927	   8.478	8049
59905.797961	2216499398.627	  11.296	8049
59905.798082	2216499396.600	   7.526	8049
59905.798202	2216499395.100	   8.591	8049
59905.798323	2216499393.600	  10.055	8049
59905.798444	2216499392.127	   9.028	8049
59905.798565	2216499389.900	  13.962	8049
59905.798686	2216499388.727	   7.031	8049
59905.798807	2216499386.527	  12.935	8049
59905.798929	2216499384.927	   9.542	8049
59905.799050	2216499383.427	  17.358	8049
59905.799171	2216499381.927	   7.660	8049
59905.799291	2216499380.127	   9.848	8049
59905.799412	2216499378.327	   9.954	8049
59905.799533	2216499376.527	   8.029	8049
59905.799655	2216499375.327	  15.970	8049
59905.799776	2216499373.327	   7.372	8049
59905.799897	2216499372.227	   8.704	8049
59905.800018	2216499370.627	   7.959	8049
59905.800139	2216499368.127	   9.667	8049
59905.800260	2216499366.727	  16.240	8049
59905.800381	2216499364.827	   8.838	8049
59905.800502	2216499363.727	  12.255	8049
59905.800624	2216499362.127	  13.558	8049
59905.800745	2216499360.427	  12.642	8049
59905.800866	2216499358.227	   7.712	8049
59905.800987	2216499357.027	  11.492	8049
59905.801108	2216499355.427	  10.128	8049
59905.801230	2216499353.627	  10.887	8049
59905.801351	2216499351.627	  16.371	8049
59905.801472	2216499350.227	  10.296	8049
59905.801593	2216499348.427	  13.556	8049
59905.801714	2216499347.027	   9.187	8049
59905.801835	2216499345.327	  11.155	8049
59905.801957	2216499343.827	   8.848	8049
59905.802078	2216499341.827	  13.973	8049
59905.802199	2216499340.227	   7.933	8049
59905.802320	2216499338.527	   7.753	8049
59905.802441	2216499337.027	  14.088	8049
59905.802562	2216499335.227	  14.523	8049
59905.802683	2216499333.627	  13.563	8049
59905.802804	2216499331.827	  14.667	8049
59905.802925	2216499330.127	  15.582	8049
59905.803047	2216499328.827	  11.749	8049
59905.803168	2216499326.827	  12.067	8049
59905.803289	2216499325.327	   7.567	8049
59905.803410	2216499323.827	   8.189	8049
59905.803531	2216499321.927	  10.244	8049
59905.803652	2216499320.527	   7.631	8049
59905.803773	2216499318.927	  10.386	8049
59905.803894	2216499317.227	   9.503	8049
59905.804015	2216499315.127	  12.864	8049
59905.804136	2216499313.700	   7.691	8049
59905.804257	2216499312.227	   6.422	8049
59905.804378	2216499310.527	  12.995	8049
59905.804500	2216499308.827	   8.392	8049
59905.804621	2216499307.300	  12.594	8049
59905.804742	2216499305.700	   9.360	8049
59905.804863	2216499304.027	   9.173	8049
59905.804984	2216499302.427	   9.723	8049
59905.805105	2216499300.627	   9.500	8049
59905.805226	2216499299.027	   9.807	8049
59905.805347	2216499297.527	   8.067	8049
59905.805468	2216499295.427	   8.056	8049
59905.805589	2216499293.927	   8.556	8049
59905.805710	2216499292.300	   9.662	8049
59905.805831	2216499290.600	   9.394	8049
59905.805952	2216499289.027	   9.518	8049
59905.806073	2216499287.727	  10.759	8049
59905.806194	2216499285.727	  10.416	8049
59905.806315	2216499284.427	  11.570	8049
59905.806436	2216499282.227	   9.635	8049
59905.806557	2216499280.927	  11.224	8049
59905.806679	2216499279.327	   8.461	8049
59905.806800	2216499277.427	  10.937	8049
59905.806921	2216499276.027	   6.859	8049
59905.807042	2216499273.827	   8.352	8049
59905.807163	2216499272.827	  10.340	8049
59905.807285	2216499270.927	  16.468	8049
59905.807406	2216499269.427	   9.362	8049
59905.807527	2216499267.827	   9.658	8049
59905.807648	2216499265.827	  11.122	8049
59905.807769	2216499264.327	  16.062	8049
59905.807890	2216499262.727	  13.841	8049
59905.808011	2216499261.327	   8.331	8049
59905.808616	2216499253.027	   5.428	8049
59905.809099	2216499246.127	   7.711	8049
59905.809221	2216499244.627	   5.384	8049
59905.809342	2216499242.627	   7.293	8049
59905.809463	2216499241.127	   6.317	8049
59905.809584	2216499239.927	   6.298	8049
59905.809705	2216499237.827	  11.798	8049
59905.809826	2216499236.327	   5.177	8049
59905.810189	2216499231.827	   5.321	8049
59905.810310	2216499229.227	   6.909	8049
59905.810432	2216499228.227	  15.550	8049
59905.810553	2216499226.627	   8.246	8049
59905.810674	2216499225.027	   5.033	8049
59905.811037	2216499218.627	   5.972	8049
59905.811159	2216499218.227	   5.539	8049
59905.811280	2216499216.627	   9.115	8049
59905.811401	2216499214.727	   6.724	8049
59905.811522	2216499213.527	   6.599	8049
59905.811643	2216499211.627	   5.828	8049
59905.812369	2216499201.727	   5.111	8049
59905.812612	2216499198.327	  10.418	8049
59905.812733	2216499196.527	   5.516	8049
59905.812854	2216499195.227	   7.007	8049
59905.812975	2216499193.727	  11.938	8049
59905.813096	2216499191.727	   6.403	8049
59905.813217	2216499190.327	   7.213	8049
59905.813338	2216499188.527	  11.406	8049
59905.813460	2216499186.827	   7.802	8049
59905.813823	2216499182.127	   8.517	8049
59905.814550	2216499172.227	   5.123	8049
59905.814671	2216499170.427	   5.485	8049
59905.815034	2216499165.427	   5.344	8049
59905.815156	2216499164.227	   6.764	8049
59905.815640	2216499157.527	   6.162	8049
59905.815883	2216499154.427	   6.089	8049
59905.816004	2216499152.827	   8.021	8049
59905.816246	2216499149.427	   8.491	8049
59905.816489	2216499146.027	   7.865	8049
59905.816610	2216499144.627	  11.068	8049
59905.816731	2216499143.227	  12.440	8049
59905.817337	2216499134.827	  14.682	8049
59905.817458	2216499132.627	   8.147	8049
59905.817700	2216499129.927	   5.054	8049
59905.818185	2216499123.127	   6.509	8049
59905.818306	2216499121.927	   7.356	8049
59905.818427	2216499120.627	   5.701	8049
59905.818549	2216499119.227	   6.237	8049
59905.819154	2216499111.127	   6.499	8049
59905.819275	2216499108.527	   5.353	8049
59905.819517	2216499105.427	   6.991	8049
59905.820002	2216499098.927	   6.462	8049
59905.820123	2216499097.427	   6.492	8049
59905.820244	2216499095.227	  10.798	8049
59905.820365	2216499093.727	  13.087	8049
59905.820850	2216499086.527	   6.854	8049
59905.820971	2216499085.427	   8.093	8049
59905.821092	2216499083.827	  10.098	8049
59905.821456	2216499077.727	   5.284	8049
59905.821699	2216499073.927	   7.196	8049
59905.821941	2216499071.527	   5.354	8049
59905.822304	2216499065.627	   7.488	8049
59905.822546	2216499063.627	   8.273	8049
59905.822788	2216499060.127	   8.709	8049
59905.823151	2216499055.227	   7.513	8049
59905.823394	2216499051.527	   6.587	8049
59905.823515	2216499050.027	   5.947	8049
59905.823636	2216499048.327	   8.253	8049
59905.823878	2216499044.027	   8.282	8049
59905.823999	2216499043.027	   5.949	8049
59905.824120	2216499041.227	   8.242	8049
59905.824362	2216499038.327	   5.456	8049
59905.824483	2216499036.527	   9.084	8049
59905.824604	2216499035.127	   9.770	8049
59905.825210	2216499026.427	   9.801	8049
59905.825453	2216499022.727	   6.925	8049
59905.825816	2216499017.927	   6.982	8049
59905.825937	2216499016.627	   5.163	8049
59905.826058	2216499014.727	   7.825	8049
59905.826301	2216499011.127	   7.258	8049
59905.826543	2216499008.027	  10.620	8049
59905.826907	2216499002.827	   9.193	8049
59905.827028	2216499001.527	   5.847	8049
59905.827149	2216498999.827	   6.398	8049
59905.827270	2216498997.827	   6.407	8049
59905.827391	2216498996.327	   5.921	8049
59905.827633	2216498992.827	  12.850	8049
59905.827754	2216498991.327	  10.410	8049
59905.827875	2216498989.727	  11.045	8049
59905.827996	2216498987.927	   9.242	8049
59905.828117	2216498986.527	   6.371	8049
59905.828238	2216498984.927	   9.451	8049
59905.828360	2216498983.427	   9.454	8049
59905.828481	2216498981.227	   6.041	8049
59905.828602	2216498979.727	   8.369	8049
59905.828723	2216498977.827	   9.753	8049
59905.828845	2216498976.427	   6.632	8049
59905.828966	2216498974.700	   7.513	8049
59905.829087	2216498973.227	   6.023	8049
59905.829208	2216498971.427	   8.543	8049
59905.829329	2216498969.627	  10.348	8049
59905.829450	2216498968.327	   8.518	8049
59905.829571	2216498966.327	  10.296	8049
59905.829692	2216498964.727	   8.116	8049
59905.829813	2216498962.927	   8.747	8049
59905.829934	2216498961.627	  10.713	8049
59905.830055	2216498959.627	  14.204	8049
59905.830176	2216498958.427	  12.274	8049
59905.830297	2216498956.627	  12.134	8049
59905.830419	2216498954.727	  15.353	8049
59905.830540	2216498953.127	  10.574	8049
59905.830661	2216498951.927	   6.968	8049
59905.830782	2216498950.027	  10.682	8049
59905.830903	2216498948.400	  10.292	8049
59905.831024	2216498946.827	  13.868	8049
59905.831145	2216498945.227	   6.387	8049
59905.831266	2216498943.427	   8.273	8049
59905.831387	2216498941.627	  13.209	8049
59905.831508	2216498939.927	   9.130	8049
59905.831629	2216498938.227	   6.861	8049
59905.831750	2216498936.900	  10.095	8049
59905.831871	2216498935.300	   9.978	8049
59905.831993	2216498933.427	  14.209	8049
59905.832114	2216498931.927	   8.360	8049
59905.832235	2216498930.427	   8.386	8049
59905.832356	2216498928.927	   7.741	8049
59905.832477	2216498926.827	  13.808	8049
59905.832598	2216498925.327	  11.232	8049
59905.832719	2216498923.727	  11.395	8049
59905.832840	2216498921.927	   9.868	8049
59905.832961	2216498920.327	   9.800	8049
59905.833082	2216498919.027	  10.596	8049
59905.833203	2216498917.027	  10.424	8049
59905.833324	2216498915.427	  15.016	8049
59905.833445	2216498913.900	  11.115	8049
59905.833566	2216498912.127	  12.715	8049
59905.833687	2216498910.827	  11.088	8049
59905.833808	2216498908.827	  11.221	8049
59905.833929	2216498907.227	  17.963	8049
59905.834050	2216498905.527	   8.274	8049
59905.834171	2216498903.827	   8.572	8049
59905.834292	2216498902.427	  10.174	8049
59905.834413	2216498900.427	   7.929	8049
59905.834535	2216498899.500	  10.473	8049
59905.834656	2216498897.427	  15.715	8049
59905.834777	2216498895.600	   7.185	8049
59905.834898	2216498894.100	  10.635	8049
59905.835020	2216498892.300	   6.646	8049
59905.835141	2216498891.227	  17.177	8049
59905.835262	2216498889.027	   9.733	8049
59905.835383	2216498887.427	  13.065	8049
59905.835504	2216498886.127	  10.750	8049
59905.835625	2216498884.527	   5.836	8049
59905.835746	2216498882.527	   9.696	8049
59905.835867	2216498881.327	   5.419	8049
59905.835988	2216498879.427	   6.738	8049
59905.836109	2216498878.027	   6.974	8049
59905.836230	2216498876.227	   9.490	8049
59905.836351	2216498874.827	   9.357	8049
59905.836473	2216498873.227	  11.162	8049
59905.836594	2216498871.427	   7.423	8049
59905.836715	2216498869.727	  10.153	8049
59905.836837	2216498868.027	   9.916	8049
59905.836958	2216498866.227	  17.988	8049
59905.837079	2216498864.827	   8.632	8049
59905.837200	2216498863.127	   9.574	8049
59905.837321	2216498861.427	  10.712	8049
59905.837442	2216498860.300	   8.876	8049
59905.837563	2216498858.400	   7.065	8049
59905.837684	2216498856.627	   7.230	8049
59905.837805	2216498855.127	  16.327	8049
59905.837926	2216498853.827	   8.569	8049
59905.838047	2216498851.927	  12.003	8049
59905.838168	2216498850.827	   7.032	8049
59905.838289	2216498849.127	   6.916	8049
59905.838410	2216498846.927	  10.237	8049
59905.838531	2216498845.727	   7.772	8049
59905.838652	2216498844.027	   7.567	8049
59905.838773	2216498842.700	   7.935	8049
59905.838894	2216498840.527	   8.665	8049
59905.839014	2216498838.827	   8.227	8049
59905.839135	2216498837.727	   7.169	8049
59905.839256	2216498835.827	   8.957	8049
59905.839377	2216498834.227	   9.869	8049
59905.839498	2216498833.127	  10.519	8049
59905.839619	2216498831.427	   9.895	8049
59905.839740	2216498829.427	  14.023	8049
59905.839861	2216498827.827	  10.410	8049
59905.839982	2216498826.327	  17.769	8049
59905.840104	2216498824.727	   8.032	8049
59905.840224	2216498822.927	  15.116	8049
59905.840346	2216498821.827	  15.055	8049
59905.840467	2216498819.827	  11.427	8049
59905.840588	2216498818.127	   7.732	8049
59905.840709	2216498816.727	   9.008	8049
59905.840830	2216498814.827	   8.449	8049
59905.840952	2216498813.427	  10.615	8049
59905.841073	2216498812.027	   8.097	8049
59905.841194	2216498810.327	  12.513	8049
59905.841315	2216498808.427	   9.468	8049
59905.841436	2216498807.027	   8.992	8049
59905.841557	2216498805.627	   6.751	8049
59905.841678	2216498803.827	  10.686	8049
59905.841800	2216498802.427	   8.518	8049
59905.841921	2216498800.700	   9.271	8049
59905.842042	2216498799.127	  11.034	8049
59905.842163	2216498797.627	  17.437	8049
59905.842284	2216498795.900	  10.224	8049
59905.842406	2216498794.627	   8.703	8049
59905.842527	2216498792.300	   8.240	8049
59905.842648	2216498790.827	  10.380	8049
59905.842769	2216498789.227	  16.481	8049
59905.842891	2216498787.927	  10.984	8049
59905.843012	2216498786.427	  17.966	8049
59905.843133	2216498784.727	   9.149	8049
59905.843255	2216498782.800	   7.410	8049
59905.843376	2216498781.927	  12.273	8049
59905.843497	2216498779.827	   8.785	8049
59905.843618	2216498778.527	   7.242	8049
59905.843739	2216498776.827	  11.565	8049
59905.843860	2216498775.327	  12.983	8049
59905.843981	2216498773.827	   9.838	8049
59905.844102	2216498772.227	  10.643	8049
59905.844224	2216498770.227	   8.758	8049
59905.844345	2216498768.827	  10.688	8049
59905.844466	2216498767.527	   8.029	8049
59905.844587	2216498766.200	   8.055	8049
59905.844708	2216498764.227	  13.820	8049
59905.844829	2216498763.027	   9.442	8049
59905.844950	2216498761.227	   8.192	8049
59905.845071	2216498759.427	  10.075	8049
59905.845193	2216498757.727	   9.839	8049
59905.845313	2216498756.427	  13.319	8049
59905.845434	2216498754.927	   8.673	8049
59905.845555	2216498752.727	  10.995	8049
59905.845676	2216498751.100	   8.968	8049
59905.845797	2216498749.827	   9.626	8049
59905.845919	2216498748.027	   6.460	8049
59905.846040	2216498746.027	   9.537	8049
59905.846161	2216498744.327	  12.271	8049
59905.846282	2216498743.327	   8.195	8049
59905.846404	2216498741.327	  13.018	8049
59905.846525	2216498739.527	   6.061	8049
59905.846646	2216498737.927	   8.955	8049
59905.846767	2216498736.527	  12.352	8049
59905.846888	2216498735.027	   9.426	8049
59905.847009	2216498732.927	   7.458	8049
59905.847130	2216498731.527	  17.327	8049
59905.847251	2216498729.827	  10.487	8049
59905.847372	2216498727.927	   9.933	8049
59905.847493	2216498726.827	   8.868	8049
59905.847613	2216498724.827	   7.560	8049
59905.847734	2216498723.127	   9.837	8049
59905.847856	2216498721.627	  11.723	8049
59905.847977	2216498719.727	  12.907	8049
59905.848098	2216498718.227	   9.303	8049
59905.848220	2216498716.727	  10.691	8049
59905.848341	2216498714.227	   7.766	8049
59905.848462	2216498713.627	  11.029	8049
59905.848583	2216498711.327	   9.510	8049
59905.848704	2216498710.227	   7.212	8049
59905.848825	2216498708.727	   7.533	8049
59905.848947	2216498706.727	  11.101	8049
59905.849068	2216498704.827	   7.921	8049
59905.849188	2216498703.800	   9.482	8049
59905.849309	2216498702.027	  11.294	8049
59905.849431	2216498700.427	  14.972	8049
59905.849552	2216498698.127	  13.743	8049
59905.849673	2216498697.027	   6.140	8049
59905.849794	2216498695.727	  13.071	8049
59905.849915	2216498693.727	   6.275	8049
59905.850037	2216498692.127	  13.311	8049
59905.850158	2216498690.427	  10.194	8049
59905.850279	2216498689.100	   7.480	8049
59905.850400	2216498686.927	   9.056	8049
59905.850521	2216498685.527	  11.998	8049
59905.850642	2216498684.027	   6.728	8049
59905.850764	2216498681.927	   7.831	8049
59905.850885	2216498680.227	   8.954	8049
59905.851006	2216498678.627	   7.656	8049
59905.851127	2216498677.627	   8.261	8049
59905.851248	2216498675.927	   9.069	8049
59905.851370	2216498673.927	  11.135	8049
59905.851491	2216498672.227	   6.005	8049
59905.851612	2216498670.927	   9.554	8049
59905.851734	2216498669.627	   6.759	8049
59905.851855	2216498667.627	   7.133	8049
59905.851976	2216498666.127	   9.106	8049
59905.852097	2216498664.327	   7.419	8049
59905.852218	2216498662.627	   6.910	8049
59905.852339	2216498660.927	   6.191	8049
59905.852460	2216498659.427	   7.322	8049
59905.852581	2216498657.327	  11.877	8049
59905.852702	2216498657.300	   6.991	8049
59905.852823	2216498655.127	   8.739	8049
59905.852944	2216498652.627	   7.004	8049
59905.853187	2216498649.427	   8.685	8049
59905.853308	2216498648.427	   7.497	8049
59905.853429	2216498646.427	  25.377	8049
59905.853550	2216498642.127	   5.159	8049
59905.853671	2216498643.127	   9.485	8049
59905.853793	2216498641.727	  10.047	8049
59905.853914	2216498640.027	  10.084	8049
59905.854035	2216498638.727	  11.005	8049
59905.854156	2216498636.827	   6.488	8049
59905.854277	2216498635.127	   5.219	8049
59905.854398	2216498633.627	  12.673	8049
59905.854519	2216498632.027	   9.716	8049
59905.854641	2216498630.527	   9.251	8049
59905.854762	2216498628.627	   6.639	8049
59905.854883	2216498627.627	   8.052	8049
59905.855004	2216498625.827	   8.384	8049
59905.855125	2216498624.227	  10.020	8049
59905.855247	2216498622.127	   7.344	8049
59905.855368	2216498620.527	   9.640	8049
59905.855489	2216498619.427	   8.716	8049
59905.855610	2216498617.427	  12.634	8049
59905.855731	2216498616.427	   6.699	8049
59905.855852	2216498614.227	   9.644	8049
59905.855973	2216498612.627	   5.911	8049
59905.856094	2216498611.027	  11.689	8049
59905.856215	2216498609.727	   8.741	8049
59905.856336	2216498608.227	  12.101	8049
59905.856457	2216498606.327	   9.533	8049
59905.856578	2216498604.827	   9.701	8049
59905.856699	2216498603.527	   6.407	8049
59905.856821	2216498601.727	  10.644	8049
59905.856942	2216498600.427	   9.302	8049
59905.857063	2216498598.627	  11.203	8049
59905.857184	2216498597.227	   5.178	8049
59905.857305	2216498595.627	  10.521	8049
59905.857427	2216498593.827	  12.175	8049
59905.857548	2216498592.527	   8.091	8049
59905.857669	2216498590.727	  14.303	8049
59905.857790	2216498589.127	  10.464	8049
59905.857911	2216498587.627	   7.439	8049
59905.858032	2216498585.827	   7.423	8049
59905.858638	2216498578.127	  12.709	8049
59905.858759	2216498576.127	   5.170	8049
59905.858880	2216498575.327	   5.150	8049
59905.859001	2216498573.327	   8.592	8049
59905.859122	2216498572.027	   8.233	8049
59905.859365	2216498568.727	   7.112	8049
59905.859486	2216498566.727	   6.917	8049
59905.859607	2216498565.427	   6.683	8049
59905.859850	2216498562.127	  10.297	8049
59905.859971	2216498560.427	   5.950	8049
59905.860092	2216498558.827	   5.755	8049
59905.860213	2216498557.127	   7.467	8049
59905.860335	2216498556.327	  10.277	8049
59905.860576	2216498553.027	   8.270	8049
59905.861425	2216498542.427	   5.175	8049
59905.861788	2216498537.227	   5.959	8049
59905.862151	2216498533.027	   8.379	8049
59905.862394	2216498529.727	   5.442	8049
59905.862515	2216498528.227	   5.554	8049
59905.862636	2216498527.027	   5.019	8049
59905.862757	2216498524.927	   8.102	8049
59905.862878	2216498526.127	   5.110	8049
59905.863000	2216498521.727	   6.409	8049
59905.863121	2216498520.727	   7.362	8049
59905.863605	2216498513.927	   6.920	8049
59905.863726	2216498512.727	   6.079	8049
59905.863847	2216498511.327	   6.930	8049
59905.863968	2216498509.327	   7.226	8049
59905.864089	2216498508.127	   8.836	8049
59905.864211	2216498506.227	  12.263	8049
59905.864453	2216498502.027	   6.953	8049
59905.864574	2216498501.827	   8.390	8049
59905.864695	2216498500.827	   5.054	8049
59905.864816	2216498498.327	   6.103	8049
59905.864938	2216498497.727	   8.133	8049
59905.865180	2216498494.327	   6.911	8049
59905.865664	2216498488.327	   6.166	8049
59905.865785	2216498486.527	   7.056	8049
59905.865907	2216498485.327	   8.815	8049
59905.866028	2216498483.327	   7.038	8049
59905.866149	2216498481.927	   6.825	8049
59905.866270	2216498481.027	  11.777	8049
59905.866391	2216498479.327	  11.775	8049
59905.866634	2216498476.027	   8.782	8049
59905.866876	2216498472.827	   5.283	8049
59905.866997	2216498471.227	   5.378	8049
59905.867239	2216498468.127	   7.588	8049
59905.867360	2216498466.727	   5.764	8049
59905.867481	2216498465.127	   7.125	8049
59905.867602	2216498463.427	   6.735	8049
59905.867723	2216498461.727	   7.483	8049
59905.867845	2216498459.827	   7.059	8049
59905.867966	2216498458.027	   6.664	8049
59905.868087	2216498456.527	   6.588	8049
59905.868208	2216498454.827	   7.141	8049
59905.868330	2216498453.427	   6.507	8049
59905.868451	2216498451.927	   6.081	8049
59905.874625	2216498371.527	   7.212	8049
59905.874988	2216498367.327	   6.464	8049
59905.875229	2216498364.827	   5.920	8049
59905.875350	2216498362.427	   6.167	8049
59905.875472	2216498361.127	   9.213	8049
59905.875835	2216498356.527	   8.245	8049
59905.876320	2216498349.727	   6.503	8049
59905.876562	2216498347.127	   6.357	8049
59905.876804	2216498344.327	   7.469	8049
59905.877409	2216498336.927	   7.147	8049
59905.877530	2216498335.127	   6.669	8049
59905.877772	2216498331.927	   7.234	8049
59905.878136	2216498328.027	   9.579	8049
59905.878377	2216498325.027	   6.013	8049
59905.879105	2216498316.027	   7.300	8049
59905.879226	2216498315.127	   6.556	8049
59905.879469	2216498310.627	   5.101	8049
59905.879590	2216498309.827	   8.530	8049
59905.879711	2216498308.327	   5.789	8049
59905.880074	2216498303.927	   5.113	8049
59905.880195	2216498302.027	   5.716	8049
59905.880316	2216498300.727	   6.951	8049
59905.880557	2216498297.827	   6.635	8049
59905.880678	2216498296.327	   7.253	8049
59905.880799	2216498294.127	   5.289	8049
59905.880920	2216498293.427	   5.046	8049
59905.881404	2216498287.327	   7.360	8049
59905.881768	2216498283.627	   6.321	8049
59905.883586	2216498260.927	   7.203	8049
59905.883828	2216498258.127	   5.311	8049
59905.884192	2216498253.727	   5.105	8049
59905.884434	2216498250.327	  10.509	8049
59905.884555	2216498249.127	   8.063	8049
59905.885161	2216498241.827	   7.478	8049
59905.885403	2216498239.327	   5.067	8049
59905.885645	2216498236.727	   5.619	8049
59905.886249	2216498228.327	   6.223	8049
59905.886734	2216498222.227	   5.373	8049
59905.886855	2216498221.027	   5.521	8049
59905.887219	2216498216.227	   8.402	8049
59905.887340	2216498214.427	   5.714	8049
59905.887461	2216498213.427	   9.968	8049
59905.887582	2216498211.127	   7.474	8049
59905.887703	2216498210.127	   5.568	8049
