59911.908717	2216500696.500	   8.109	8049
59911.908948	2216500694.600	  10.559	8049
59911.909527	2216500690.000	   6.769	8049
59911.909758	2216500688.400	   7.124	8049
59911.913115	2216500661.700	   5.956	8049
59911.913231	2216500661.100	   7.343	8049
59911.913346	2216500660.000	   8.328	8049
59911.913578	2216500658.300	   6.939	8049
59911.914504	2216500650.500	   6.441	8049
59911.914619	2216500649.600	   9.135	8049
59911.914735	2216500648.900	   7.990	8049
59911.914851	2216500648.100	   7.136	8049
59911.916587	2216500635.100	   8.648	8049
59911.916934	2216500632.800	   8.272	8049
59911.917050	2216500631.600	  12.073	8049
59911.917166	2216500631.000	  16.227	8049
59911.917281	2216500629.700	   5.973	8049
59911.917397	2216500629.200	   7.814	8049
59911.917513	2216500628.100	  16.204	8049
59911.917629	2216500627.400	  13.894	8049
59911.917744	2216500626.400	  11.739	8049
59911.917860	2216500625.700	  15.785	8049
59911.917976	2216500624.700	  22.834	8049
59911.918092	2216500623.700	  11.963	8049
59911.918207	2216500622.800	  10.866	8049
59911.918323	2216500622.000	   8.968	8049
59911.918439	2216500621.300	  10.424	8049
59911.918554	2216500620.400	   8.668	8049
59911.920406	2216500606.055	   6.658	8049
59911.920522	2216500605.155	   9.521	8049
59911.920638	2216500604.255	   7.749	8049
59911.921217	2216500599.755	   5.206	8049
59911.921448	2216500597.855	   5.948	8049
59911.921564	2216500596.955	   7.216	8049
59911.921680	2216500595.955	   8.933	8049
59911.921795	2216500594.955	   6.632	8049
59911.922142	2216500592.155	   7.507	8049
59911.922374	2216500590.455	  11.138	8049
59911.922721	2216500587.655	   5.771	8049
59911.922837	2216500586.555	   7.917	8049
59911.922953	2216500585.755	  16.750	8049
59911.923184	2216500583.655	  10.660	8049
59911.923531	2216500580.655	   5.965	8049
59911.923763	2216500579.055	   7.196	8049
59911.923879	2216500577.655	  12.615	8049
59911.923995	2216500576.855	   9.586	8049
59911.924226	2216500575.055	  10.499	8049
59911.924342	2216500574.155	   7.201	8049
59911.924457	2216500573.455	   7.480	8049
59911.924573	2216500572.155	   6.523	8049
59911.924689	2216500571.355	   9.269	8049
59911.924805	2216500570.255	   9.812	8049
59911.924920	2216500569.255	  10.420	8049
59911.925036	2216500568.455	   7.220	8049
59911.925152	2216500567.155	   6.050	8049
59911.925268	2216500566.555	   9.072	8049
59911.925383	2216500565.455	  12.627	8049
59911.925499	2216500564.655	   8.453	8049
59911.925615	2216500563.655	  11.315	8049
59911.925846	2216500561.555	  10.274	8049
59911.926309	2216500557.555	   5.707	8049
59911.926425	2216500556.755	   6.985	8049
59911.926541	2216500555.855	   8.424	8049
59911.926656	2216500554.600	   7.703	8049
59911.926888	2216500552.355	   7.714	8049
59911.927004	2216500551.555	   5.467	8049
59911.927119	2216500550.555	   5.966	8049
59911.927351	2216500549.300	   6.622	8049
59911.927467	2216500547.655	   8.820	8049
59911.927582	2216500546.455	   6.417	8049
59911.927698	2216500545.555	   6.584	8049
59911.927814	2216500544.655	  10.393	8049
59911.927930	2216500543.455	   8.574	8049
59911.928045	2216500542.555	  13.283	8049
59911.928161	2216500541.755	  13.057	8049
59911.928277	2216500540.755	  15.853	8049
59911.928392	2216500539.455	  13.057	8049
59911.928508	2216500538.555	  18.548	8049
59911.928624	2216500537.555	  12.617	8049
59911.928740	2216500536.355	   9.676	8049
59911.928856	2216500535.455	  26.894	8049
59911.928971	2216500534.355	  16.506	8049
59911.929087	2216500533.755	  16.015	8049
59911.929203	2216500532.455	  11.697	8049
59911.929319	2216500531.400	  10.099	8049
59911.929434	2216500530.455	  20.285	8049
59911.929550	2216500529.455	   8.405	8049
59911.929666	2216500528.455	  10.804	8049
59911.929781	2216500527.455	  12.468	8049
59911.929897	2216500526.455	  16.329	8049
59911.930013	2216500525.255	   9.184	8049
59911.930129	2216500524.155	  13.298	8049
59911.930244	2216500523.055	   6.842	8049
59911.930360	2216500522.255	  12.575	8049
59911.930476	2216500520.955	  10.230	8049
59911.930592	2216500520.055	  11.794	8049
59911.930707	2216500518.900	   8.169	8049
59911.930823	2216500518.155	  12.503	8049
59911.930939	2216500517.055	  13.789	8049
59911.931055	2216500515.955	  12.255	8049
59911.931170	2216500515.155	   9.843	8049
59911.931286	2216500513.900	  10.995	8049
59911.931402	2216500512.755	  15.104	8049
59911.931517	2216500511.655	  12.468	8049
59911.931633	2216500510.855	   5.771	8049
59911.931749	2216500509.855	  15.111	8049
59911.931865	2216500508.655	  16.645	8049
59911.931980	2216500507.800	  14.338	8049
59911.932096	2216500506.455	  14.119	8049
59911.932212	2216500505.855	  11.847	8049
59911.932328	2216500504.855	  13.339	8049
59911.932443	2216500503.955	  22.702	8049
59911.932559	2216500502.955	  17.588	8049
59911.932675	2216500502.055	  21.834	8049
59911.932791	2216500501.055	  11.104	8049
59911.932906	2216500500.055	  16.440	8049
59911.933022	2216500498.955	  13.262	8049
59911.933138	2216500498.155	  14.657	8049
59911.933254	2216500497.255	  10.145	8049
59911.933369	2216500496.355	  15.390	8049
59911.933485	2216500495.455	  13.399	8049
59911.933601	2216500494.600	   9.796	8049
59911.933717	2216500493.255	   9.288	8049
59911.933832	2216500492.255	  25.008	8049
59911.933948	2216500491.255	  13.389	8049
59911.934064	2216500490.555	   9.914	8049
59911.934180	2216500489.355	  14.511	8049
59911.934295	2216500488.755	  17.126	8049
59911.934411	2216500487.555	  14.278	8049
59911.934527	2216500486.755	  11.866	8049
59911.934643	2216500485.755	  13.834	8049
59911.934758	2216500484.555	  18.946	8049
59911.934874	2216500483.555	  12.473	8049
59911.934990	2216500482.500	  11.733	8049
59911.935106	2216500481.955	   7.767	8049
59911.935221	2216500480.800	  14.587	8049
59911.935337	2216500479.755	  14.167	8049
59911.935453	2216500478.800	  17.254	8049
59911.935568	2216500477.700	   9.440	8049
59911.935684	2216500476.655	  15.376	8049
59911.935800	2216500475.900	  12.719	8049
59911.935916	2216500474.755	  13.609	8049
59911.936031	2216500473.700	  13.242	8049
59911.936147	2216500472.855	  16.969	8049
59911.936263	2216500471.900	  10.767	8049
59911.936379	2216500470.955	  13.714	8049
59911.936494	2216500469.800	  15.583	8049
59911.936610	2216500468.755	  13.830	8049
59911.936726	2216500468.100	  17.189	8049
59911.936842	2216500466.955	  12.664	8049
59911.936957	2216500465.955	   9.023	8049
59911.937073	2216500464.955	  11.271	8049
59911.937189	2216500463.955	  10.019	8049
59911.937305	2216500462.955	   7.751	8049
59911.937420	2216500461.755	  16.335	8049
59911.937536	2216500460.955	  15.430	8049
59911.937652	2216500460.000	  13.936	8049
59911.937768	2216500458.755	  15.738	8049
59911.937883	2216500457.655	  29.183	8049
59911.937999	2216500456.655	   9.837	8049
59911.938115	2216500455.555	  10.959	8049
59911.938231	2216500454.855	   9.028	8049
59911.938346	2216500453.800	  25.644	8049
59911.938462	2216500452.955	  12.481	8049
59911.938578	2216500451.755	  20.639	8049
59911.938693	2216500450.255	   8.160	8049
59911.938809	2216500449.655	  13.507	8049
59911.938925	2216500448.755	   8.911	8049
59911.939041	2216500447.455	  19.916	8049
59911.939156	2216500446.755	  12.535	8049
59911.939272	2216500445.355	  11.768	8049
59911.939388	2216500444.555	  17.921	8049
59911.939504	2216500443.255	  14.572	8049
59911.939619	2216500442.555	  13.890	8049
59911.939735	2216500441.355	  11.391	8049
59911.939851	2216500440.300	  12.625	8049
59911.939967	2216500439.255	  20.341	8049
59911.940082	2216500438.255	   9.225	8049
59911.940198	2216500437.455	   9.980	8049
59911.940314	2216500436.355	  12.035	8049
59911.940430	2216500435.200	   8.059	8049
59911.940545	2216500434.255	  14.885	8049
59911.940661	2216500433.055	   8.830	8049
59911.940777	2216500432.000	   9.908	8049
59911.940893	2216500431.055	  10.596	8049
59911.941008	2216500429.755	   7.528	8049
59911.941124	2216500428.855	  12.175	8049
59911.941240	2216500428.055	  15.925	8049
59911.941356	2216500427.155	   6.969	8049
59911.941471	2216500425.855	  12.404	8049
59911.941587	2216500424.855	  22.377	8049
59911.941703	2216500423.655	  14.125	8049
59911.941818	2216500422.655	  12.206	8049
59911.941934	2216500421.355	  16.388	8049
59911.942050	2216500420.655	  15.235	8049
59911.942166	2216500419.655	   8.346	8049
59911.942281	2216500418.255	  10.657	8049
59911.942397	2216500417.455	  16.605	8049
59911.942513	2216500416.155	  11.640	8049
59911.942629	2216500415.200	  13.616	8049
59911.942744	2216500414.255	  17.619	8049
59911.942860	2216500412.900	  12.664	8049
59911.942976	2216500412.155	   8.556	8049
59911.943092	2216500410.755	   9.169	8049
59911.943207	2216500409.855	   8.777	8049
59911.943323	2216500408.955	   7.398	8049
59911.943439	2216500408.155	   9.954	8049
59911.943555	2216500406.855	  11.142	8049
59911.943670	2216500405.755	   9.807	8049
59911.943786	2216500404.300	   8.297	8049
59911.943902	2216500403.700	  12.638	8049
59911.944018	2216500402.355	  11.363	8049
59911.944133	2216500401.455	  16.774	8049
59911.944249	2216500400.155	  16.131	8049
59911.944365	2216500399.100	  17.337	8049
59911.944480	2216500398.155	  10.443	8049
59911.944596	2216500396.955	  20.661	8049
59911.944712	2216500395.755	   9.208	8049
59911.944828	2216500394.655	   8.743	8049
59911.944943	2216500393.555	  10.894	8049
59911.945059	2216500392.655	  14.833	8049
59911.945175	2216500391.400	  10.760	8049
59911.945291	2216500390.455	  10.096	8049
59911.945406	2216500389.355	  10.136	8049
59911.945522	2216500388.155	  10.394	8049
59911.945638	2216500387.155	  15.753	8049
59911.945754	2216500386.055	  19.572	8049
59911.945869	2216500384.755	  11.897	8049
59911.945985	2216500383.855	  20.044	8049
59911.946101	2216500382.855	  11.448	8049
59911.946217	2216500381.455	  10.437	8049
59911.946332	2216500380.455	  14.301	8049
59911.946448	2216500379.355	  10.528	8049
59911.946564	2216500378.255	  12.203	8049
59911.946680	2216500377.155	   9.648	8049
59911.946795	2216500375.955	  15.503	8049
59911.946911	2216500375.355	   8.473	8049
59911.947027	2216500373.455	   9.407	8049
59911.947143	2216500372.855	  12.782	8049
59911.947258	2216500371.900	  11.547	8049
59911.947374	2216500370.500	  17.104	8049
59911.947490	2216500369.255	  15.390	8049
59911.947606	2216500368.355	  13.174	8049
59911.947721	2216500367.155	  11.151	8049
59911.947837	2216500366.455	  11.568	8049
59911.947953	2216500365.055	  11.080	8049
59911.948069	2216500363.755	  13.080	8049
59911.948184	2216500362.655	   9.906	8049
59911.948300	2216500361.655	  19.296	8049
59911.948416	2216500360.755	  13.097	8049
59911.948531	2216500359.255	  10.942	8049
59911.948647	2216500358.255	   7.462	8049
59911.948763	2216500356.855	  13.044	8049
59911.948879	2216500355.955	  13.463	8049
59911.948994	2216500354.555	  11.337	8049
59911.949110	2216500353.855	  13.358	8049
59911.949226	2216500352.555	  13.077	8049
59911.949342	2216500351.655	  12.956	8049
59911.949457	2216500350.155	  17.443	8049
59911.949573	2216500349.255	  10.864	8049
59911.949689	2216500348.255	  11.411	8049
59911.949805	2216500346.755	  10.184	8049
59911.949920	2216500345.855	  13.036	8049
59911.950036	2216500344.555	   8.263	8049
59911.950152	2216500343.855	  11.079	8049
59911.950268	2216500342.300	  12.925	8049
59911.950383	2216500341.455	  12.551	8049
59911.950499	2216500340.055	  10.685	8049
59911.950615	2216500338.955	  10.339	8049
59911.950731	2216500337.655	  10.545	8049
59911.950846	2216500336.655	  17.574	8049
59911.950962	2216500335.555	   7.798	8049
59911.951078	2216500334.555	  16.465	8049
59911.951309	2216500332.255	  14.443	8049
59911.951425	2216500331.455	  17.634	8049
59911.951541	2216500330.055	  11.819	8049
59911.951657	2216500329.055	   5.219	8049
59911.951772	2216500328.355	   9.466	8049
59911.951888	2216500326.955	  18.518	8049
59911.952119	2216500324.855	  14.057	8049
59911.952235	2216500323.755	   8.748	8049
59911.952351	2216500323.055	  12.227	8049
59911.952467	2216500322.155	  10.595	8049
59911.952582	2216500320.955	  12.481	8049
59911.952698	2216500319.800	   8.382	8049
59911.952814	2216500318.755	   6.518	8049
59911.952930	2216500317.855	   8.600	8049
59911.953045	2216500316.355	  11.521	8049
59911.953161	2216500315.455	  10.611	8049
59911.953277	2216500314.555	  11.500	8049
59911.953393	2216500313.355	  14.207	8049
59911.953508	2216500312.155	  13.083	8049
59911.953624	2216500311.055	  14.076	8049
59911.953740	2216500310.155	  12.920	8049
59911.953856	2216500308.855	  16.353	8049
59911.953971	2216500307.755	  11.926	8049
59911.954087	2216500306.855	  12.835	8049
59911.954203	2216500305.855	   7.347	8049
59911.954318	2216500304.755	  13.996	8049
59911.954434	2216500303.755	   8.068	8049
59911.954550	2216500302.455	  15.113	8049
59911.954666	2216500301.655	  12.527	8049
59911.954781	2216500300.355	  16.659	8049
59911.954897	2216500299.155	   9.368	8049
59911.955013	2216500298.255	   9.974	8049
59911.955129	2216500297.155	   9.806	8049
59911.955244	2216500296.155	  10.770	8049
59911.955360	2216500294.955	  10.636	8049
59911.955476	2216500293.855	   8.786	8049
59911.955592	2216500292.755	  13.062	8049
59911.955707	2216500291.755	  18.268	8049
59911.955823	2216500290.655	  17.262	8049
59911.955939	2216500289.355	  12.526	8049
59911.956055	2216500288.255	   7.090	8049
59911.956170	2216500286.855	  10.225	8049
59911.956286	2216500286.255	  13.463	8049
59911.956402	2216500285.300	   9.138	8049
59911.956518	2216500283.955	  14.669	8049
59911.956633	2216500282.855	  12.707	8049
59911.956749	2216500281.700	  11.900	8049
59911.956865	2216500280.555	  22.026	8049
59911.956981	2216500279.255	   8.609	8049
59911.957096	2216500278.700	   9.387	8049
59911.957212	2216500277.355	   8.392	8049
59911.957328	2216500276.155	   7.546	8049
59911.957444	2216500275.400	  10.671	8049
59911.957559	2216500273.855	  12.007	8049
59911.957675	2216500273.055	   7.396	8049
59911.957791	2216500272.055	   7.688	8049
59911.957907	2216500270.855	  14.408	8049
59911.958022	2216500269.555	  14.712	8049
59911.958138	2216500268.855	   8.932	8049
59911.958254	2216500267.655	   8.622	8049
59911.958369	2216500266.055	  16.799	8049
59911.958485	2216500264.855	   8.207	8049
59911.958601	2216500264.055	   9.636	8049
59911.958717	2216500262.855	   9.949	8049
59911.958832	2216500261.655	  12.816	8049
59911.958948	2216500260.655	  15.830	8049
59911.959064	2216500259.455	   7.970	8049
59911.959180	2216500258.200	   7.725	8049
59911.959295	2216500257.155	   7.184	8049
59911.959411	2216500256.255	   9.106	8049
59911.959527	2216500254.955	  10.386	8049
59911.959642	2216500253.855	   9.668	8049
59911.959758	2216500252.400	   8.001	8049
59911.959874	2216500251.555	  17.383	8049
59911.959990	2216500250.055	   9.720	8049
59911.960105	2216500249.355	  14.163	8049
59911.960221	2216500248.355	  15.396	8049
59911.960337	2216500247.155	  14.184	8049
59911.960453	2216500245.755	  10.496	8049
59911.960569	2216500244.655	   9.387	8049
59911.960684	2216500243.755	  12.257	8049
59911.960800	2216500242.155	   6.173	8049
59911.960916	2216500241.655	   7.444	8049
59911.961031	2216500240.355	  10.344	8049
59911.961147	2216500239.055	  11.278	8049
59911.961263	2216500237.855	  10.367	8049
59911.961379	2216500236.755	  10.404	8049
59911.961494	2216500235.855	   9.514	8049
59911.961610	2216500234.055	   7.366	8049
59911.961726	2216500233.555	  13.476	8049
59911.961842	2216500232.355	  10.096	8049
59911.961957	2216500231.055	  15.774	8049
59911.962073	2216500230.055	  16.402	8049
59911.962189	2216500228.655	  11.540	8049
59911.962305	2216500227.600	  10.414	8049
59911.962420	2216500226.500	   7.352	8049
59911.962536	2216500225.555	   9.365	8049
59911.962652	2216500223.955	  10.347	8049
59911.962768	2216500222.855	   8.880	8049
59911.962883	2216500221.955	  18.094	8049
59911.962999	2216500220.555	  10.489	8049
59911.963115	2216500219.355	   9.488	8049
59911.963230	2216500218.455	  21.419	8049
59911.963346	2216500217.255	   9.321	8049
59911.963462	2216500215.855	   7.217	8049
59911.963578	2216500214.655	   8.411	8049
59911.963693	2216500213.855	   8.304	8049
59911.963809	2216500212.855	   9.354	8049
59911.963925	2216500211.255	  10.802	8049
59911.964041	2216500209.955	  10.587	8049
59911.964156	2216500208.855	   8.927	8049
59911.964272	2216500207.655	  15.658	8049
59911.964388	2216500207.055	  13.262	8049
59911.964504	2216500205.355	  13.104	8049
59911.964619	2216500204.455	  13.831	8049
59911.964735	2216500203.355	   8.732	8049
59911.964851	2216500202.055	   9.650	8049
59911.964967	2216500200.655	  13.246	8049
59911.965082	2216500199.855	  13.388	8049
59911.965198	2216500198.455	   9.275	8049
59911.965314	2216500197.355	  10.302	8049
59911.965430	2216500196.055	  24.346	8049
59911.965545	2216500194.955	  17.736	8049
59911.965661	2216500193.655	  12.248	8049
59911.965777	2216500192.455	   7.368	8049
59911.965893	2216500191.255	  17.071	8049
59911.966008	2216500190.255	  10.738	8049
59911.966124	2216500188.855	   8.782	8049
59911.966240	2216500187.655	   8.277	8049
59911.966355	2216500186.655	  11.598	8049
59911.966471	2216500185.455	  25.324	8049
59911.966587	2216500184.255	  11.902	8049
59911.966703	2216500182.955	   7.426	8049
59911.967050	2216500179.455	  11.606	8049
59911.967166	2216500178.055	   8.214	8049
59911.967282	2216500177.355	   5.602	8049
59911.967513	2216500174.755	   8.895	8049
59911.967629	2216500173.355	   7.389	8049
59911.967744	2216500172.255	   5.219	8049
59911.967860	2216500171.055	   9.247	8049
59911.967976	2216500169.755	   7.416	8049
59911.968207	2216500167.355	   5.345	8049
59911.968323	2216500166.155	   7.745	8049
59911.968439	2216500165.155	   5.556	8049
59911.968555	2216500163.755	   7.086	8049
59911.968670	2216500162.555	   7.937	8049
59911.968902	2216500160.255	   6.364	8049
59911.969018	2216500159.255	   7.304	8049
59911.969133	2216500157.955	   5.462	8049
59911.969249	2216500156.655	   6.482	8049
59911.969365	2216500155.655	   6.797	8049
59911.970869	2216500139.555	   7.216	8049
59911.972027	2216500127.855	   5.260	8049
59911.972143	2216500126.355	   7.012	8049
59911.972259	2216500125.555	   5.004	8049
59911.974457	2216500102.855	   5.989	8049
59911.974689	2216500100.155	   5.935	8049
59911.974805	2216500099.055	   5.100	8049
59911.991818	2216499919.755	  18.994	8049
59911.991934	2216499918.655	  10.075	8049
59911.992050	2216499917.555	  12.275	8049
59911.992166	2216499915.955	  17.488	8049
59911.992281	2216499914.955	   7.815	8049
59911.992397	2216499913.855	   7.976	8049
59911.992513	2216499912.255	   7.297	8049
59911.992629	2216499910.855	   8.850	8049
59911.992744	2216499909.755	   9.927	8049
59911.992860	2216499908.655	   6.302	8049
59911.992976	2216499907.255	  11.756	8049
59911.993092	2216499905.955	  12.779	8049
59911.993207	2216499904.455	   7.660	8049
59911.993323	2216499903.355	   9.154	8049
59911.993439	2216499902.155	   8.810	8049
59911.993555	2216499901.600	   7.520	8049
59911.993670	2216499899.655	   7.308	8049
59911.993786	2216499898.255	   6.738	8049
59911.993902	2216499896.855	   8.515	8049
59911.994018	2216499895.355	   6.761	8049
59911.994133	2216499894.455	   5.280	8049
59911.994249	2216499893.155	   8.099	8049
59911.994365	2216499891.855	   7.861	8049
59911.994480	2216499890.755	   8.401	8049
59911.994596	2216499888.955	   5.838	8049
59911.994712	2216499888.055	   7.034	8049
59911.994828	2216499886.655	  12.077	8049
59911.994943	2216499885.255	  10.787	8049
59911.995059	2216499883.955	  10.184	8049
59911.995175	2216499882.855	   9.666	8049
59911.995291	2216499881.255	   9.648	8049
59911.995406	2216499880.800	   7.005	8049
59911.995522	2216499878.955	  12.008	8049
59911.995638	2216499877.955	  13.804	8049
59911.995754	2216499876.255	   8.878	8049
59911.995869	2216499875.455	   9.436	8049
59911.995985	2216499873.955	  10.741	8049
59911.996101	2216499872.655	  10.527	8049
59911.996217	2216499871.355	   9.412	8049
59911.996333	2216499870.355	   8.358	8049
59911.996448	2216499868.555	  10.827	8049
59911.996564	2216499867.655	  13.628	8049
59911.996680	2216499866.355	  11.078	8049
59911.996795	2216499864.555	  13.157	8049
59911.996911	2216499863.355	  16.258	8049
59911.997027	2216499862.555	  11.265	8049
59911.997143	2216499861.055	   9.699	8049
59911.997258	2216499859.855	  10.148	8049
59911.997374	2216499858.555	  13.169	8049
59911.997490	2216499857.055	   8.951	8049
59911.997605	2216499855.755	  11.300	8049
59911.997721	2216499854.855	  20.776	8049
59911.997837	2216499853.155	  13.839	8049
59911.997953	2216499852.100	   9.451	8049
59911.998068	2216499850.655	  11.436	8049
59911.998184	2216499849.455	  11.981	8049
59911.998300	2216499848.355	  10.503	8049
59911.998416	2216499846.655	   9.933	8049
59911.998531	2216499845.455	   9.646	8049
59911.998647	2216499844.055	  10.244	8049
59911.998763	2216499842.855	  11.085	8049
59911.998879	2216499841.955	  11.769	8049
59911.998994	2216499840.155	  10.485	8049
59911.999110	2216499839.255	   7.485	8049
59911.999342	2216499836.455	  13.851	8049
59911.999457	2216499834.655	   8.796	8049
59911.999573	2216499834.000	  11.717	8049
59911.999689	2216499832.655	   8.344	8049
59911.999805	2216499830.855	  10.541	8049
59912.000036	2216499828.455	   5.008	8049
59912.000152	2216499827.155	   8.825	8049
59912.000267	2216499825.455	   8.273	8049
59912.000383	2216499824.455	  12.012	8049
59912.000499	2216499823.655	   8.820	8049
59912.000615	2216499822.355	   6.882	8049
59912.000730	2216499821.055	   9.952	8049
59912.000846	2216499819.455	   9.667	8049
59912.000962	2216499818.355	   9.333	8049
59912.001078	2216499817.155	  10.047	8049
59912.001309	2216499814.255	   6.956	8049
59912.001425	2216499813.455	   6.228	8049
59912.001541	2216499812.155	   7.222	8049
59912.001772	2216499809.555	   8.469	8049
59912.001888	2216499808.255	  11.191	8049
59912.002004	2216499807.155	   8.178	8049
59912.002119	2216499805.855	   5.231	8049
59912.002235	2216499804.355	   5.819	8049
59912.002582	2216499800.855	  11.684	8049
59912.002698	2216499799.455	   7.000	8049
59912.003045	2216499795.655	  11.829	8049
59912.003277	2216499792.755	   8.904	8049
59912.004087	2216499784.255	   6.304	8049
59912.004318	2216499782.055	   5.948	8049
59912.004897	2216499775.055	   9.800	8049
59912.005013	2216499774.055	   5.797	8049
59912.005707	2216499766.255	   8.453	8049
59912.005823	2216499764.855	   7.131	8049
59912.006286	2216499759.355	   6.192	8049
59912.006518	2216499757.255	   7.790	8049
59912.006865	2216499753.855	   6.729	8049
59912.006981	2216499751.955	   7.056	8049
59912.007212	2216499749.455	   6.348	8049
59912.007328	2216499748.155	   8.785	8049
59912.007444	2216499746.755	  12.716	8049
59912.008138	2216499739.555	   5.882	8049
59912.008485	2216499735.355	   8.548	8049
59912.008601	2216499733.955	   5.405	8049
59912.008717	2216499732.955	   6.294	8049
59912.008948	2216499730.355	  12.114	8049
59912.009180	2216499727.355	   5.931	8049
59912.009527	2216499723.455	   8.195	8049
59912.009758	2216499721.155	   5.391	8049
59912.010337	2216499714.955	   8.409	8049
59912.010569	2216499712.055	   5.700	8049
59912.011147	2216499705.755	   8.072	8049
59912.011263	2216499704.355	   8.530	8049
59912.011494	2216499701.455	   5.071	8049
59912.011610	2216499700.255	   5.649	8049
59912.011726	2216499699.355	  11.879	8049
59912.011842	2216499697.855	   6.575	8049
59912.012073	2216499695.455	   5.349	8049
59912.012305	2216499692.555	   6.205	8049
59912.012420	2216499691.555	   8.514	8049
59912.012652	2216499688.355	   5.707	8049
59912.012767	2216499687.355	   6.934	8049
59912.012883	2216499686.155	   8.084	8049
59912.012999	2216499684.755	   5.160	8049
59912.013115	2216499683.355	   5.339	8049
59912.013231	2216499681.955	   7.774	8049
59912.013346	2216499681.255	   9.696	8049
59912.013462	2216499679.855	   8.329	8049
59912.013578	2216499678.355	   6.157	8049
59912.013693	2216499676.855	   9.358	8049
59912.013809	2216499675.355	   6.265	8049
59912.013925	2216499674.655	   6.627	8049
59912.014041	2216499673.055	   5.262	8049
59912.014156	2216499671.855	   9.454	8049
59912.014388	2216499669.155	   7.836	8049
59912.014735	2216499665.155	   6.686	8049
59912.014851	2216499663.855	   6.001	8049
59912.014967	2216499662.555	  10.226	8049
59912.015082	2216499661.455	  18.324	8049
59912.015314	2216499658.955	   6.377	8049
59912.015430	2216499657.155	   6.587	8049
59912.015545	2216499655.955	  11.315	8049
59912.016240	2216499648.455	   6.020	8049
59912.016471	2216499645.955	   7.011	8049
59912.018902	2216499619.055	   5.468	8049
59912.019365	2216499613.255	   7.612	8049
59912.019597	2216499610.255	   7.335	8049
59912.020522	2216499599.755	   5.015	8049
59912.020638	2216499598.655	   5.443	8049
59912.020869	2216499595.400	  11.046	8049
59912.020985	2216499594.400	   8.335	8049
59912.021101	2216499593.100	  16.738	8049
59912.021217	2216499591.900	  10.166	8049
59912.021332	2216499590.700	  15.247	8049
59912.021448	2216499589.300	  12.454	8049
59912.021564	2216499588.200	   8.782	8049
59912.021680	2216499586.700	  10.780	8049
59912.021795	2216499585.700	   9.491	8049
59912.021911	2216499583.900	  13.951	8049
59912.022027	2216499582.700	  16.418	8049
59912.022143	2216499581.600	  13.002	8049
59912.022258	2216499580.200	   8.412	8049
59912.022374	2216499578.700	   9.213	8049
59912.022490	2216499577.500	  19.425	8049
59912.022605	2216499575.855	   8.889	8049
59912.022721	2216499575.000	  13.447	8049
59912.022837	2216499573.455	   7.447	8049
59912.022953	2216499572.500	   8.994	8049
59912.023068	2216499570.800	  18.811	8049
59912.023184	2216499569.800	   9.360	8049
59912.023300	2216499568.400	  14.873	8049
59912.023416	2216499566.900	  18.255	8049
59912.023531	2216499565.700	  14.514	8049
59912.023647	2216499564.400	   9.605	8049
59912.023763	2216499563.400	   8.382	8049
59912.023879	2216499561.800	  15.433	8049
59912.023994	2216499560.300	  15.680	8049
59912.024110	2216499559.000	  11.726	8049
59912.024226	2216499557.900	  10.609	8049
59912.024342	2216499556.500	   9.149	8049
59912.024457	2216499555.300	  13.102	8049
59912.024573	2216499553.900	  13.883	8049
59912.024689	2216499552.500	  10.607	8049
59912.024805	2216499551.400	  12.790	8049
59912.024920	2216499549.800	  11.414	8049
59912.025036	2216499548.600	  10.906	8049
59912.025152	2216499547.400	  11.092	8049
59912.025268	2216499546.100	   9.372	8049
59912.025383	2216499544.500	   7.850	8049
59912.025499	2216499543.300	   9.713	8049
59912.025615	2216499542.100	   8.154	8049
59912.025731	2216499540.900	   9.170	8049
59912.025846	2216499539.500	   9.299	8049
59912.025962	2216499537.900	  10.922	8049
59912.026078	2216499536.900	   8.374	8049
59912.026193	2216499535.100	  12.478	8049
59912.026309	2216499533.900	   7.933	8049
59912.026425	2216499532.700	  14.861	8049
59912.026541	2216499531.300	   9.867	8049
59912.026656	2216499530.400	   9.076	8049
59912.026772	2216499528.700	  10.925	8049
59912.026888	2216499527.600	  11.080	8049
59912.027004	2216499526.200	  11.113	8049
59912.027119	2216499525.000	  11.015	8049
59912.027235	2216499523.255	   8.289	8049
59912.027351	2216499522.100	  11.647	8049
59912.027467	2216499520.855	  15.583	8049
59912.027582	2216499519.555	   9.505	8049
59912.027698	2216499518.155	   8.507	8049
59912.027814	2216499516.955	   8.938	8049
59912.027930	2216499515.800	  17.114	8049
59912.028045	2216499514.400	  17.130	8049
59912.028161	2216499513.200	   9.560	8049
59912.028277	2216499511.300	   9.823	8049
59912.028393	2216499510.300	   8.594	8049
59912.028508	2216499509.300	   7.472	8049
59912.028624	2216499507.600	  20.104	8049
59912.028740	2216499506.100	   9.225	8049
59912.028856	2216499505.000	  10.376	8049
59912.028971	2216499503.800	  14.162	8049
59912.029087	2216499502.500	  16.434	8049
59912.029203	2216499501.100	   7.148	8049
59912.029318	2216499499.700	   9.669	8049
59912.029434	2216499498.500	  10.319	8049
59912.029550	2216499497.200	   8.113	8049
59912.029666	2216499495.900	  14.361	8049
59912.029781	2216499494.400	   8.761	8049
59912.029897	2216499493.300	  11.851	8049
59912.030013	2216499491.800	   9.741	8049
59912.030129	2216499490.200	   6.867	8049
59912.030244	2216499489.100	   8.004	8049
59912.030360	2216499487.700	  20.603	8049
59912.030476	2216499486.600	  17.018	8049
59912.030592	2216499485.100	  17.610	8049
59912.030707	2216499483.600	   8.179	8049
59912.030823	2216499482.400	   9.495	8049
59912.030939	2216499481.000	   9.427	8049
59912.031055	2216499479.800	  11.437	8049
59912.031170	2216499478.600	  13.656	8049
59912.031286	2216499477.600	  12.004	8049
59912.031402	2216499478.200	  12.991	8049
59912.031517	2216499476.900	   7.357	8049
59912.031633	2216499475.700	  11.257	8049
59912.031749	2216499474.400	   7.385	8049
59912.031865	2216499472.700	   9.324	8049
59912.031981	2216499471.500	  12.445	8049
59912.032096	2216499470.000	   9.072	8049
59912.032212	2216499468.700	   8.206	8049
59912.032328	2216499467.500	   9.926	8049
59912.032444	2216499465.800	  10.201	8049
59912.032559	2216499464.800	   8.862	8049
59912.032675	2216499463.300	  16.412	8049
59912.032791	2216499461.900	   7.129	8049
59912.032907	2216499460.800	  11.877	8049
59912.033022	2216499459.600	  14.773	8049
59912.033138	2216499457.900	  13.110	8049
59912.033254	2216499456.700	   9.591	8049
59912.033369	2216499455.200	   8.903	8049
59912.033485	2216499454.100	  16.039	8049
59912.033601	2216499452.800	  12.284	8049
59912.033717	2216499451.300	   8.617	8049
59912.033832	2216499450.300	   8.445	8049
59912.033948	2216499448.800	  12.825	8049
59912.034064	2216499447.600	   8.740	8049
59912.034180	2216499446.200	   9.736	8049
59912.034295	2216499444.700	   8.745	8049
59912.034411	2216499443.300	   6.692	8049
59912.034527	2216499442.000	  10.378	8049
59912.034643	2216499440.600	  16.865	8049
59912.034758	2216499439.500	   7.579	8049
59912.034874	2216499437.700	   9.349	8049
59912.034990	2216499436.500	  12.937	8049
59912.035106	2216499435.400	  15.542	8049
59912.035221	2216499434.000	   9.574	8049
59912.035337	2216499432.600	   8.744	8049
59912.035453	2216499431.100	   9.640	8049
59912.035568	2216499430.000	   9.225	8049
59912.035684	2216499428.300	   8.397	8049
59912.035800	2216499427.400	   7.190	8049
59912.035916	2216499425.300	   6.857	8049
59912.036031	2216499424.700	   7.273	8049
59912.036147	2216499423.000	  11.074	8049
59912.036263	2216499421.600	  14.431	8049
59912.036379	2216499420.755	   8.037	8049
59912.036494	2216499418.755	   8.161	8049
59912.036610	2216499417.400	  10.602	8049
59912.036726	2216499416.300	  10.017	8049
59912.036842	2216499415.200	  11.122	8049
59912.036958	2216499413.355	  12.721	8049
59912.037073	2216499412.000	  12.194	8049
59912.037189	2216499410.700	  12.320	8049
59912.037305	2216499409.155	  14.116	8049
59912.037421	2216499407.800	   6.869	8049
59912.037536	2216499406.500	  13.928	8049
59912.037652	2216499405.100	  16.822	8049
59912.037768	2216499403.500	   8.916	8049
59912.037883	2216499402.400	  11.929	8049
59912.037999	2216499401.000	  19.006	8049
59912.038115	2216499399.355	  14.542	8049
59912.038231	2216499398.000	  10.027	8049
59912.038347	2216499396.955	  12.735	8049
59912.038462	2216499395.500	  12.301	8049
59912.038578	2216499393.900	   9.287	8049
59912.038694	2216499392.955	  18.662	8049
59912.038809	2216499391.700	  18.942	8049
59912.038925	2216499390.500	  20.377	8049
59912.039041	2216499389.200	  17.989	8049
59912.039156	2216499387.900	   9.216	8049
59912.039272	2216499386.555	   8.741	8049
59912.039388	2216499385.255	  15.961	8049
59912.039504	2216499384.155	  11.197	8049
59912.039620	2216499383.155	  12.720	8049
59912.039736	2216499381.755	   9.724	8049
59912.039851	2216499380.555	  15.136	8049
59912.039967	2216499379.000	  10.884	8049
59912.040082	2216499377.655	  15.110	8049
59912.040198	2216499376.600	  11.765	8049
59912.040314	2216499375.155	   9.032	8049
59912.040430	2216499374.000	  16.584	8049
59912.040545	2216499372.655	  13.835	8049
59912.040661	2216499371.400	  12.735	8049
59912.040777	2216499369.800	  10.195	8049
59912.040893	2216499369.200	  11.930	8049
59912.041008	2216499367.655	  12.678	8049
59912.041124	2216499366.300	  18.959	8049
59912.041241	2216499365.300	   8.895	8049
59912.041356	2216499363.800	  14.537	8049
59912.041471	2216499362.655	  13.437	8049
59912.041587	2216499361.055	  10.935	8049
59912.041703	2216499359.955	  12.356	8049
59912.041819	2216499358.655	  10.745	8049
59912.041935	2216499357.300	  11.911	8049
59912.042050	2216499356.055	  10.528	8049
59912.042166	2216499355.000	  15.301	8049
59912.042282	2216499353.355	   9.226	8049
59912.042397	2216499352.455	   8.825	8049
59912.042513	2216499350.855	  10.607	8049
59912.042629	2216499349.455	  11.657	8049
59912.042745	2216499348.600	   9.188	8049
59912.042860	2216499347.055	   8.939	8049
59912.042976	2216499345.455	  10.098	8049
59912.043092	2216499344.355	  10.066	8049
59912.043208	2216499342.955	   9.760	8049
59912.043324	2216499341.700	  12.337	8049
59912.043439	2216499340.700	  10.341	8049
59912.043555	2216499339.000	  13.663	8049
59912.043671	2216499337.755	  12.747	8049
59912.043786	2216499336.755	  11.598	8049
59912.043902	2216499335.400	  11.480	8049
59912.044018	2216499333.855	  15.618	8049
59912.044134	2216499332.955	  13.106	8049
59912.044249	2216499331.200	   8.671	8049
59912.044365	2216499330.300	  10.099	8049
59912.044481	2216499328.655	  11.121	8049
59912.044597	2216499327.600	  12.794	8049
59912.044712	2216499326.355	  10.705	8049
59912.044828	2216499324.855	  15.428	8049
59912.044944	2216499323.255	   9.844	8049
59912.045059	2216499322.000	  11.676	8049
59912.045175	2216499321.100	  11.538	8049
59912.045291	2216499319.455	  13.934	8049
59912.045407	2216499318.055	  10.402	8049
59912.045523	2216499316.855	  11.367	8049
59912.045638	2216499315.900	  10.012	8049
59912.045754	2216499314.255	  10.812	8049
59912.045870	2216499313.300	  13.550	8049
59912.045985	2216499311.555	   8.651	8049
59912.046101	2216499310.055	  10.936	8049
59912.046217	2216499309.055	  16.238	8049
59912.046333	2216499307.700	  13.967	8049
59912.046448	2216499306.055	   7.889	8049
59912.046564	2216499304.655	   9.110	8049
59912.046680	2216499303.300	   7.351	8049
59912.046795	2216499301.955	   8.370	8049
59912.046911	2216499300.655	   6.565	8049
59912.047027	2216499299.800	  10.249	8049
59912.047143	2216499298.155	   7.844	8049
59912.047259	2216499296.855	  11.210	8049
59912.047374	2216499295.600	  13.328	8049
59912.047606	2216499292.955	   7.517	8049
59912.047722	2216499291.555	   9.633	8049
59912.047837	2216499290.255	   7.108	8049
59912.047953	2216499288.855	   5.526	8049
59912.048069	2216499287.355	  14.962	8049
59912.048185	2216499286.055	   7.896	8049
59912.048301	2216499284.955	   7.472	8049
59912.048416	2216499283.355	   8.583	8049
59912.048532	2216499282.155	   8.587	8049
59912.048647	2216499280.555	   9.454	8049
59912.048763	2216499279.255	   5.707	8049
59912.048879	2216499278.055	   7.961	8049
59912.048995	2216499276.355	   7.518	8049
59912.049111	2216499275.255	   5.838	8049
59912.049226	2216499274.055	   6.030	8049
59912.049342	2216499272.555	   7.795	8049
59912.049457	2216499270.955	   5.840	8049
59912.049573	2216499269.455	   6.712	8049
59912.049689	2216499268.455	  10.781	8049
59912.049805	2216499266.955	   8.480	8049
59912.050152	2216499262.855	   8.938	8049
59912.050268	2216499261.355	   9.985	8049
59912.050731	2216499256.055	   8.615	8049
59912.050846	2216499254.655	   8.420	8049
59912.050962	2216499253.455	   6.591	8049
59912.051078	2216499251.855	  11.675	8049
59912.051194	2216499250.555	   5.352	8049
59912.051425	2216499247.455	   7.345	8049
59912.051772	2216499243.055	   6.632	8049
59912.051888	2216499242.255	   6.569	8049
59912.052004	2216499240.855	   8.138	8049
59912.052120	2216499239.455	  10.404	8049
59912.052235	2216499238.255	   9.410	8049
59912.052351	2216499237.155	   5.323	8049
59912.052467	2216499235.955	  10.349	8049
59912.052583	2216499234.955	   8.932	8049
59912.052698	2216499233.455	   7.204	8049
59912.052814	2216499232.255	   9.427	8049
59912.052930	2216499231.055	  10.095	8049
59912.053045	2216499229.555	  12.501	8049
59912.053161	2216499228.455	   8.583	8049
59912.053277	2216499227.155	   8.195	8049
59912.053393	2216499225.755	   8.958	8049
59912.053509	2216499224.855	  18.717	8049
59912.053624	2216499223.455	   8.998	8049
59912.053740	2216499222.255	  11.791	8049
59912.053856	2216499220.655	   8.523	8049
59912.053971	2216499219.555	   9.797	8049
59912.054203	2216499217.455	  14.194	8049
59912.054319	2216499216.055	  11.791	8049
59912.054434	2216499214.355	  11.996	8049
59912.054550	2216499213.055	   5.955	8049
59912.054666	2216499211.655	  11.197	8049
59912.054782	2216499210.255	   8.533	8049
59912.054897	2216499209.255	   8.229	8049
59912.055013	2216499208.155	   9.078	8049
59912.055129	2216499206.555	   5.497	8049
59912.055360	2216499204.155	  10.125	8049
59912.055476	2216499203.055	   9.929	8049
59912.055592	2216499202.055	  10.978	8049
59912.055707	2216499200.255	  11.369	8049
59912.055823	2216499199.155	   7.560	8049
59912.055939	2216499197.555	   6.577	8049
59912.056055	2216499196.655	   5.954	8049
59912.056171	2216499195.455	   5.538	8049
59912.056286	2216499193.755	  11.390	8049
59912.056402	2216499192.855	  15.232	8049
59912.056518	2216499191.555	   9.735	8049
59912.056634	2216499190.255	  11.409	8049
59912.056750	2216499189.055	  11.862	8049
59912.056865	2216499187.455	  14.246	8049
59912.056981	2216499186.255	  15.611	8049
59912.057096	2216499184.855	  11.328	8049
59912.057212	2216499183.555	  11.778	8049
59912.057328	2216499182.600	   9.767	8049
59912.057444	2216499181.455	   8.154	8049
59912.057559	2216499179.900	  16.338	8049
59912.057676	2216499178.355	  14.169	8049
59912.057791	2216499176.855	  12.604	8049
59912.057907	2216499175.855	  12.066	8049
59912.058022	2216499174.500	  10.195	8049
59912.058138	2216499173.255	  10.204	8049
59912.058254	2216499171.755	  15.395	8049
59912.058370	2216499170.800	  12.405	8049
59912.058485	2216499169.400	   9.724	8049
59912.058601	2216499167.855	   9.434	8049
59912.058717	2216499166.800	  14.062	8049
59912.058833	2216499165.255	  16.519	8049
59912.058948	2216499163.955	  13.638	8049
59912.059064	2216499162.555	  14.775	8049
59912.059180	2216499161.455	  10.484	8049
59912.059296	2216499160.400	   7.844	8049
59912.059412	2216499158.655	  10.795	8049
59912.059527	2216499157.555	  11.889	8049
59912.059643	2216499156.155	   8.360	8049
59912.059759	2216499154.900	   9.938	8049
59912.059874	2216499153.555	   8.655	8049
59912.059990	2216499151.955	  10.096	8049
59912.060106	2216499150.855	   9.515	8049
59912.060222	2216499149.255	  12.137	8049
59912.060338	2216499148.400	   7.945	8049
59912.060453	2216499146.655	  14.129	8049
59912.060569	2216499145.555	   8.644	8049
59912.060685	2216499144.100	  13.431	8049
59912.060800	2216499143.155	   8.632	8049
59912.060916	2216499141.555	  22.523	8049
59912.061032	2216499139.955	  13.305	8049
59912.061148	2216499138.800	  10.919	8049
59912.061263	2216499137.555	  14.619	8049
59912.061379	2216499136.155	   7.158	8049
59912.061495	2216499134.855	  10.316	8049
59912.061610	2216499133.455	   7.307	8049
59912.061726	2216499131.955	  10.101	8049
59912.061842	2216499130.655	  17.634	8049
59912.061958	2216499129.055	  10.768	8049
59912.062073	2216499127.755	  12.807	8049
59912.062189	2216499126.655	  10.722	8049
59912.062305	2216499125.200	  10.744	8049
59912.062421	2216499123.800	  11.943	8049
59912.062536	2216499122.555	  13.035	8049
59912.062653	2216499121.000	   7.716	8049
59912.062768	2216499119.900	  11.766	8049
59912.062884	2216499118.100	   8.398	8049
59912.062999	2216499117.500	  11.167	8049
59912.063115	2216499115.900	  20.092	8049
59912.063231	2216499114.500	  15.926	8049
59912.063347	2216499112.755	   7.450	8049
59912.063462	2216499111.955	   7.967	8049
59912.063578	2216499110.455	  13.423	8049
59912.063694	2216499109.055	   7.946	8049
59912.063810	2216499107.855	   9.466	8049
59912.063925	2216499106.155	  16.158	8049
59912.064041	2216499104.700	   7.999	8049
59912.064157	2216499103.355	  10.299	8049
59912.064273	2216499102.400	  13.067	8049
59912.064389	2216499100.555	   8.125	8049
59912.064504	2216499099.455	  28.327	8049
59912.064620	2216499097.955	   9.730	8049
59912.064736	2216499096.755	  15.718	8049
59912.064851	2216499095.455	   8.100	8049
59912.064967	2216499093.655	  12.839	8049
59912.065083	2216499092.655	  10.944	8049
59912.065199	2216499091.400	  13.043	8049
59912.065315	2216499089.755	   9.984	8049
59912.065430	2216499088.655	  12.118	8049
59912.065546	2216499087.600	  12.570	8049
59912.065661	2216499086.055	  13.493	8049
59912.065777	2216499084.955	  12.819	8049
59912.065893	2216499083.855	  15.661	8049
59912.066009	2216499082.500	  15.337	8049
59912.066124	2216499081.555	  13.747	8049
59912.066240	2216499079.955	   8.977	8049
59912.066356	2216499078.855	  10.063	8049
59912.066471	2216499077.555	  12.001	8049
59912.066587	2216499076.255	  12.502	8049
59912.066703	2216499074.955	   9.507	8049
59912.066819	2216499073.755	  10.193	8049
59912.066934	2216499072.555	  13.097	8049
59912.067050	2216499071.055	  13.136	8049
59912.067166	2216499070.055	  11.793	8049
59912.067282	2216499068.855	  11.961	8049
59912.067397	2216499067.355	  15.557	8049
59912.067513	2216499066.100	   8.610	8049
59912.067629	2216499065.300	   6.899	8049
59912.067745	2216499063.355	   9.327	8049
59912.067860	2216499062.455	  11.017	8049
59912.067976	2216499061.400	   7.798	8049
59912.068092	2216499060.255	   9.232	8049
59912.068208	2216499058.555	  11.434	8049
59912.068323	2216499057.855	   9.019	8049
59912.068439	2216499056.255	  11.440	8049
59912.068555	2216499054.755	  15.250	8049
59912.068671	2216499053.555	  11.070	8049
59912.068786	2216499052.500	  11.970	8049
59912.068902	2216499051.055	  13.818	8049
59912.069018	2216499049.555	  10.295	8049
59912.069133	2216499048.855	  12.379	8049
59912.069249	2216499047.655	  10.117	8049
59912.069365	2216499046.155	   7.622	8049
59912.069481	2216499044.755	   9.263	8049
59912.069596	2216499043.355	  16.316	8049
59912.069712	2216499042.655	  10.635	8049
59912.069828	2216499041.255	   7.246	8049
59912.070060	2216499038.555	   6.221	8049
59912.070407	2216499034.655	   5.585	8049
59912.070754	2216499030.755	   6.205	8049
59912.070869	2216499029.055	   5.750	8049
59912.071217	2216499025.455	   6.962	8049
59912.071333	2216499024.355	   6.003	8049
59912.072953	2216499005.955	  13.864	8049
59912.073416	2216499000.855	   7.561	8049
59912.073532	2216498999.455	   6.769	8049
59912.073648	2216498998.255	   6.081	8049
59912.073879	2216498995.355	   5.520	8049
59912.078624	2216498940.755	  17.516	8049
59912.078740	2216498939.955	  16.494	8049
59912.078856	2216498938.355	  11.906	8049
59912.078972	2216498937.355	   9.243	8049
59912.079087	2216498936.255	  12.538	8049
59912.079203	2216498935.055	   8.757	8049
59912.079319	2216498933.755	  14.201	8049
59912.079434	2216498932.655	  19.143	8049
59912.079550	2216498931.155	   8.594	8049
59912.079666	2216498929.855	   9.897	8049
59912.079782	2216498928.855	   8.962	8049
59912.079898	2216498927.455	  14.978	8049
59912.080013	2216498926.155	  11.254	8049
59912.080129	2216498924.955	  10.132	8049
59912.080245	2216498923.855	  13.274	8049
59912.080360	2216498922.555	   9.989	8049
59912.080476	2216498921.555	  12.790	8049
59912.080592	2216498919.955	   8.931	8049
59912.080707	2216498919.255	   8.692	8049
59912.080823	2216498917.555	   9.015	8049
59912.080939	2216498916.655	   8.927	8049
59912.081055	2216498915.355	   9.114	8049
59912.081171	2216498914.355	  11.827	8049
59912.081286	2216498912.755	  14.483	8049
59912.081402	2216498911.755	   8.582	8049
59912.081518	2216498910.455	   7.628	8049
59912.081634	2216498909.155	   9.583	8049
59912.081749	2216498907.955	  11.492	8049
59912.081865	2216498906.555	  10.956	8049
59912.081981	2216498905.355	  11.241	8049
59912.082096	2216498904.155	   8.497	8049
59912.082212	2216498903.155	   8.742	8049
59912.082328	2216498901.655	  12.322	8049
59912.082444	2216498900.555	   7.939	8049
59912.082559	2216498899.155	  10.950	8049
59912.082675	2216498897.855	  10.633	8049
59912.082791	2216498896.955	   7.029	8049
59912.082907	2216498895.355	  12.532	8049
59912.083022	2216498894.455	  13.072	8049
59912.083138	2216498892.855	  11.619	8049
59912.083254	2216498891.555	  20.172	8049
59912.083370	2216498890.355	  10.452	8049
59912.083485	2216498889.255	   8.269	8049
59912.083601	2216498888.055	   9.347	8049
59912.083717	2216498886.355	  10.284	8049
59912.083833	2216498885.455	   8.531	8049
59912.083949	2216498884.355	   9.605	8049
59912.084064	2216498882.755	  13.150	8049
59912.084180	2216498881.855	   8.791	8049
59912.084295	2216498880.255	   6.932	8049
59912.084411	2216498879.155	   9.591	8049
59912.084527	2216498877.855	  10.957	8049
59912.084643	2216498876.855	  11.979	8049
59912.084759	2216498875.555	   6.543	8049
59912.084874	2216498873.855	   8.713	8049
59912.084990	2216498872.555	   7.638	8049
59912.085106	2216498871.655	   6.154	8049
59912.085221	2216498870.355	   8.669	8049
59912.085337	2216498868.855	  11.404	8049
59912.085453	2216498867.655	  10.996	8049
59912.085569	2216498866.455	   6.444	8049
59912.085800	2216498863.755	   6.761	8049
59912.085916	2216498862.455	   9.323	8049
59912.086032	2216498861.355	   7.272	8049
59912.086147	2216498860.155	   6.241	8049
59912.086263	2216498858.955	   9.827	8049
59912.086379	2216498857.355	   6.949	8049
59912.086495	2216498856.455	   5.933	8049
59912.086610	2216498855.155	   8.961	8049
59912.086726	2216498853.855	  10.805	8049
59912.086842	2216498852.555	   9.800	8049
59912.086957	2216498851.155	   9.860	8049
59912.087073	2216498849.655	   9.585	8049
59912.087189	2216498848.355	   8.202	8049
59912.087305	2216498847.455	   5.822	8049
59912.087421	2216498845.855	   7.022	8049
59912.087652	2216498843.455	   6.641	8049
59912.087999	2216498839.255	   7.921	8049
59912.088115	2216498838.455	   9.316	8049
59912.088346	2216498835.655	   5.598	8049
59912.088462	2216498834.555	   9.734	8049
59912.088694	2216498831.955	  11.271	8049
59912.088925	2216498829.755	   5.572	8049
59912.089041	2216498827.855	   9.274	8049
59912.089157	2216498826.455	   6.454	8049
59912.089272	2216498825.055	   6.302	8049
59912.089388	2216498824.155	   6.034	8049
59912.089736	2216498820.055	  10.104	8049
59912.089851	2216498818.555	   5.784	8049
59912.089967	2216498817.555	  12.656	8049
59912.090083	2216498816.255	   8.023	8049
59912.090315	2216498813.355	  13.590	8049
59912.090430	2216498812.355	   9.859	8049
59912.090546	2216498810.555	   6.521	8049
59912.090662	2216498809.455	   7.835	8049
59912.091009	2216498805.455	   8.233	8049
59912.091124	2216498804.355	   5.851	8049
59912.091240	2216498803.055	   9.450	8049
59912.091472	2216498800.555	   7.653	8049
59912.091587	2216498799.055	  15.058	8049
59912.091703	2216498797.555	  10.428	8049
59912.091819	2216498796.555	  10.235	8049
59912.091935	2216498795.155	  14.842	8049
59912.092050	2216498794.055	  13.664	8049
59912.092166	2216498792.355	   6.043	8049
59912.092282	2216498791.155	   6.949	8049
59912.092398	2216498790.455	  18.830	8049
59912.092514	2216498789.155	   7.647	8049
59912.092630	2216498787.955	  18.485	8049
59912.092745	2216498786.955	  10.385	8049
59912.092860	2216498785.555	  10.143	8049
59912.092976	2216498784.355	   5.071	8049
59912.093208	2216498782.055	   6.563	8049
59912.093324	2216498780.755	  10.367	8049
59912.093440	2216498779.755	   6.652	8049
59912.093555	2216498778.555	   7.745	8049
59912.093670	2216498777.555	   7.039	8049
59912.093786	2216498776.255	  14.461	8049
59912.093902	2216498775.055	  12.101	8049
59912.094018	2216498773.355	  17.194	8049
59912.094133	2216498772.755	  17.724	8049
59912.094249	2216498771.355	   7.871	8049
59912.094365	2216498770.355	   8.338	8049
59912.094481	2216498769.355	   7.356	8049
59912.094596	2216498767.555	  12.091	8049
59912.094712	2216498766.555	   5.097	8049
59912.094828	2216498765.455	   9.932	8049
59912.094944	2216498764.455	   7.358	8049
59912.095060	2216498763.155	   7.228	8049
59912.095176	2216498761.955	  13.021	8049
59912.095291	2216498760.655	   7.028	8049
59912.095407	2216498759.255	   9.509	8049
59912.095523	2216498758.155	  10.139	8049
59912.095638	2216498757.155	  12.256	8049
59912.095754	2216498756.255	   5.517	8049
59912.095986	2216498753.555	   8.613	8049
59912.096102	2216498752.355	   8.763	8049
59912.096217	2216498750.855	  12.349	8049
59912.096333	2216498749.555	   9.724	8049
59912.096449	2216498748.455	   8.015	8049
59912.096564	2216498747.455	   8.343	8049
59912.096680	2216498745.855	  12.418	8049
59912.096796	2216498744.855	   9.358	8049
59912.096911	2216498743.755	  10.039	8049
59912.097027	2216498742.455	  16.296	8049
59912.097143	2216498741.355	   7.462	8049
59912.097259	2216498739.955	   8.253	8049
59912.097375	2216498738.555	   9.566	8049
59912.097490	2216498737.555	  12.283	8049
59912.097606	2216498736.355	  13.516	8049
59912.097722	2216498735.055	  12.718	8049
59912.097837	2216498733.955	  15.611	8049
59912.097953	2216498732.655	  10.036	8049
59912.098069	2216498731.555	  13.266	8049
59912.098185	2216498730.355	  11.787	8049
59912.098300	2216498729.055	   7.440	8049
59912.098416	2216498727.855	   7.530	8049
59912.098532	2216498726.655	   7.614	8049
59912.098647	2216498725.555	  19.329	8049
59912.098763	2216498724.155	   7.984	8049
59912.098879	2216498723.055	   6.810	8049
59912.098995	2216498721.755	   9.072	8049
59912.099110	2216498720.255	   9.295	8049
59912.099226	2216498719.055	   5.149	8049
59912.099342	2216498717.755	   9.154	8049
59912.099458	2216498716.455	   9.112	8049
59912.099573	2216498715.455	   7.727	8049
59912.100152	2216498709.455	   6.209	8049
59912.100500	2216498705.155	   5.352	8049
59912.100615	2216498704.255	   6.079	8049
59912.100731	2216498703.255	   6.448	8049
59912.109527	2216498611.055	  10.322	8049
59912.109759	2216498608.455	   5.333	8049
59912.109874	2216498607.355	   5.719	8049
59912.110106	2216498605.155	   9.539	8049
59912.110222	2216498603.855	   8.761	8049
59912.110337	2216498602.955	   5.553	8049
59912.110453	2216498601.555	   7.013	8049
59912.110569	2216498600.155	   6.527	8049
59912.110916	2216498597.055	   5.600	8049
59912.111032	2216498595.555	   5.368	8049
59912.111148	2216498594.655	   9.712	8049
59912.111263	2216498593.055	   5.945	8049
59912.111379	2216498592.155	   7.676	8049
59912.111495	2216498591.055	   8.843	8049
59912.111611	2216498589.755	   5.565	8049
59912.111726	2216498588.755	   5.583	8049
59912.111842	2216498587.655	  10.202	8049
59912.111958	2216498586.255	   6.478	8049
59912.112073	2216498585.455	   9.225	8049
59912.112305	2216498582.655	   9.648	8049
59912.112421	2216498581.855	  12.604	8049
59912.112536	2216498580.655	   7.618	8049
59912.112652	2216498579.355	   7.792	8049
59912.112768	2216498578.055	   6.784	8049
59912.112884	2216498576.755	   6.736	8049
59912.113000	2216498575.955	  15.122	8049
59912.113115	2216498574.855	   6.150	8049
59912.113231	2216498573.555	  13.653	8049
59912.113462	2216498570.955	  10.801	8049
59912.113578	2216498569.755	  13.012	8049
59912.113694	2216498568.455	   6.734	8049
59912.113810	2216498567.455	   7.026	8049
59912.113925	2216498566.355	  10.304	8049
59912.114041	2216498565.155	   8.327	8049
59912.114272	2216498562.555	  11.037	8049
59912.114388	2216498561.855	   7.157	8049
59912.114504	2216498560.255	   5.309	8049
59912.114620	2216498559.155	  12.707	8049
59912.114851	2216498557.055	   6.656	8049
59912.114967	2216498555.755	   7.436	8049
59912.115083	2216498554.455	   8.179	8049
59912.115199	2216498553.355	  10.796	8049
59912.115315	2216498552.055	   7.095	8049
59912.115431	2216498550.355	   7.449	8049
59912.115546	2216498549.555	   6.807	8049
59912.115661	2216498548.055	   8.710	8049
59912.115893	2216498546.155	   7.436	8049
59912.116009	2216498544.655	   6.780	8049
59912.116125	2216498543.455	   5.271	8049
59912.116240	2216498542.055	   5.758	8049
59912.116472	2216498539.855	   7.750	8049
59912.116588	2216498538.855	   7.688	8049
59912.116819	2216498536.455	   5.458	8049
