59921.182842	2216502872.800	   6.592	8049
59921.182958	2216502871.300	   8.292	8049
59921.183074	2216502870.000	   9.344	8049
59921.183190	2216502868.600	   8.715	8049
59921.183306	2216502867.400	  15.436	8049
59921.183421	2216502865.700	   8.223	8049
59921.183537	2216502864.200	  12.400	8049
59921.183653	2216502863.100	  10.293	8049
59921.183768	2216502861.800	  11.128	8049
59921.183884	2216502860.000	   7.209	8049
59921.184000	2216502859.400	   6.591	8049
59921.184116	2216502857.400	   9.653	8049
59921.184231	2216502856.400	  14.156	8049
59921.184347	2216502854.900	   8.693	8049
59921.184463	2216502853.700	  10.908	8049
59921.184579	2216502852.500	   8.859	8049
59921.184694	2216502850.900	  15.343	8049
59921.184810	2216502849.500	  10.357	8049
59921.184926	2216502848.200	  10.703	8049
59921.185041	2216502847.100	  12.351	8049
59921.185157	2216502845.700	  11.817	8049
59921.185273	2216502844.500	   7.873	8049
59921.185389	2216502843.000	  11.976	8049
59921.185505	2216502841.600	  14.168	8049
59921.185620	2216502840.500	  14.442	8049
59921.185736	2216502839.100	   7.542	8049
59921.185852	2216502837.800	   6.924	8049
59921.185968	2216502836.700	  13.051	8049
59921.186083	2216502835.300	  12.096	8049
59921.186199	2216502834.100	  11.114	8049
59921.186315	2216502832.800	  14.772	8049
59921.186430	2216502831.500	  12.929	8049
59921.186546	2216502830.200	   7.864	8049
59921.186662	2216502828.800	  12.767	8049
59921.186778	2216502827.400	  10.617	8049
59921.186893	2216502826.200	  13.056	8049
59921.187009	2216502825.000	   9.726	8049
59921.187125	2216502823.600	   9.750	8049
59921.187241	2216502822.600	  11.526	8049
59921.187356	2216502821.300	   8.345	8049
59921.187472	2216502819.800	  13.625	8049
59921.187588	2216502818.500	  11.352	8049
59921.187703	2216502817.200	  10.846	8049
59921.187819	2216502815.900	   6.813	8049
59921.187935	2216502814.600	  10.760	8049
59921.188051	2216502813.300	  10.263	8049
59921.188167	2216502811.800	  10.639	8049
59921.188282	2216502810.600	  10.347	8049
59921.188398	2216502809.500	  12.594	8049
59921.188514	2216502808.500	  12.196	8049
59921.188629	2216502806.900	  10.403	8049
59921.188745	2216502805.500	   9.782	8049
59921.188861	2216502804.200	  18.380	8049
59921.188977	2216502803.200	   7.989	8049
59921.189092	2216502801.500	  14.697	8049
59921.189208	2216502800.000	   8.449	8049
59921.189324	2216502799.000	  14.882	8049
59921.189440	2216502797.500	   8.167	8049
59921.189555	2216502796.700	  14.085	8049
59921.189671	2216502795.600	   8.611	8049
59921.189787	2216502793.600	  13.158	8049
59921.189903	2216502792.500	   9.328	8049
59921.190018	2216502791.200	  12.661	8049
59921.190134	2216502789.800	   8.859	8049
59921.190250	2216502788.600	  16.806	8049
59921.190366	2216502787.600	  10.942	8049
59921.190481	2216502786.300	  11.541	8049
59921.190597	2216502784.400	   9.178	8049
59921.190713	2216502783.400	  10.154	8049
59921.190829	2216502782.400	  10.956	8049
59921.190944	2216502780.900	   9.715	8049
59921.191060	2216502779.300	  13.198	8049
59921.191176	2216502778.000	  13.257	8049
59921.191291	2216502777.000	  11.620	8049
59921.191407	2216502775.700	  14.364	8049
59921.191523	2216502774.400	  10.777	8049
59921.191639	2216502772.800	   8.236	8049
59921.191754	2216502771.500	   8.268	8049
59921.191870	2216502770.100	   8.025	8049
59921.191986	2216502769.000	   9.249	8049
59921.192102	2216502768.100	   9.602	8049
59921.192217	2216502766.200	   7.762	8049
59921.192333	2216502764.900	  11.997	8049
59921.192449	2216502763.500	  13.901	8049
59921.192565	2216502762.600	  10.945	8049
59921.192680	2216502761.300	  13.238	8049
59921.192796	2216502759.900	  10.864	8049
59921.192912	2216502758.500	  10.991	8049
59921.193028	2216502756.900	  13.593	8049
59921.193143	2216502756.200	  10.150	8049
59921.193259	2216502754.800	  11.007	8049
59921.193375	2216502753.500	  10.354	8049
59921.193491	2216502751.900	  10.360	8049
59921.193606	2216502750.600	  14.493	8049
59921.193722	2216502749.300	  12.425	8049
59921.193838	2216502747.700	   7.843	8049
59921.193954	2216502746.700	   7.742	8049
59921.194069	2216502745.500	  11.812	8049
59921.194185	2216502743.700	  14.480	8049
59921.194301	2216502742.600	  14.764	8049
59921.194417	2216502741.400	  16.254	8049
59921.194532	2216502739.800	   8.053	8049
59921.194648	2216502738.700	  14.052	8049
59921.194764	2216502737.100	   8.603	8049
59921.194879	2216502735.600	   7.896	8049
59921.194995	2216502734.700	  10.869	8049
59921.195111	2216502732.900	  12.310	8049
59921.195227	2216502732.000	  11.008	8049
59921.195342	2216502730.400	   7.543	8049
59921.195458	2216502729.500	  11.071	8049
59921.195574	2216502727.800	  12.618	8049
59921.195690	2216502726.700	  10.134	8049
59921.195805	2216502725.100	   7.125	8049
59921.195921	2216502723.900	  13.355	8049
59921.196037	2216502722.200	  12.370	8049
59921.196153	2216502721.000	   8.859	8049
59921.196268	2216502719.700	  11.414	8049
59921.196384	2216502718.700	  20.840	8049
59921.196500	2216502717.100	   9.330	8049
59921.196616	2216502716.000	   7.130	8049
59921.196731	2216502714.600	   8.503	8049
59921.196847	2216502712.900	  10.634	8049
59921.196963	2216502712.000	   9.162	8049
59921.197079	2216502710.300	  12.099	8049
59921.197194	2216502709.100	   9.431	8049
59921.197310	2216502708.100	   9.708	8049
59921.197426	2216502706.400	  17.616	8049
59921.197542	2216502705.300	  15.598	8049
59921.197657	2216502703.700	  10.599	8049
59921.197773	2216502702.500	   6.897	8049
59921.197889	2216502701.300	  10.009	8049
59921.198005	2216502699.900	  13.498	8049
59921.198120	2216502698.200	  10.438	8049
59921.198236	2216502696.900	   8.128	8049
59921.198352	2216502695.200	   9.684	8049
59921.198467	2216502694.600	  12.150	8049
59921.198583	2216502692.700	  16.870	8049
59921.198699	2216502691.600	  10.531	8049
59921.198815	2216502690.400	   7.522	8049
59921.198930	2216502688.800	  14.396	8049
59921.199046	2216502687.400	  27.581	8049
59921.199162	2216502685.900	  11.684	8049
59921.199278	2216502684.700	   8.759	8049
59921.199393	2216502683.500	  14.730	8049
59921.199509	2216502682.100	  12.364	8049
59921.199625	2216502680.800	  10.011	8049
59921.199741	2216502679.300	  10.267	8049
59921.199856	2216502677.500	   6.603	8049
59921.199972	2216502676.400	  16.389	8049
59921.200088	2216502675.400	   8.088	8049
59921.200203	2216502673.700	  10.460	8049
59921.200319	2216502672.200	  11.137	8049
59921.200435	2216502670.800	  11.802	8049
59921.200551	2216502669.800	  13.845	8049
59921.200667	2216502668.500	   8.778	8049
59921.200782	2216502667.100	  14.351	8049
59921.200898	2216502665.400	  14.176	8049
59921.201014	2216502664.600	   9.579	8049
59921.201129	2216502662.600	   7.977	8049
59921.201245	2216502661.600	  10.687	8049
59921.201361	2216502660.200	   9.813	8049
59921.201477	2216502658.800	   9.335	8049
59921.201592	2216502657.200	  11.162	8049
59921.201708	2216502656.000	   8.417	8049
59921.201824	2216502654.600	   7.466	8049
59921.201940	2216502653.300	  13.092	8049
59921.202055	2216502651.900	  10.580	8049
59921.202171	2216502650.500	   8.623	8049
59921.202287	2216502649.200	   6.104	8049
59921.202403	2216502647.600	  10.284	8049
59921.202518	2216502646.400	  11.226	8049
59921.202634	2216502645.400	  12.016	8049
59921.202750	2216502643.700	   8.122	8049
59921.202866	2216502642.200	   9.499	8049
59921.202981	2216502640.900	   8.096	8049
59921.203097	2216502639.300	   8.382	8049
59921.203213	2216502637.900	  11.894	8049
59921.203329	2216502636.700	  12.126	8049
59921.203444	2216502635.600	  11.248	8049
59921.203560	2216502634.000	   9.183	8049
59921.203676	2216502632.500	  10.741	8049
59921.203792	2216502631.200	  14.068	8049
59921.203907	2216502629.800	  14.500	8049
59921.204023	2216502628.300	   8.657	8049
59921.204139	2216502627.000	   9.932	8049
59921.204255	2216502625.700	   7.630	8049
59921.204370	2216502624.300	   7.523	8049
59921.204486	2216502622.600	  10.245	8049
59921.204602	2216502621.500	  12.053	8049
59921.204717	2216502620.100	  12.892	8049
59921.204833	2216502618.600	   9.707	8049
59921.204949	2216502616.900	  11.628	8049
59921.205065	2216502615.900	  12.194	8049
59921.205180	2216502614.600	  16.367	8049
59921.205296	2216502613.100	   9.226	8049
59921.205412	2216502611.800	   8.428	8049
59921.205528	2216502610.400	  14.841	8049
59921.205643	2216502609.100	  12.967	8049
59921.205759	2216502607.300	  10.937	8049
59921.205875	2216502606.200	  14.286	8049
59921.205991	2216502604.600	  10.566	8049
59921.206106	2216502603.400	  14.233	8049
59921.206222	2216502601.900	   9.853	8049
59921.206338	2216502600.700	   9.754	8049
59921.206453	2216502599.300	  18.530	8049
59921.206569	2216502597.700	   9.705	8049
59921.206685	2216502596.100	   7.367	8049
59921.206801	2216502594.900	  11.002	8049
59921.206916	2216502593.400	   8.761	8049
59921.207032	2216502592.100	  11.316	8049
59921.207148	2216502590.600	   8.751	8049
59921.207264	2216502589.300	  11.086	8049
59921.207380	2216502588.000	  15.777	8049
59921.207495	2216502586.800	   9.358	8049
59921.207611	2216502585.100	  14.386	8049
59921.207727	2216502583.800	   7.832	8049
59921.207842	2216502582.000	  10.387	8049
59921.207958	2216502580.800	   8.110	8049
59921.208074	2216502579.800	  11.737	8049
59921.208190	2216502578.300	  10.605	8049
59921.208305	2216502576.600	   6.578	8049
59921.208421	2216502575.400	   9.889	8049
59921.208537	2216502573.900	  11.898	8049
59921.208653	2216502572.400	   8.309	8049
59921.208768	2216502571.200	   7.888	8049
59921.208884	2216502570.100	   7.620	8049
59921.209000	2216502568.300	   9.835	8049
59921.209115	2216502567.000	  15.034	8049
59921.209231	2216502565.400	  12.444	8049
59921.209347	2216502563.700	   6.820	8049
59921.209463	2216502562.500	   9.617	8049
59921.209578	2216502561.300	  11.096	8049
59921.209694	2216502559.800	  13.206	8049
59921.209810	2216502558.500	   6.561	8049
59921.209926	2216502557.300	  11.033	8049
59921.210041	2216502555.900	  10.008	8049
59921.210157	2216502554.500	   7.081	8049
59921.210273	2216502553.000	  10.861	8049
59921.210389	2216502551.600	  11.930	8049
59921.210504	2216502550.300	  11.246	8049
59921.210620	2216502548.900	   9.634	8049
59921.210736	2216502547.600	   8.852	8049
59921.210852	2216502546.100	  11.750	8049
59921.210967	2216502544.900	  10.795	8049
59921.211083	2216502543.100	  10.221	8049
59921.211199	2216502542.200	  16.285	8049
59921.211315	2216502540.500	   8.823	8049
59921.211430	2216502538.900	   7.828	8049
59921.211546	2216502538.000	  15.507	8049
59921.211662	2216502536.800	  13.430	8049
59921.211778	2216502535.000	  11.009	8049
59921.211893	2216502533.700	   9.630	8049
59921.212009	2216502532.300	  17.381	8049
59921.212125	2216502530.900	   9.267	8049
59921.212241	2216502529.700	  14.805	8049
59921.212356	2216502528.300	  19.302	8049
59921.212472	2216502526.500	   9.364	8049
59921.212588	2216502525.700	   8.507	8049
59921.212703	2216502524.400	   9.368	8049
59921.212819	2216502522.600	  12.492	8049
59921.212935	2216502521.700	  12.989	8049
59921.213051	2216502519.900	   6.880	8049
59921.213167	2216502518.700	   8.897	8049
59921.213282	2216502517.300	   9.472	8049
59921.213398	2216502516.000	   7.792	8049
59921.213514	2216502514.200	   9.767	8049
59921.213630	2216502513.100	   9.654	8049
59921.213745	2216502511.600	   9.355	8049
59921.213861	2216502510.500	   7.729	8049
59921.213977	2216502509.200	  10.813	8049
59921.214092	2216502507.200	   9.489	8049
59921.214208	2216502505.900	   9.415	8049
59921.214324	2216502504.700	   8.773	8049
59921.214440	2216502503.100	  12.251	8049
59921.214555	2216502502.000	   9.970	8049
59921.214671	2216502500.600	  10.277	8049
59921.214787	2216502499.200	  10.669	8049
59921.214903	2216502497.700	   6.506	8049
59921.215018	2216502496.600	   8.360	8049
59921.215134	2216502495.000	  10.234	8049
59921.215250	2216502493.500	   8.757	8049
59921.215366	2216502492.300	  10.235	8049
59921.215481	2216502490.500	  14.137	8049
59921.215597	2216502489.700	  10.028	8049
59921.215713	2216502488.100	   9.361	8049
59921.215829	2216502486.600	   8.671	8049
59921.215944	2216502485.300	  15.687	8049
59921.216060	2216502483.400	   7.907	8049
59921.216176	2216502482.000	   5.838	8049
59921.216291	2216502481.000	   7.635	8049
59921.216407	2216502479.800	  14.252	8049
59921.216523	2216502478.200	   9.914	8049
59921.216639	2216502476.900	  11.068	8049
59921.216754	2216502475.800	   8.114	8049
59921.216870	2216502474.000	   8.802	8049
59921.216986	2216502473.000	  13.010	8049
59921.217102	2216502471.500	  13.879	8049
59921.217218	2216502470.100	  12.201	8049
59921.217333	2216502468.700	  10.726	8049
59921.217449	2216502467.100	  10.236	8049
59921.217565	2216502465.800	  10.597	8049
59921.217680	2216502464.500	  13.269	8049
59921.217796	2216502462.800	   7.478	8049
59921.217912	2216502461.800	   9.251	8049
59921.218028	2216502459.800	  10.045	8049
59921.218143	2216502458.500	  13.049	8049
59921.218259	2216502457.900	  10.773	8049
59921.218375	2216502456.000	  11.623	8049
59921.218491	2216502454.500	  11.105	8049
59921.218606	2216502453.300	  13.127	8049
59921.218722	2216502451.800	  16.837	8049
59921.218838	2216502450.300	  11.428	8049
59921.218953	2216502448.800	  10.574	8049
59921.219069	2216502447.800	  10.597	8049
59921.219185	2216502445.900	  12.191	8049
59921.219301	2216502445.000	  15.322	8049
59921.219416	2216502443.600	   8.548	8049
59921.219532	2216502441.900	   9.056	8049
59921.219648	2216502440.700	  13.882	8049
59921.219764	2216502439.400	  11.135	8049
59921.219879	2216502437.600	   8.996	8049
59921.219995	2216502436.800	   8.526	8049
59921.220111	2216502435.000	  10.704	8049
59921.220227	2216502433.700	  20.957	8049
59921.220342	2216502432.100	  14.237	8049
59921.220458	2216502431.000	  12.439	8049
59921.220574	2216502429.400	  17.651	8049
59921.220690	2216502427.900	   9.605	8049
59921.220805	2216502426.800	   7.821	8049
59921.220921	2216502425.300	  11.250	8049
59921.221037	2216502423.900	   9.349	8049
59921.221153	2216502422.200	  11.765	8049
59921.221268	2216502420.900	  12.353	8049
59921.221384	2216502419.200	  12.816	8049
59921.221500	2216502418.200	  12.135	8049
59921.221616	2216502416.700	  12.160	8049
59921.221731	2216502415.300	  13.429	8049
59921.221847	2216502413.900	  16.179	8049
59921.221963	2216502412.500	   6.504	8049
59921.222079	2216502411.400	  13.526	8049
59921.222194	2216502409.800	   9.832	8049
59921.222310	2216502408.500	   6.735	8049
59921.222426	2216502406.900	  10.604	8049
59921.222541	2216502405.500	  10.236	8049
59921.222657	2216502404.000	   8.588	8049
59921.222773	2216502402.700	   8.644	8049
59921.222889	2216502401.600	   7.106	8049
59921.223004	2216502399.800	  11.559	8049
59921.223120	2216502398.600	   7.274	8049
59921.223236	2216502397.300	   9.159	8049
59921.223352	2216502395.600	   8.257	8049
59921.223467	2216502394.100	   8.842	8049
59921.223583	2216502392.800	  10.217	8049
59921.223699	2216502391.500	  15.240	8049
59921.223815	2216502389.700	   7.662	8049
59921.223930	2216502388.700	  17.392	8049
59921.224046	2216502387.300	   7.528	8049
59921.224162	2216502385.500	   9.591	8049
59921.224278	2216502384.200	  11.114	8049
59921.224393	2216502383.200	  16.866	8049
59921.224509	2216502381.800	  11.143	8049
59921.224625	2216502379.800	  11.856	8049
59921.224741	2216502378.900	   8.740	8049
59921.224856	2216502377.400	   7.595	8049
59921.224972	2216502375.800	   7.368	8049
59921.225088	2216502374.500	  15.276	8049
59921.225203	2216502373.000	  16.722	8049
59921.225319	2216502371.400	   7.853	8049
59921.225435	2216502370.500	   9.080	8049
59921.225551	2216502368.900	  10.994	8049
59921.225667	2216502367.100	   9.061	8049
59921.225782	2216502365.900	   9.354	8049
59921.225898	2216502364.600	   8.151	8049
59921.226014	2216502363.300	   7.983	8049
59921.226129	2216502361.700	   7.500	8049
59921.226245	2216502360.500	  11.855	8049
59921.226361	2216502358.800	   6.788	8049
59921.226477	2216502357.900	  10.790	8049
59921.226592	2216502356.200	   7.206	8049
59921.226708	2216502354.500	   9.900	8049
59921.226824	2216502353.200	   9.452	8049
59921.226940	2216502352.100	   5.842	8049
59921.227055	2216502350.300	  10.164	8049
59921.227171	2216502348.900	   9.417	8049
59921.227287	2216502347.700	  12.378	8049
59921.227403	2216502346.600	  13.808	8049
59921.227518	2216502344.800	   9.854	8049
59921.227634	2216502343.100	  10.915	8049
59921.227750	2216502342.300	  12.206	8049
59921.227866	2216502340.300	  12.497	8049
59921.227981	2216502339.200	  11.468	8049
59921.228097	2216502337.700	  14.329	8049
59921.228213	2216502336.100	   7.371	8049
59921.228329	2216502334.900	   9.519	8049
59921.228444	2216502333.800	  14.081	8049
59921.228560	2216502332.300	   8.368	8049
59921.228676	2216502330.900	  11.281	8049
59921.228791	2216502329.100	  13.280	8049
59921.228907	2216502328.000	  11.166	8049
59921.229023	2216502326.400	  11.135	8049
59921.229139	2216502325.300	   7.939	8049
59921.229254	2216502323.600	  20.674	8049
59921.229370	2216502322.400	  14.268	8049
59921.229486	2216502320.800	   9.952	8049
59921.229602	2216502319.300	  13.874	8049
59921.229717	2216502317.900	  10.596	8049
59921.229833	2216502316.400	  12.976	8049
59921.229949	2216502315.000	  10.984	8049
59921.230065	2216502313.800	  12.703	8049
59921.230180	2216502312.600	   6.999	8049
59921.230296	2216502311.000	   7.961	8049
59921.230412	2216502309.100	  10.252	8049
59921.230528	2216502308.300	   7.664	8049
59921.230643	2216502306.300	  12.431	8049
59921.230759	2216502305.200	  10.346	8049
59921.230875	2216502303.800	  13.390	8049
59921.230990	2216502302.200	  11.961	8049
59921.231106	2216502301.000	  13.577	8049
59921.231222	2216502299.700	   8.588	8049
59921.231338	2216502298.100	  12.686	8049
59921.231453	2216502296.700	   7.997	8049
59921.231569	2216502295.200	   9.882	8049
59921.231685	2216502294.100	  10.734	8049
59921.231801	2216502292.500	  10.385	8049
59921.231916	2216502290.600	  10.793	8049
59921.232032	2216502289.600	   9.030	8049
59921.232148	2216502288.200	  10.186	8049
59921.232264	2216502286.800	  14.255	8049
59921.232379	2216502285.300	  12.367	8049
59921.232495	2216502283.900	  10.766	8049
59921.232611	2216502282.400	  14.795	8049
59921.232727	2216502281.000	   7.916	8049
59921.232842	2216502279.900	  12.052	8049
59921.232958	2216502278.300	  16.483	8049
59921.233074	2216502276.500	  22.489	8049
59921.233190	2216502275.800	   7.853	8049
59921.233305	2216502273.800	  13.233	8049
59921.233421	2216502272.100	   7.491	8049
59921.233537	2216502271.300	  12.597	8049
59921.233653	2216502269.700	  14.316	8049
59921.233768	2216502268.300	  10.330	8049
59921.233884	2216502266.900	  13.477	8049
59921.234000	2216502265.400	   8.159	8049
59921.234116	2216502264.200	   5.955	8049
59921.234231	2216502262.500	  10.228	8049
59921.234347	2216502261.100	  13.404	8049
59921.234463	2216502259.900	  10.719	8049
59921.234579	2216502258.400	   9.034	8049
59921.234694	2216502256.800	  13.603	8049
59921.234810	2216502255.500	  15.262	8049
59921.234926	2216502254.000	  13.113	8049
59921.235042	2216502252.700	   9.577	8049
59921.235157	2216502251.300	  13.660	8049
59921.235273	2216502249.900	  14.660	8049
59921.235389	2216502248.500	  10.984	8049
59921.235504	2216502246.900	  10.664	8049
59921.235620	2216502245.400	  11.504	8049
59921.235736	2216502244.300	  10.679	8049
59921.235852	2216502243.000	  14.411	8049
59921.235967	2216502241.200	   8.285	8049
59921.236083	2216502240.000	  12.066	8049
59921.236199	2216502238.800	  14.273	8049
59921.236315	2216502236.700	  10.735	8049
59921.236430	2216502235.300	   7.520	8049
59921.236546	2216502234.400	   7.827	8049
59921.236662	2216502232.700	  11.062	8049
59921.236778	2216502231.200	   9.952	8049
59921.236893	2216502230.300	   8.815	8049
59921.237009	2216502228.500	   7.694	8049
59921.237125	2216502227.400	   9.051	8049
59921.237241	2216502225.900	  15.712	8049
59921.237356	2216502224.300	  11.631	8049
59921.237472	2216502222.900	   9.544	8049
59921.237588	2216502221.300	  12.166	8049
59921.237703	2216502219.900	  16.022	8049
59921.237819	2216502218.700	  11.777	8049
59921.237935	2216502217.300	   9.621	8049
59921.238051	2216502215.500	  10.422	8049
59921.238167	2216502214.400	  14.201	8049
59921.238282	2216502213.300	   7.278	8049
59921.238398	2216502211.600	  16.645	8049
59921.238514	2216502210.100	   9.697	8049
59921.238629	2216502208.800	   9.046	8049
59921.238745	2216502207.700	   7.507	8049
59921.238861	2216502206.200	  12.423	8049
59921.238977	2216502204.600	   8.535	8049
59921.239092	2216502203.200	   7.276	8049
59921.239208	2216502201.300	   8.833	8049
59921.239324	2216502200.000	  12.390	8049
59921.239440	2216502199.000	   7.764	8049
59921.239555	2216502197.400	   8.861	8049
59921.239671	2216502196.100	  12.736	8049
59921.239787	2216502194.800	  10.390	8049
59921.239903	2216502193.300	   9.199	8049
59921.240018	2216502191.800	  15.646	8049
59921.240134	2216502190.400	  12.077	8049
59921.240250	2216502188.900	  12.022	8049
59921.240366	2216502187.200	  10.315	8049
59921.240481	2216502186.200	  11.609	8049
59921.240597	2216502184.600	   8.810	8049
59921.240713	2216502183.200	  14.926	8049
59921.240829	2216502181.800	  14.906	8049
59921.240944	2216502180.200	  16.655	8049
59921.241060	2216502178.800	  13.592	8049
59921.241176	2216502177.400	  11.791	8049
59921.241291	2216502175.900	  10.153	8049
59921.241407	2216502174.800	  11.936	8049
59921.241523	2216502173.400	  12.023	8049
59921.241639	2216502171.900	   7.064	8049
59921.241754	2216502170.400	   8.427	8049
59921.241870	2216502169.200	  12.539	8049
59921.241986	2216502167.400	  11.749	8049
59921.242102	2216502166.100	  15.224	8049
59921.242218	2216502164.600	   6.924	8049
59921.242333	2216502163.500	  10.676	8049
59921.242449	2216502161.600	  10.475	8049
59921.242565	2216502160.300	  10.449	8049
59921.242680	2216502158.900	  13.241	8049
59921.242796	2216502157.900	   6.488	8049
59921.242912	2216502156.100	  10.769	8049
59921.243028	2216502154.900	  11.181	8049
59921.243143	2216502153.400	  10.484	8049
59921.243259	2216502152.200	  12.524	8049
59921.243375	2216502150.700	  14.335	8049
59921.243491	2216502149.200	  10.521	8049
59921.243606	2216502147.600	  14.362	8049
59921.243722	2216502146.200	   8.675	8049
59921.243838	2216502144.900	  11.527	8049
59921.243954	2216502143.200	  12.990	8049
59921.244069	2216502142.100	   9.445	8049
59921.244185	2216502140.800	  11.690	8049
59921.244301	2216502139.100	  17.926	8049
59921.244416	2216502137.600	   9.593	8049
59921.244532	2216502136.300	  10.114	8049
59921.244648	2216502135.000	  12.400	8049
59921.244764	2216502133.400	  11.754	8049
59921.244879	2216502132.300	   9.154	8049
59921.244995	2216502130.700	  14.378	8049
59921.245111	2216502129.200	  11.051	8049
59921.245227	2216502127.800	  10.158	8049
59921.245343	2216502126.600	  16.017	8049
59921.245458	2216502125.100	  10.642	8049
59921.245574	2216502123.600	  12.133	8049
59921.245690	2216502122.300	   9.150	8049
59921.245806	2216502121.000	   8.739	8049
59921.245921	2216502119.500	  10.754	8049
59921.246037	2216502118.000	   9.643	8049
59921.246153	2216502116.400	   8.559	8049
59921.246269	2216502115.200	   9.590	8049
59921.246384	2216502113.900	  10.098	8049
59921.246500	2216502112.300	  13.598	8049
59921.246616	2216502110.800	  12.889	8049
59921.246731	2216502109.700	  17.510	8049
59921.246847	2216502108.300	   9.272	8049
59921.246963	2216502106.800	  17.628	8049
59921.247079	2216502105.100	   6.949	8049
59921.247195	2216502103.800	   7.843	8049
59921.247310	2216502102.600	  10.473	8049
59921.247426	2216502101.100	  11.428	8049
59921.247542	2216502099.900	  12.078	8049
59921.247657	2216502098.500	   7.831	8049
59921.247773	2216502096.600	   8.770	8049
59921.247889	2216502095.200	  10.821	8049
59921.248005	2216502094.200	   9.597	8049
59921.248120	2216502092.500	  11.200	8049
59921.248236	2216502091.400	   9.359	8049
59921.248352	2216502089.700	  10.604	8049
59921.248468	2216502088.200	  11.192	8049
59921.248583	2216502086.900	  18.287	8049
59921.248699	2216502085.700	  11.138	8049
59921.248815	2216502084.200	   9.972	8049
59921.248930	2216502082.900	   7.851	8049
59921.249046	2216502081.800	  11.171	8049
59921.249162	2216502079.800	  10.495	8049
59921.249278	2216502078.800	  16.012	8049
59921.249393	2216502077.500	   7.760	8049
59921.249509	2216502075.800	  11.695	8049
59921.249625	2216502074.600	   8.417	8049
59921.249741	2216502073.100	  11.748	8049
59921.249856	2216502071.400	   8.285	8049
59921.249972	2216502070.100	  15.809	8049
59921.250088	2216502068.800	  11.488	8049
59921.250204	2216502067.400	  11.424	8049
59921.250319	2216502066.100	   8.229	8049
59921.250435	2216502064.400	  16.695	8049
59921.250551	2216502063.200	   8.575	8049
59921.250666	2216502061.900	  13.103	8049
59921.250782	2216502060.600	   6.276	8049
59921.250898	2216502058.900	   8.445	8049
59921.251013	2216502057.700	   9.666	8049
59921.251129	2216502055.900	   9.957	8049
59921.251245	2216502054.500	   9.841	8049
59921.251361	2216502053.400	  11.309	8049
59921.251476	2216502051.700	   7.092	8049
59921.251592	2216502050.700	   9.236	8049
59921.251708	2216502049.400	  10.341	8049
59921.251824	2216502047.700	  11.344	8049
59921.251940	2216502046.300	   9.962	8049
59921.252055	2216502044.900	  11.916	8049
59921.252171	2216502043.700	   8.454	8049
59921.252287	2216502042.400	   7.711	8049
59921.252403	2216502040.400	   9.194	8049
59921.252518	2216502039.400	  11.253	8049
59921.252634	2216502037.700	   8.014	8049
59921.252750	2216502037.000	   8.185	8049
59921.252866	2216502035.500	  15.840	8049
59921.252982	2216502033.800	  11.839	8049
59921.253097	2216502032.200	   9.688	8049
59921.253213	2216502031.100	  12.440	8049
59921.253329	2216502029.900	   6.996	8049
59921.253444	2216502028.100	   8.581	8049
59921.253560	2216502026.600	   8.303	8049
59921.253676	2216502025.500	  11.698	8049
59921.253792	2216502023.700	  13.819	8049
59921.253907	2216502022.900	  10.741	8049
59921.254023	2216502021.200	   8.889	8049
59921.254139	2216502019.800	  17.551	8049
59921.254255	2216502018.600	   6.587	8049
59921.254370	2216502016.800	   9.671	8049
59921.254486	2216502015.400	   8.617	8049
59921.254602	2216502014.200	   9.752	8049
59921.254718	2216502013.400	   7.740	8049
59921.254833	2216502011.300	   6.455	8049
59921.254949	2216502009.700	   7.257	8049
59921.255065	2216502008.900	   8.907	8049
59921.255180	2216502007.600	   9.678	8049
59921.255296	2216502005.900	  20.002	8049
59921.255412	2216502004.800	   8.909	8049
59921.255528	2216502003.200	  11.241	8049
59921.255644	2216502002.000	   9.269	8049
59921.255759	2216502000.300	   8.300	8049
59921.255875	2216501998.600	  12.724	8049
59921.255991	2216501997.100	  12.255	8049
59921.256107	2216501995.900	   6.384	8049
59921.256222	2216501994.000	   9.499	8049
59921.256338	2216501993.200	  10.996	8049
59921.256454	2216501991.300	  12.493	8049
59921.256569	2216501990.000	  11.778	8049
59921.256685	2216501988.500	  10.654	8049
59921.256801	2216501986.900	  11.964	8049
59921.256917	2216501985.500	   7.028	8049
59921.257032	2216501984.500	  11.050	8049
59921.257148	2216501983.000	   9.307	8049
59921.257264	2216501981.800	   7.663	8049
59921.257380	2216501979.500	   7.264	8049
59921.257495	2216501978.200	  10.765	8049
59921.257611	2216501976.900	  16.100	8049
59921.257727	2216501975.500	   6.978	8049
59921.257842	2216501974.300	  13.508	8049
59921.257958	2216501972.800	  11.230	8049
59921.258074	2216501971.400	  11.533	8049
59921.258190	2216501969.700	  11.883	8049
59921.258306	2216501968.300	  11.176	8049
59921.258421	2216501966.800	  13.706	8049
59921.258537	2216501965.200	   7.674	8049
59921.258653	2216501964.000	  12.789	8049
59921.258768	2216501962.500	  11.039	8049
59921.258884	2216501960.900	   9.956	8049
59921.259000	2216501959.200	  12.296	8049
59921.259115	2216501958.300	   9.875	8049
59921.259231	2216501956.700	   9.118	8049
59921.259347	2216501955.600	   8.215	8049
59921.259463	2216501953.600	  11.194	8049
59921.259579	2216501952.300	   7.778	8049
59921.259694	2216501950.700	  13.763	8049
59921.259810	2216501949.500	  11.821	8049
59921.259926	2216501947.900	  11.140	8049
59921.260042	2216501946.800	   8.172	8049
59921.260157	2216501945.100	  10.751	8049
59921.260273	2216501943.800	   7.419	8049
59921.260389	2216501942.600	   7.883	8049
59921.260504	2216501941.100	   9.805	8049
59921.260620	2216501939.400	  11.024	8049
59921.260736	2216501938.100	  11.169	8049
59921.260852	2216501936.300	  13.101	8049
59921.260967	2216501935.000	  10.397	8049
59921.261083	2216501933.400	   8.601	8049
59921.261199	2216501932.200	   7.784	8049
59921.261315	2216501930.600	   7.548	8049
59921.261430	2216501929.300	  17.348	8049
59921.261546	2216501927.800	  10.982	8049
59921.261662	2216501926.400	  10.802	8049
59921.261778	2216501924.700	   7.935	8049
59921.261893	2216501923.600	   8.987	8049
59921.262009	2216501922.100	  10.086	8049
59921.262125	2216501920.400	   9.023	8049
59921.262241	2216501919.400	  12.088	8049
59921.262356	2216501917.800	   9.404	8049
59921.262472	2216501916.400	   8.775	8049
59921.262588	2216501914.900	  10.803	8049
59921.262704	2216501913.500	  16.472	8049
59921.262819	2216501912.000	   7.277	8049
59921.262935	2216501910.600	   6.372	8049
59921.263051	2216501909.300	   9.562	8049
59921.263167	2216501907.600	   9.230	8049
59921.263282	2216501906.400	  13.219	8049
59921.263398	2216501905.400	   6.586	8049
59921.263514	2216501903.400	  15.885	8049
59921.263630	2216501902.300	  10.517	8049
59921.263745	2216501900.400	  13.388	8049
59921.263861	2216501899.300	  11.705	8049
59921.263977	2216501897.600	  10.988	8049
59921.264092	2216501896.300	  10.050	8049
59921.264208	2216501894.800	   8.772	8049
59921.264324	2216501893.500	  16.798	8049
59921.264440	2216501892.000	   8.436	8049
59921.264555	2216501891.100	   6.701	8049
59921.264671	2216501889.200	  16.111	8049
59921.264787	2216501888.200	  10.047	8049
59921.264903	2216501886.800	   9.627	8049
59921.265018	2216501885.400	  11.217	8049
59921.265134	2216501883.600	  11.291	8049
59921.265250	2216501882.200	   7.299	8049
59921.265366	2216501880.900	  11.021	8049
59921.265481	2216501879.400	   9.398	8049
59921.265597	2216501877.800	  11.083	8049
59921.265713	2216501876.800	   9.434	8049
59921.265828	2216501875.000	  10.098	8049
59921.265944	2216501873.800	  10.371	8049
59921.266060	2216501872.600	   9.169	8049
59921.266176	2216501870.800	   7.480	8049
59921.266291	2216501869.600	  10.565	8049
59921.266407	2216501868.100	   7.983	8049
59921.266523	2216501866.800	  12.420	8049
59921.266639	2216501865.600	  10.434	8049
59921.266754	2216501863.800	   8.976	8049
59921.266870	2216501862.000	  11.163	8049
59921.266986	2216501861.400	  11.222	8049
59921.267102	2216501859.800	  11.427	8049
59921.267217	2216501858.200	  12.450	8049
59921.267333	2216501856.600	   8.765	8049
59921.267449	2216501855.000	  12.972	8049
59921.267565	2216501854.100	  13.445	8049
59921.267680	2216501852.400	  17.089	8049
59921.267796	2216501851.200	  15.922	8049
59921.267912	2216501849.700	   6.554	8049
59921.268028	2216501848.300	   7.700	8049
59921.268143	2216501846.600	  10.885	8049
59921.268259	2216501845.700	   8.677	8049
59921.268375	2216501844.600	  11.576	8049
59921.268491	2216501843.300	   8.000	8049
59921.268606	2216501841.000	  12.769	8049
59921.268722	2216501839.800	  12.309	8049
59921.268838	2216501838.400	   7.330	8049
59921.268953	2216501836.900	   9.835	8049
59921.269069	2216501835.600	  11.021	8049
59921.269185	2216501834.500	   8.091	8049
59921.269301	2216501832.800	  11.419	8049
59921.269416	2216501831.400	  13.564	8049
59921.269532	2216501830.100	  12.791	8049
59921.269648	2216501828.900	  14.202	8049
59921.269764	2216501826.900	  10.112	8049
59921.269880	2216501826.200	  10.269	8049
59921.269995	2216501824.400	  14.843	8049
59921.270111	2216501823.600	   9.546	8049
59921.270227	2216501821.500	  16.184	8049
59921.270342	2216501820.400	   9.052	8049
59921.270458	2216501819.000	  10.604	8049
59921.270574	2216501817.200	  11.571	8049
59921.270690	2216501816.200	   7.658	8049
59921.270805	2216501815.000	   8.805	8049
59921.270921	2216501813.200	   6.971	8049
59921.271037	2216501812.000	   9.245	8049
59921.271153	2216501810.500	  10.277	8049
59921.271269	2216501808.900	   8.857	8049
59921.271384	2216501807.600	   8.001	8049
59921.271500	2216501806.400	   7.724	8049
59921.271616	2216501805.000	  10.762	8049
59921.271731	2216501803.300	  12.428	8049
59921.271847	2216501802.100	  11.364	8049
59921.271963	2216501801.000	   7.959	8049
59921.272079	2216501799.300	  13.994	8049
59921.272194	2216501797.900	   7.567	8049
59921.272310	2216501796.900	  11.746	8049
59921.272426	2216501795.200	  16.694	8049
59921.272542	2216501793.800	  15.581	8049
59921.272657	2216501793.000	   7.802	8049
59921.272773	2216501791.200	  10.213	8049
59921.272889	2216501789.800	  10.882	8049
59921.273004	2216501788.500	   7.613	8049
59921.273120	2216501786.900	   9.726	8049
59921.273236	2216501785.500	  10.363	8049
59921.273352	2216501784.000	   9.427	8049
59921.273467	2216501782.800	   9.775	8049
59921.273583	2216501781.500	   8.960	8049
59921.273699	2216501780.000	   8.263	8049
59921.273815	2216501778.800	  16.658	8049
59921.273930	2216501777.200	   9.918	8049
59921.274046	2216501775.700	   8.345	8049
59921.274162	2216501774.800	   6.912	8049
59921.274278	2216501773.200	  11.345	8049
59921.274393	2216501771.900	   8.384	8049
59921.274509	2216501770.500	  10.665	8049
59921.274625	2216501769.200	  11.821	8049
59921.274741	2216501767.900	   8.476	8049
59921.274856	2216501766.500	   6.520	8049
59921.274972	2216501765.200	   9.831	8049
59921.275088	2216501763.400	  11.845	8049
59921.275203	2216501761.800	   7.521	8049
59921.275319	2216501760.900	  13.122	8049
59921.275435	2216501759.300	  11.049	8049
59921.275551	2216501758.300	  19.829	8049
59921.275666	2216501756.800	  10.255	8049
59921.275782	2216501755.400	  18.029	8049
59921.275898	2216501753.900	  11.316	8049
59921.276014	2216501752.500	  10.642	8049
59921.276129	2216501751.400	   8.608	8049
59921.276245	2216501749.800	  15.856	8049
59921.276361	2216501748.500	   8.930	8049
59921.276477	2216501747.200	  22.310	8049
59921.276592	2216501745.700	   9.935	8049
59921.276708	2216501744.600	  10.956	8049
59921.276824	2216501742.900	   6.515	8049
59921.276940	2216501741.900	  11.730	8049
59921.277055	2216501740.300	   9.507	8049
59921.277171	2216501739.000	  10.948	8049
59921.277287	2216501737.600	  10.458	8049
59921.277403	2216501736.600	  10.528	8049
59921.277518	2216501734.900	   9.949	8049
59921.277634	2216501733.700	  10.807	8049
59921.277750	2216501732.000	   7.780	8049
59921.277866	2216501730.800	  12.880	8049
59921.277981	2216501729.700	   8.680	8049
59921.278097	2216501728.600	   6.606	8049
59921.278213	2216501726.800	  10.379	8049
59921.278328	2216501725.100	   8.066	8049
59921.278444	2216501724.200	  11.679	8049
59921.278560	2216501722.900	  12.972	8049
59921.278676	2216501721.800	   9.244	8049
59921.278792	2216501720.000	   9.190	8049
59921.278907	2216501718.800	   8.997	8049
59921.279023	2216501717.400	   9.308	8049
59921.279139	2216501716.100	  15.718	8049
59921.279254	2216501714.700	  23.233	8049
59921.279370	2216501713.200	  18.699	8049
59921.279486	2216501712.200	  13.272	8049
59921.279602	2216501710.600	  15.414	8049
59921.279717	2216501709.600	   9.766	8049
59921.279833	2216501708.300	   7.724	8049
59921.279949	2216501706.500	  16.000	8049
59921.280065	2216501704.900	   9.905	8049
59921.280180	2216501704.000	  17.217	8049
59921.280296	2216501702.000	   5.703	8049
59921.280412	2216501700.600	  10.755	8049
59921.280528	2216501699.200	   9.977	8049
59921.280643	2216501697.800	  11.539	8049
59921.280759	2216501696.700	   6.144	8049
59921.280875	2216501695.400	  15.491	8049
59921.280991	2216501693.500	  13.331	8049
59921.281106	2216501692.300	   6.947	8049
59921.281222	2216501690.600	  10.210	8049
59921.281338	2216501689.700	  16.052	8049
59921.281454	2216501688.200	  16.367	8049
59921.281569	2216501686.400	  14.191	8049
59921.281685	2216501685.000	   9.253	8049
59921.281801	2216501683.800	  10.791	8049
59921.281916	2216501682.200	  12.517	8049
59921.282032	2216501680.800	  14.398	8049
59921.282148	2216501679.300	   8.159	8049
59921.282264	2216501678.000	  12.721	8049
59921.282379	2216501676.500	  12.217	8049
59921.282495	2216501675.100	  12.553	8049
59921.282611	2216501673.700	  18.600	8049
59921.282727	2216501672.300	   7.111	8049
59921.282842	2216501670.900	  12.371	8049
59921.282958	2216501669.800	  14.017	8049
59921.283074	2216501667.800	   7.971	8049
59921.283190	2216501666.900	   6.594	8049
59921.283305	2216501665.600	   9.061	8049
59921.283421	2216501663.900	   8.626	8049
59921.283537	2216501662.500	  17.122	8049
59921.283653	2216501661.200	  10.936	8049
59921.283768	2216501660.000	  10.218	8049
59921.283884	2216501658.500	  11.252	8049
59921.284000	2216501657.000	  12.843	8049
59921.284116	2216501655.500	  14.275	8049
59921.284231	2216501654.300	   7.803	8049
59921.284347	2216501652.400	  15.637	8049
59921.284463	2216501651.400	  14.733	8049
59921.284578	2216501649.900	  13.613	8049
59921.284694	2216501648.300	  12.263	8049
59921.284810	2216501647.000	   8.694	8049
59921.284926	2216501645.700	  13.001	8049
59921.285042	2216501644.700	  10.395	8049
59921.285157	2216501642.900	  10.915	8049
59921.285273	2216501641.500	   8.900	8049
59921.285389	2216501640.000	  12.662	8049
59921.285505	2216501638.700	  13.274	8049
59921.285620	2216501637.300	   9.592	8049
59921.285736	2216501635.900	  12.880	8049
59921.285852	2216501634.600	   7.877	8049
59921.285967	2216501633.200	   9.149	8049
59921.286083	2216501631.700	   9.676	8049
59921.286199	2216501630.700	   9.459	8049
59921.286315	2216501629.200	  13.739	8049
59921.286430	2216501627.400	  11.401	8049
59921.286546	2216501626.200	   9.700	8049
59921.286662	2216501624.800	  15.094	8049
59921.286778	2216501623.400	   7.959	8049
59921.286893	2216501622.400	   6.997	8049
59921.287009	2216501620.800	   7.747	8049
59921.287125	2216501619.200	   7.997	8049
59921.287241	2216501617.800	  23.910	8049
59921.287356	2216501616.600	  11.858	8049
59921.287472	2216501615.100	   8.676	8049
59921.287588	2216501613.600	   9.284	8049
59921.287704	2216501612.500	  10.175	8049
59921.287819	2216501611.400	   8.109	8049
59921.287935	2216501609.500	   6.810	8049
59921.288051	2216501608.500	  10.299	8049
59921.288166	2216501606.800	  13.500	8049
59921.288282	2216501605.400	  14.305	8049
59921.288398	2216501604.500	   8.483	8049
59921.288514	2216501602.900	  12.376	8049
59921.288629	2216501601.400	  10.263	8049
59921.288745	2216501600.300	  15.740	8049
59921.288861	2216501598.700	   9.110	8049
59921.288977	2216501597.500	   9.473	8049
59921.289092	2216501596.100	  11.733	8049
59921.289208	2216501594.800	  12.499	8049
59921.289324	2216501593.100	  13.402	8049
59921.289440	2216501592.100	  14.230	8049
59921.289555	2216501590.300	   9.264	8049
59921.289671	2216501589.200	  11.882	8049
59921.289787	2216501588.000	   8.082	8049
59921.289903	2216501586.400	  11.303	8049
59921.290018	2216501585.200	  10.848	8049
59921.290134	2216501583.600	   7.168	8049
59921.290250	2216501582.200	  17.856	8049
59921.290366	2216501581.000	   9.818	8049
59921.290481	2216501579.400	  19.647	8049
59921.290597	2216501578.700	   8.881	8049
59921.290713	2216501577.200	   9.578	8049
59921.290828	2216501576.200	   6.840	8049
59921.290944	2216501574.300	  20.030	8049
59921.291060	2216501573.000	  12.118	8049
59921.291176	2216501571.800	  16.811	8049
59921.291292	2216501570.400	   9.542	8049
59921.291407	2216501569.000	  14.341	8049
59921.291523	2216501567.600	  15.446	8049
59921.291639	2216501566.200	   7.082	8049
59921.291755	2216501564.900	  10.536	8049
59921.291870	2216501563.700	  13.596	8049
59921.291986	2216501562.200	   9.779	8049
59921.292102	2216501561.000	   8.430	8049
59921.292217	2216501559.700	  12.190	8049
59921.292333	2216501558.400	  15.231	8049
59921.292449	2216501556.700	   9.057	8049
59921.292565	2216501555.600	  11.893	8049
59921.292681	2216501554.200	  11.786	8049
59921.292796	2216501552.800	  10.791	8049
59921.292912	2216501551.700	  18.967	8049
59921.293028	2216501550.300	  12.247	8049
59921.293143	2216501548.800	   9.698	8049
59921.293259	2216501547.500	  15.459	8049
59921.293375	2216501546.400	  12.049	8049
59921.293490	2216501544.700	  11.190	8049
59921.293606	2216501543.700	  13.868	8049
59921.293722	2216501542.200	   7.184	8049
59921.293838	2216501540.600	  19.135	8049
59921.293954	2216501539.500	   9.929	8049
59921.294069	2216501538.400	   9.785	8049
59921.294185	2216501537.000	   8.742	8049
59921.294301	2216501535.700	  11.917	8049
59921.294417	2216501534.300	   6.789	8049
59921.294533	2216501532.900	   9.271	8049
59921.294648	2216501531.900	  15.115	8049
59921.294764	2216501530.600	   9.465	8049
59921.294880	2216501529.000	   7.068	8049
59921.294995	2216501527.800	  18.522	8049
59921.295111	2216501526.600	  14.783	8049
59921.295227	2216501525.400	  12.056	8049
59921.295343	2216501523.900	  11.948	8049
59921.295458	2216501522.500	  11.793	8049
59921.295574	2216501521.300	  11.011	8049
59921.295690	2216501519.900	  10.695	8049
59921.295805	2216501518.400	  17.816	8049
59921.295921	2216501517.300	   9.104	8049
59921.296037	2216501516.300	   9.483	8049
59921.296153	2216501514.600	   9.184	8049
59921.296269	2216501513.400	  13.996	8049
59921.296384	2216501512.500	   7.521	8049
59921.296500	2216501510.700	  14.274	8049
59921.296616	2216501509.500	  13.753	8049
59921.296731	2216501508.200	  12.939	8049
59921.296847	2216501506.900	  11.257	8049
59921.296963	2216501505.300	   9.517	8049
59921.297078	2216501504.300	  12.650	8049
59921.297194	2216501503.000	   9.411	8049
59921.297310	2216501501.700	  14.348	8049
59921.297426	2216501500.500	   8.928	8049
59921.297542	2216501498.900	   8.276	8049
59921.297657	2216501497.900	  12.336	8049
59921.297773	2216501496.500	  13.759	8049
59921.297889	2216501495.100	  13.501	8049
59921.298005	2216501493.900	  11.212	8049
59921.298120	2216501492.500	  13.473	8049
59921.298236	2216501491.300	  11.243	8049
59921.298352	2216501490.100	  11.757	8049
59921.298467	2216501488.700	  18.125	8049
59921.298583	2216501487.300	  11.119	8049
59921.298699	2216501486.100	  10.376	8049
59921.298815	2216501485.100	  12.339	8049
59921.298930	2216501483.500	  26.257	8049
59921.299046	2216501482.400	  10.789	8049
59921.299162	2216501481.500	   6.053	8049
59921.299278	2216501480.000	  12.291	8049
59921.299393	2216501478.300	   7.978	8049
59921.299509	2216501477.200	  10.613	8049
59921.299625	2216501475.700	  17.125	8049
59921.299741	2216501474.300	  13.299	8049
59921.299856	2216501473.000	  11.628	8049
59921.299972	2216501471.500	  14.817	8049
59921.300088	2216501470.300	   9.029	8049
59921.300204	2216501468.700	  12.400	8049
59921.300319	2216501467.600	   8.498	8049
59921.300435	2216501465.900	  13.916	8049
59921.300551	2216501464.700	  11.046	8049
59921.300667	2216501463.300	  14.482	8049
59921.300782	2216501461.700	   7.704	8049
59921.300898	2216501460.500	   8.963	8049
59921.301014	2216501459.100	  14.710	8049
59921.301129	2216501457.900	  12.212	8049
59921.301245	2216501456.200	   8.739	8049
59921.301361	2216501454.900	  11.445	8049
59921.301477	2216501453.700	  10.197	8049
59921.301593	2216501452.400	   6.293	8049
59921.301708	2216501450.900	   9.846	8049
59921.301824	2216501449.400	  15.573	8049
59921.301940	2216501448.400	  18.350	8049
59921.302055	2216501446.600	   9.779	8049
59921.302171	2216501445.300	   9.010	8049
59921.302287	2216501444.200	  10.958	8049
59921.302403	2216501443.000	  12.645	8049
59921.302519	2216501441.400	  10.172	8049
59921.302634	2216501439.900	   9.068	8049
59921.302750	2216501439.000	   6.754	8049
59921.302866	2216501437.500	  12.250	8049
59921.302981	2216501436.100	   9.349	8049
59921.303097	2216501434.600	   8.469	8049
59921.303213	2216501432.900	  11.114	8049
59921.303329	2216501432.000	  19.658	8049
59921.303444	2216501430.600	  14.277	8049
59921.303560	2216501429.200	  13.130	8049
59921.303676	2216501428.000	  12.236	8049
59921.303792	2216501426.800	  12.825	8049
59921.303907	2216501425.400	  14.930	8049
59921.304023	2216501424.400	   7.657	8049
59921.304139	2216501422.600	  16.212	8049
59921.304255	2216501421.200	  10.899	8049
59921.304370	2216501420.000	  14.042	8049
59921.304486	2216501418.600	  12.066	8049
59921.304602	2216501417.400	   7.098	8049
59921.304717	2216501416.100	  12.707	8049
59921.304833	2216501414.600	   6.806	8049
59921.304949	2216501413.600	   6.601	8049
59921.305065	2216501411.900	   8.953	8049
59921.305181	2216501410.300	  11.649	8049
59921.305296	2216501409.200	  13.900	8049
59921.305412	2216501408.200	   7.991	8049
59921.305528	2216501406.800	  11.204	8049
59921.305643	2216501405.500	   8.600	8049
59921.305759	2216501404.500	   8.209	8049
59921.305875	2216501402.700	   8.024	8049
59921.305991	2216501401.200	  10.891	8049
59921.306106	2216501400.200	   6.258	8049
59921.306222	2216501398.600	   9.880	8049
59921.306338	2216501397.400	   6.598	8049
59921.306454	2216501396.400	   9.885	8049
59921.306570	2216501394.700	   9.845	8049
59921.306685	2216501393.300	   8.299	8049
59921.306801	2216501392.200	  10.169	8049
59921.306917	2216501391.100	   6.980	8049
59921.307032	2216501389.400	  17.653	8049
59921.307148	2216501388.100	   8.692	8049
59921.307264	2216501387.200	   8.790	8049
59921.307380	2216501385.300	   6.029	8049
59921.307495	2216501384.300	   7.171	8049
59921.307611	2216501383.300	   9.520	8049
59921.307727	2216501382.100	  16.530	8049
59921.307842	2216501380.800	   7.900	8049
59921.307958	2216501379.100	  11.793	8049
59921.308074	2216501378.200	   8.240	8049
59921.308190	2216501376.600	  11.168	8049
59921.308306	2216501375.200	  14.475	8049
59921.308421	2216501374.200	  13.856	8049
59921.308537	2216501372.800	   9.487	8049
59921.308653	2216501371.800	  10.986	8049
59921.308768	2216501370.200	  14.281	8049
59921.308884	2216501368.800	  14.380	8049
59921.309000	2216501367.800	  15.075	8049
59921.309116	2216501366.400	  16.836	8049
59921.309231	2216501365.000	  13.324	8049
59921.309347	2216501364.000	   8.099	8049
59921.309463	2216501362.300	   9.837	8049
59921.309579	2216501361.100	  11.277	8049
59921.309694	2216501359.700	  10.476	8049
59921.309810	2216501358.700	  12.366	8049
59921.309926	2216501357.400	  12.282	8049
59921.310041	2216501356.100	  11.818	8049
59921.310157	2216501354.700	  10.869	8049
59921.310273	2216501353.700	   7.033	8049
59921.310389	2216501352.200	  12.943	8049
59921.310504	2216501351.000	   8.853	8049
59921.310620	2216501350.100	   7.942	8049
59921.310736	2216501348.500	  11.047	8049
59921.310852	2216501347.100	  19.756	8049
59921.310967	2216501345.800	   9.817	8049
59921.311083	2216501344.500	   8.356	8049
59921.311199	2216501343.100	  15.086	8049
59921.311315	2216501342.200	  10.911	8049
59921.311430	2216501341.100	  17.171	8049
59921.311546	2216501339.900	  12.710	8049
59921.311662	2216501338.200	  11.719	8049
59921.311778	2216501337.000	   9.357	8049
59921.311893	2216501335.500	   6.120	8049
59921.312009	2216501334.600	   9.211	8049
59921.312125	2216501333.100	  15.401	8049
59921.312241	2216501332.000	  13.240	8049
59921.312357	2216501330.900	   9.084	8049
59921.312472	2216501329.500	  12.644	8049
59921.312588	2216501328.400	  13.237	8049
59921.312704	2216501327.000	   9.171	8049
59921.312819	2216501325.900	  13.847	8049
59921.312935	2216501324.500	  22.644	8049
59921.313051	2216501323.500	   7.781	8049
59921.313167	2216501322.100	  15.078	8049
59921.313282	2216501321.100	   9.114	8049
59921.313398	2216501319.600	  12.988	8049
59921.313514	2216501318.600	  17.595	8049
59921.313630	2216501317.500	   7.932	8049
59921.313745	2216501316.200	   9.822	8049
59921.313861	2216501314.900	  10.943	8049
59921.313977	2216501313.600	   9.534	8049
59921.314093	2216501312.400	  12.283	8049
59921.314208	2216501311.000	  11.848	8049
59921.314324	2216501309.900	  12.279	8049
59921.314440	2216501308.800	  10.718	8049
59921.314555	2216501307.600	  13.263	8049
59921.314671	2216501306.100	  14.653	8049
59921.314787	2216501304.900	  14.407	8049
59921.314903	2216501303.800	   6.584	8049
59921.315019	2216501302.700	  14.677	8049
59921.315134	2216501301.200	  10.857	8049
59921.315250	2216501300.000	  12.262	8049
59921.315366	2216501298.800	   8.996	8049
59921.315482	2216501297.700	   7.288	8049
59921.315597	2216501296.300	  11.746	8049
59921.315713	2216501295.200	  11.276	8049
59921.315829	2216501294.000	  15.184	8049
59921.315944	2216501292.600	  10.180	8049
59921.316060	2216501291.500	  16.164	8049
59921.316176	2216501290.100	   9.126	8049
59921.316292	2216501289.100	   8.955	8049
59921.316407	2216501287.800	  17.385	8049
59921.316523	2216501286.600	  12.630	8049
59921.316639	2216501285.400	  12.990	8049
59921.316755	2216501284.400	   9.464	8049
59921.316870	2216501283.000	   7.658	8049
59921.316986	2216501282.000	  10.959	8049
59921.317102	2216501280.700	   8.774	8049
59921.317218	2216501278.700	   9.385	8049
59921.317333	2216501277.600	  10.098	8049
59921.317449	2216501276.500	  10.247	8049
59921.317565	2216501274.900	  13.041	8049
59921.317681	2216501273.800	  10.176	8049
59921.317796	2216501272.200	  14.588	8049
59921.317912	2216501271.100	  11.197	8049
59921.318028	2216501269.700	  11.336	8049
59921.318143	2216501268.700	  13.865	8049
59921.318259	2216501267.300	  12.154	8049
59921.318375	2216501265.900	  23.087	8049
59921.318490	2216501264.700	  14.167	8049
59921.318606	2216501263.100	   8.529	8049
59921.318722	2216501261.900	   9.288	8049
59921.318838	2216501260.800	  19.919	8049
59921.318954	2216501259.500	   9.565	8049
59921.319069	2216501258.400	  12.933	8049
59921.319185	2216501257.100	   8.664	8049
59921.319301	2216501255.600	  10.568	8049
59921.319417	2216501254.000	   7.183	8049
59921.319532	2216501252.900	   9.608	8049
59921.319648	2216501251.500	  11.846	8049
59921.319764	2216501250.300	   6.389	8049
59921.319880	2216501249.500	   9.913	8049
59921.319995	2216501247.800	  10.528	8049
59921.320111	2216501246.400	   8.833	8049
59921.320227	2216501245.600	   9.430	8049
59921.320343	2216501244.300	  11.867	8049
59921.320458	2216501242.600	  12.381	8049
59921.320574	2216501241.300	  12.135	8049
59921.320690	2216501240.400	   7.151	8049
59921.320806	2216501238.800	   6.183	8049
59921.320921	2216501237.600	   8.225	8049
59921.321037	2216501236.300	   9.760	8049
59921.321153	2216501235.300	  10.170	8049
59921.321269	2216501233.800	  13.704	8049
59921.321384	2216501232.500	  13.073	8049
59921.321500	2216501231.300	  11.951	8049
59921.321616	2216501230.300	  11.466	8049
59921.321732	2216501228.900	  12.441	8049
59921.321847	2216501227.800	  16.587	8049
59921.321963	2216501226.700	  14.725	8049
59921.322079	2216501224.800	  13.653	8049
59921.322195	2216501223.800	  14.776	8049
59921.322310	2216501222.500	   9.791	8049
59921.322426	2216501221.600	  12.479	8049
59921.322542	2216501220.300	   7.993	8049
59921.322657	2216501218.900	  15.691	8049
59921.322773	2216501218.000	   7.565	8049
59921.322889	2216501216.600	   7.376	8049
59921.323004	2216501215.000	  12.473	8049
59921.323120	2216501213.700	   6.999	8049
59921.323236	2216501212.600	   9.826	8049
59921.323352	2216501211.200	   6.215	8049
59921.323467	2216501210.000	  10.248	8049
59921.323583	2216501209.300	  15.612	8049
59921.323699	2216501207.700	  14.486	8049
59921.323815	2216501206.300	  11.662	8049
59921.323931	2216501205.500	   8.082	8049
59921.324046	2216501203.900	   6.645	8049
59921.324162	2216501202.700	   7.016	8049
59921.324278	2216501201.400	  10.123	8049
59921.324393	2216501200.100	  22.712	8049
59921.324509	2216501199.300	  10.391	8049
59921.324625	2216501197.900	  11.029	8049
59921.324741	2216501197.000	  13.992	8049
59921.324856	2216501195.400	   7.779	8049
59921.324972	2216501194.500	  12.749	8049
59921.325088	2216501193.100	  12.081	8049
59921.325204	2216501192.100	  12.035	8049
59921.325319	2216501190.600	  11.301	8049
59921.325435	2216501189.400	   9.590	8049
59921.325551	2216501188.200	  12.189	8049
59921.325667	2216501187.100	  12.690	8049
59921.325782	2216501185.600	   7.845	8049
59921.325898	2216501184.500	   9.777	8049
59921.326014	2216501183.200	   8.814	8049
59921.326130	2216501182.300	  10.390	8049
59921.326245	2216501181.100	   9.694	8049
59921.326361	2216501179.700	  12.117	8049
59921.326477	2216501178.700	   8.364	8049
59921.326593	2216501177.100	  22.169	8049
59921.326708	2216501176.400	   9.051	8049
59921.326824	2216501175.000	  20.745	8049
59921.326940	2216501173.900	   8.522	8049
59921.327055	2216501172.800	   8.309	8049
59921.327171	2216501171.200	  11.002	8049
59921.327287	2216501170.200	  18.703	8049
59921.327403	2216501169.200	  12.549	8049
59921.327518	2216501167.900	   7.789	8049
59921.327634	2216501166.800	  11.488	8049
59921.327750	2216501165.600	  11.438	8049
59921.327866	2216501164.300	  15.398	8049
59921.327981	2216501163.300	  10.754	8049
59921.328097	2216501161.900	  10.547	8049
59921.328213	2216501160.700	  11.525	8049
59921.328329	2216501159.600	  12.499	8049
59921.328444	2216501158.600	  13.366	8049
59921.328560	2216501157.300	  15.320	8049
59921.328676	2216501155.900	   7.764	8049
59921.328792	2216501155.000	  10.473	8049
59921.328907	2216501153.800	  12.099	8049
59921.329023	2216501152.900	   9.020	8049
59921.329139	2216501151.300	  10.936	8049
59921.329255	2216501150.500	  13.593	8049
59921.329370	2216501149.200	  10.986	8049
59921.329486	2216501148.400	  11.634	8049
59921.329602	2216501146.900	   9.209	8049
59921.329717	2216501145.700	  12.732	8049
59921.329833	2216501144.500	  13.261	8049
59921.329949	2216501143.300	  16.503	8049
59921.330065	2216501142.300	  16.185	8049
59921.330181	2216501141.000	  11.183	8049
59921.330296	2216501140.000	  10.387	8049
59921.330412	2216501138.900	  14.437	8049
59921.330528	2216501137.400	  11.371	8049
59921.330643	2216501136.500	  14.625	8049
59921.330759	2216501136.300	   5.378	8049
59921.330875	2216501134.100	   7.889	8049
59921.330991	2216501133.200	   6.719	8049
59921.331106	2216501132.000	  10.628	8049
59921.331222	2216501130.800	  14.256	8049
59921.331338	2216501130.000	   7.829	8049
59921.331454	2216501128.400	   7.694	8049
59921.331569	2216501127.500	  13.016	8049
59921.331685	2216501126.200	  12.076	8049
59921.331801	2216501125.500	   6.565	8049
59921.331916	2216501124.300	   9.060	8049
59921.332032	2216501122.800	  12.279	8049
59921.332264	2216501120.400	   8.903	8049
59921.332379	2216501119.400	   8.657	8049
59921.332495	2216501118.500	   7.341	8049
59921.332611	2216501117.300	  11.078	8049
59921.332727	2216501115.900	   9.774	8049
59921.332958	2216501113.700	   9.362	8049
59921.333074	2216501112.500	  11.611	8049
59921.333190	2216501110.800	   8.408	8049
59921.333305	2216501109.900	   7.788	8049
59921.333421	2216501108.800	   9.496	8049
59921.333537	2216501107.400	   8.231	8049
59921.333653	2216501105.900	   8.078	8049
59921.333768	2216501105.000	  14.119	8049
59921.333884	2216501103.600	   8.833	8049
59921.334000	2216501102.500	  19.478	8049
59921.334116	2216501101.200	  13.659	8049
59921.334231	2216501100.400	   8.718	8049
59921.334347	2216501098.700	   7.717	8049
59921.334463	2216501097.600	  14.702	8049
59921.334579	2216501096.500	  11.868	8049
59921.334694	2216501095.200	   7.299	8049
59921.334810	2216501093.900	  14.975	8049
59921.334926	2216501092.400	   9.990	8049
59921.335042	2216501091.300	  12.947	8049
59921.335273	2216501089.100	   5.844	8049
59921.335389	2216501087.500	  12.664	8049
59921.335505	2216501086.500	   7.022	8049
59921.335620	2216501085.900	   7.267	8049
59921.335736	2216501084.500	   9.766	8049
59921.335852	2216501083.100	   8.057	8049
59921.335967	2216501081.800	  11.215	8049
59921.336083	2216501080.600	   7.542	8049
59921.336199	2216501079.300	   7.765	8049
59921.336315	2216501078.400	   9.230	8049
59921.336431	2216501077.000	  10.207	8049
59921.336546	2216501076.200	  10.936	8049
59921.336778	2216501073.400	  11.823	8049
59921.336893	2216501072.400	  23.705	8049
59921.337009	2216501071.200	   7.718	8049
59921.337125	2216501069.800	   6.818	8049
59921.337241	2216501068.700	  10.300	8049
59921.337356	2216501067.300	  15.152	8049
59921.337472	2216501066.600	   8.602	8049
59921.337588	2216501065.300	   9.066	8049
59921.337704	2216501064.000	  11.633	8049
59921.337819	2216501062.900	  12.067	8049
59921.337935	2216501062.200	   7.073	8049
59921.338051	2216501060.800	   9.290	8049
59921.338167	2216501059.500	  12.312	8049
59921.338282	2216501058.500	   9.268	8049
59921.338398	2216501057.400	   8.597	8049
59921.338514	2216501056.000	   9.853	8049
59921.338629	2216501055.000	   9.957	8049
59921.338745	2216501053.900	  18.961	8049
59921.338861	2216501052.500	  22.240	8049
59921.338977	2216501051.500	  11.816	8049
59921.339092	2216501050.500	   8.818	8049
59921.339208	2216501049.200	  13.742	8049
59921.339324	2216501048.100	   9.554	8049
59921.339440	2216501046.500	   9.932	8049
59921.339555	2216501045.500	  11.418	8049
59921.339671	2216501044.800	  13.219	8049
59921.339787	2216501043.200	   9.792	8049
59921.339903	2216501041.900	   9.038	8049
59921.340018	2216501041.000	   8.650	8049
59921.340134	2216501039.700	   8.957	8049
59921.340250	2216501038.700	   7.533	8049
59921.340366	2216501037.200	   6.305	8049
59921.340482	2216501036.300	   6.923	8049
59921.340597	2216501035.200	  10.113	8049
59921.340713	2216501034.300	  15.083	8049
59921.340829	2216501033.100	  19.065	8049
59921.340944	2216501031.800	  14.001	8049
59921.341060	2216501030.700	  12.017	8049
59921.341176	2216501029.900	  13.443	8049
59921.341292	2216501028.500	  13.423	8049
59921.341407	2216501027.700	   7.658	8049
59921.341523	2216501026.400	  10.679	8049
59921.341639	2216501025.400	  16.702	8049
59921.341754	2216501024.400	  11.577	8049
59921.341870	2216501023.100	  12.197	8049
59921.341986	2216501022.100	  13.327	8049
59921.342102	2216501021.200	  11.306	8049
59921.342217	2216501019.800	  17.553	8049
59921.342333	2216501018.900	  10.708	8049
59921.342449	2216501017.400	  11.370	8049
59921.342565	2216501016.300	   9.335	8049
59921.342681	2216501015.300	  12.123	8049
59921.342796	2216501014.100	  15.350	8049
59921.342912	2216501013.200	  12.919	8049
59921.343028	2216501011.900	  10.507	8049
59921.343143	2216501011.200	  14.605	8049
59921.343259	2216501009.800	  18.439	8049
59921.343375	2216501008.800	  14.438	8049
59921.343491	2216501007.900	  15.485	8049
59921.343606	2216501006.700	  17.076	8049
59921.343722	2216501005.500	   9.997	8049
59921.343838	2216501004.500	  17.762	8049
59921.343954	2216501003.100	  10.122	8049
59921.344069	2216501002.400	  17.593	8049
59921.344185	2216501001.200	   8.119	8049
59921.344301	2216501000.200	   7.888	8049
59921.344416	2216500999.000	  14.353	8049
59921.344532	2216500998.100	   8.748	8049
59921.344648	2216500996.900	  18.712	8049
59921.344764	2216500995.600	  13.670	8049
59921.344879	2216500994.800	  10.999	8049
59921.344995	2216500993.500	  15.510	8049
59921.345111	2216500992.900	  10.054	8049
59921.345227	2216500991.600	  10.618	8049
59921.345343	2216500990.500	  14.589	8049
59921.345458	2216500989.500	   7.551	8049
59921.345574	2216500988.600	  15.048	8049
59921.345690	2216500987.600	   8.058	8049
59921.345805	2216500986.500	   8.379	8049
59921.345921	2216500985.200	   9.805	8049
59921.346037	2216500984.000	   6.784	8049
59921.346153	2216500983.100	  14.752	8049
59921.346268	2216500982.100	  12.597	8049
59921.346384	2216500981.300	   7.127	8049
59921.346500	2216500980.000	   7.783	8049
59921.346616	2216500978.800	  13.437	8049
59921.346731	2216500977.800	  10.715	8049
59921.346847	2216500976.800	  18.040	8049
59921.346963	2216500975.800	   9.732	8049
59921.347079	2216500974.900	  12.409	8049
59921.347194	2216500973.900	   7.047	8049
59921.347310	2216500973.000	  10.846	8049
59921.347426	2216500971.800	  13.319	8049
59921.347541	2216500970.700	   9.414	8049
59921.347657	2216500969.600	  12.794	8049
59921.347773	2216500968.700	   9.243	8049
59921.347889	2216500967.300	  10.902	8049
59921.348005	2216500966.200	  10.586	8049
59921.348120	2216500965.100	  16.121	8049
59921.348236	2216500963.800	  13.223	8049
59921.348352	2216500962.800	  10.407	8049
59921.348467	2216500961.700	  11.289	8049
59921.348583	2216500960.300	  14.436	8049
59921.348699	2216500959.500	   9.109	8049
59921.348815	2216500958.400	   9.435	8049
59921.348930	2216500957.200	  10.027	8049
59921.349046	2216500956.000	   8.382	8049
59921.349162	2216500954.900	  13.368	8049
59921.349278	2216500953.800	  11.141	8049
59921.349393	2216500952.500	   9.421	8049
59921.349509	2216500951.400	   9.071	8049
59921.349625	2216500950.600	  10.854	8049
59921.349741	2216500949.400	  15.276	8049
59921.349856	2216500948.300	   8.150	8049
59921.349972	2216500946.800	   8.685	8049
59921.350088	2216500946.000	   6.899	8049
59921.350204	2216500944.800	  13.587	8049
59921.350319	2216500943.700	  10.478	8049
59921.350435	2216500942.700	  11.154	8049
59921.350551	2216500941.500	  14.778	8049
59921.350667	2216500940.000	   8.866	8049
59921.350782	2216500939.200	  16.463	8049
59921.350898	2216500938.400	   8.647	8049
59921.351014	2216500936.800	   9.468	8049
59921.351130	2216500935.800	  11.416	8049
59921.351245	2216500934.600	   6.781	8049
59921.351361	2216500933.800	  11.285	8049
59921.351477	2216500932.700	  10.536	8049
59921.351593	2216500931.400	  15.837	8049
59921.351708	2216500930.400	   8.285	8049
59921.351824	2216500929.200	  11.387	8049
59921.351940	2216500928.300	   7.631	8049
59921.352055	2216500927.100	  11.612	8049
59921.352171	2216500926.100	  15.052	8049
59921.352287	2216500925.100	   9.180	8049
59921.352403	2216500923.900	  10.475	8049
59921.352518	2216500922.600	  11.180	8049
59921.352634	2216500921.800	  24.924	8049
59921.352750	2216500920.500	   7.526	8049
59921.352866	2216500919.700	   8.355	8049
59921.352981	2216500918.500	  13.060	8049
59921.353097	2216500917.300	  12.313	8049
59921.353213	2216500916.300	  13.899	8049
59921.353328	2216500915.100	  10.403	8049
59921.353444	2216500914.400	   8.575	8049
59921.353560	2216500913.300	  11.442	8049
59921.353676	2216500911.900	   8.430	8049
59921.353792	2216500911.000	   9.659	8049
59921.353907	2216500909.700	   7.971	8049
59921.354023	2216500909.000	   8.442	8049
59921.354139	2216500907.900	   8.620	8049
59921.354255	2216500907.000	  10.489	8049
59921.354370	2216500905.700	  28.681	8049
59921.354486	2216500904.500	  11.919	8049
59921.354602	2216500903.700	  12.484	8049
59921.354717	2216500902.700	  15.064	8049
59921.354833	2216500901.400	  10.221	8049
59921.354949	2216500900.400	  12.033	8049
59921.355065	2216500899.400	  10.500	8049
59921.355180	2216500898.600	  14.495	8049
59921.355296	2216500897.500	  20.311	8049
59921.355412	2216500896.300	  15.110	8049
59921.355528	2216500895.400	   7.310	8049
59921.355643	2216500894.500	  11.062	8049
59921.355759	2216500893.300	  14.208	8049
59921.355875	2216500892.200	  10.912	8049
59921.355991	2216500891.300	  14.124	8049
59921.356107	2216500890.200	  27.059	8049
59921.356222	2216500889.300	  13.581	8049
59921.356338	2216500887.900	  11.214	8049
59921.356454	2216500887.200	  10.550	8049
59921.356569	2216500886.300	  11.562	8049
59921.356685	2216500885.100	  12.783	8049
59921.356801	2216500884.100	  10.308	8049
59921.356917	2216500883.100	  18.593	8049
59921.357032	2216500882.200	  16.817	8049
59921.357148	2216500881.100	  21.822	8049
59921.357264	2216500880.100	   8.883	8049
59921.357380	2216500879.200	  17.952	8049
59921.357495	2216500878.100	  21.671	8049
59921.357611	2216500877.300	   9.827	8049
59921.357727	2216500875.900	  15.379	8049
59921.357842	2216500874.900	   9.086	8049
59921.357958	2216500874.000	   9.770	8049
59921.358074	2216500873.100	  20.570	8049
59921.358190	2216500872.000	  14.146	8049
59921.358306	2216500871.300	  12.607	8049
59921.358421	2216500869.900	  11.321	8049
59921.358537	2216500869.500	   8.991	8049
59921.358653	2216500868.300	  16.269	8049
59921.358768	2216500867.000	  11.613	8049
59921.358884	2216500866.300	  12.417	8049
59921.359000	2216500865.400	  22.684	8049
59921.359116	2216500864.400	  25.621	8049
59921.359232	2216500863.400	  15.225	8049
59921.359348	2216500862.200	  11.338	8049
59921.359463	2216500861.500	  18.646	8049
59921.359579	2216500860.300	  10.658	8049
59921.359694	2216500859.500	  15.533	8049
59921.359810	2216500858.400	  10.478	8049
59921.359926	2216500857.500	  17.730	8049
59921.360042	2216500856.800	   9.262	8049
59921.360157	2216500855.800	   7.494	8049
59921.360273	2216500854.700	  14.838	8049
59921.360389	2216500853.700	  16.727	8049
59921.360505	2216500852.500	  11.868	8049
59921.360620	2216500851.700	   9.999	8049
59921.360736	2216500851.100	  10.784	8049
59921.360852	2216500849.800	   8.802	8049
59921.360967	2216500848.900	  11.260	8049
59921.361083	2216500848.200	   9.515	8049
59921.361199	2216500846.900	   8.490	8049
59921.361315	2216500846.200	  16.290	8049
59921.361431	2216500845.300	  14.368	8049
59921.361546	2216500844.400	  14.168	8049
59921.361662	2216500843.500	  13.294	8049
59921.361778	2216500842.500	  14.788	8049
59921.361893	2216500841.400	  14.297	8049
59921.362009	2216500840.700	   8.377	8049
59921.362125	2216500839.400	   8.719	8049
59921.362241	2216500838.100	   6.829	8049
59921.362357	2216500837.600	   8.338	8049
59921.362472	2216500836.100	   9.711	8049
59921.362588	2216500835.400	  12.224	8049
59921.362704	2216500834.000	  16.853	8049
59921.362819	2216500833.100	  12.067	8049
59921.362935	2216500832.200	  10.634	8049
59921.363051	2216500831.100	  13.975	8049
59921.363167	2216500830.200	  21.791	8049
59921.363282	2216500828.900	  20.849	8049
59921.363398	2216500827.800	  12.037	8049
59921.363514	2216500827.000	  12.561	8049
59921.363630	2216500825.700	  12.595	8049
59921.363745	2216500825.000	  13.061	8049
59921.363861	2216500823.600	  19.046	8049
59921.363977	2216500822.900	  10.722	8049
59921.364093	2216500821.800	  12.921	8049
59921.364208	2216500820.500	  17.229	8049
59921.364324	2216500819.800	  16.374	8049
59921.364440	2216500818.600	  10.259	8049
59921.364555	2216500817.400	   7.705	8049
59921.364671	2216500816.600	  10.961	8049
59921.364787	2216500815.700	  17.763	8049
59921.364903	2216500814.400	  12.768	8049
59921.365018	2216500813.500	   8.500	8049
59921.365134	2216500812.500	   9.289	8049
59921.365250	2216500811.500	  16.020	8049
59921.365366	2216500810.300	  11.224	8049
59921.365481	2216500809.500	  11.363	8049
59921.365597	2216500808.500	  16.046	8049
59921.365713	2216500807.400	   9.740	8049
59921.365829	2216500806.700	  11.855	8049
59921.365944	2216500805.700	   9.097	8049
59921.366060	2216500804.400	  17.460	8049
59921.366176	2216500803.600	  10.156	8049
59921.366292	2216500802.500	   9.485	8049
59921.366407	2216500801.600	  10.734	8049
59921.366523	2216500800.400	  10.130	8049
59921.366639	2216500799.700	  10.123	8049
59921.366755	2216500798.700	  11.811	8049
59921.366870	2216500797.900	  11.570	8049
59921.366986	2216500796.400	  12.776	8049
59921.367102	2216500795.800	  12.152	8049
59921.367217	2216500794.900	  16.098	8049
59921.367333	2216500793.700	  14.401	8049
59921.367449	2216500792.800	  14.516	8049
59921.367565	2216500791.700	  12.128	8049
59921.367680	2216500791.000	   9.576	8049
59921.367796	2216500789.700	  15.317	8049
59921.367912	2216500788.900	  19.309	8049
59921.368028	2216500788.200	   8.963	8049
59921.368143	2216500787.100	  10.643	8049
59921.368259	2216500786.100	  21.611	8049
59921.368375	2216500784.900	  17.933	8049
59921.368491	2216500784.300	  21.059	8049
59921.368606	2216500783.200	  12.618	8049
59921.368722	2216500782.400	  12.958	8049
59921.368838	2216500781.500	  11.267	8049
59921.368954	2216500780.500	  17.549	8049
59921.369069	2216500779.600	  24.208	8049
59921.369185	2216500778.400	  11.119	8049
59921.369301	2216500777.700	  11.169	8049
59921.369417	2216500776.700	  28.142	8049
59921.369532	2216500775.600	  14.485	8049
59921.369648	2216500774.800	   8.341	8049
59921.369764	2216500773.700	  18.153	8049
59921.369879	2216500773.000	  29.031	8049
59921.369995	2216500771.800	   8.819	8049
59921.370111	2216500771.100	  12.505	8049
59921.370227	2216500770.100	  17.173	8049
59921.370342	2216500769.200	  13.945	8049
59921.370458	2216500768.400	  17.171	8049
59921.370574	2216500767.200	  12.282	8049
59921.370690	2216500766.400	  12.771	8049
59921.370805	2216500765.400	  15.539	8049
59921.370921	2216500764.700	  13.602	8049
59921.371037	2216500763.700	  13.640	8049
59921.371153	2216500762.700	  17.101	8049
59921.371268	2216500762.100	  18.080	8049
59921.371384	2216500761.100	  14.467	8049
59921.371500	2216500760.000	   9.885	8049
59921.371616	2216500759.200	  16.363	8049
59921.371732	2216500758.200	  16.001	8049
59921.371847	2216500757.800	  12.686	8049
59921.371963	2216500756.700	  15.919	8049
59921.372079	2216500755.800	  16.537	8049
59921.372195	2216500755.100	  12.144	8049
59921.372310	2216500754.000	  15.347	8049
59921.372426	2216500753.000	  11.877	8049
59921.372542	2216500752.100	  16.940	8049
59921.372657	2216500751.300	  19.739	8049
59921.372773	2216500750.500	  14.775	8049
59921.372889	2216500749.500	  10.742	8049
59921.373004	2216500748.700	  13.872	8049
59921.373120	2216500747.800	  11.294	8049
59921.373236	2216500746.700	   9.678	8049
59921.373352	2216500746.000	  16.566	8049
59921.373468	2216500745.300	  22.296	8049
59921.373583	2216500744.200	  11.472	8049
59921.373699	2216500743.400	   8.366	8049
59921.373815	2216500742.700	  12.132	8049
59921.373930	2216500741.800	   9.907	8049
59921.374046	2216500741.100	  14.527	8049
59921.374162	2216500740.200	  19.108	8049
59921.374278	2216500739.100	  16.918	8049
59921.374393	2216500738.400	  14.495	8049
59921.374509	2216500737.400	  12.233	8049
59921.374625	2216500736.500	  20.060	8049
59921.374741	2216500735.700	  14.098	8049
59921.374856	2216500735.100	  21.775	8049
59921.374972	2216500734.000	  13.080	8049
59921.375088	2216500732.700	  14.753	8049
59921.375204	2216500731.700	  26.136	8049
59921.375319	2216500730.400	   7.251	8049
59921.375435	2216500729.600	  28.995	8049
59921.375551	2216500728.500	  16.739	8049
59921.375667	2216500728.000	   9.441	8049
59921.375782	2216500726.700	  15.592	8049
59921.375898	2216500725.700	  11.902	8049
59921.376014	2216500724.900	   8.870	8049
59921.376129	2216500723.900	   8.433	8049
59921.376245	2216500723.300	  13.264	8049
59921.376361	2216500722.200	  19.649	8049
59921.376477	2216500720.900	   9.702	8049
59921.376593	2216500720.400	  13.111	8049
59921.376708	2216500719.400	   7.337	8049
59921.376824	2216500718.400	  11.186	8049
59921.376940	2216500717.300	  17.952	8049
59921.377055	2216500716.300	  16.056	8049
59921.377171	2216500715.500	  16.436	8049
59921.377287	2216500714.900	  12.106	8049
59921.377403	2216500713.700	  10.050	8049
59921.377518	2216500713.100	  16.640	8049
59921.377634	2216500712.300	  22.187	8049
59921.377750	2216500711.200	  16.014	8049
59921.377866	2216500710.500	   7.871	8049
59921.377981	2216500709.600	  10.684	8049
59921.378097	2216500709.000	  13.228	8049
59921.378213	2216500708.000	  24.953	8049
59921.378329	2216500707.400	  14.811	8049
59921.378444	2216500706.300	  10.087	8049
59921.378560	2216500705.700	  12.102	8049
59921.378676	2216500704.900	  12.898	8049
59921.378791	2216500703.900	   9.999	8049
59921.378907	2216500703.100	  14.286	8049
59921.379023	2216500702.500	  16.088	8049
59921.379139	2216500701.600	  14.964	8049
59921.379255	2216500700.800	  13.189	8049
59921.379370	2216500700.000	  13.676	8049
59921.379486	2216500698.900	   8.375	8049
59921.379602	2216500698.300	  10.842	8049
59921.379717	2216500697.800	   9.497	8049
59921.379833	2216500696.500	  10.191	8049
59921.379949	2216500695.700	  15.684	8049
59921.380065	2216500695.000	  11.889	8049
59921.380180	2216500694.100	  33.085	8049
59921.380296	2216500693.300	  10.619	8049
59921.380412	2216500692.700	  14.416	8049
59921.380528	2216500691.800	  17.563	8049
59921.380643	2216500691.000	  16.678	8049
59921.380759	2216500689.900	   7.330	8049
59921.380875	2216500689.300	  12.506	8049
59921.380991	2216500688.600	  13.367	8049
59921.381106	2216500687.700	  13.451	8049
59921.381222	2216500686.700	  16.782	8049
59921.381338	2216500686.100	  13.421	8049
59921.381454	2216500685.000	  15.451	8049
59921.381569	2216500684.500	  21.804	8049
59921.381685	2216500683.800	  11.709	8049
59921.381801	2216500682.600	  10.330	8049
59921.381917	2216500681.800	  14.055	8049
59921.382032	2216500681.200	  20.685	8049
59921.382148	2216500680.000	  15.800	8049
59921.382264	2216500679.600	  18.861	8049
59921.382379	2216500678.700	  22.154	8049
59921.382495	2216500677.900	  23.859	8049
59921.382611	2216500677.100	  12.866	8049
59921.382727	2216500676.400	  15.733	8049
59921.382842	2216500675.200	  15.498	8049
59921.382958	2216500674.500	   8.755	8049
59921.383074	2216500673.600	   9.205	8049
59921.383190	2216500673.000	  16.969	8049
59921.383305	2216500672.000	  10.282	8049
59921.383421	2216500671.400	  10.620	8049
59921.383537	2216500670.400	  17.186	8049
59921.383653	2216500669.600	  13.942	8049
59921.383768	2216500668.700	  16.254	8049
59921.383884	2216500668.100	  10.472	8049
59921.384000	2216500667.100	  16.579	8049
59921.384116	2216500666.200	  15.205	8049
59921.384231	2216500665.800	   7.719	8049
59921.384347	2216500664.700	   9.389	8049
59921.384463	2216500664.100	  13.057	8049
59921.384579	2216500663.100	  10.004	8049
59921.384694	2216500662.100	  14.424	8049
59921.384810	2216500661.400	  18.255	8049
59921.384926	2216500660.400	  12.006	8049
59921.385042	2216500659.800	  14.222	8049
59921.385157	2216500658.900	  17.781	8049
59921.385273	2216500658.200	  16.199	8049
59921.385389	2216500657.500	  15.383	8049
59921.385504	2216500656.600	  12.154	8049
59921.385620	2216500655.800	  13.925	8049
59921.385736	2216500654.800	   9.326	8049
59921.385852	2216500654.200	  11.878	8049
59921.385967	2216500653.400	  13.968	8049
59921.386083	2216500652.400	  15.920	8049
59921.386199	2216500651.600	  15.175	8049
59921.386315	2216500650.900	  15.935	8049
59921.386430	2216500649.900	  13.299	8049
59921.386546	2216500649.000	  10.788	8049
59921.386662	2216500648.100	   7.548	8049
59921.386778	2216500647.600	  11.367	8049
59921.386893	2216500646.500	  19.044	8049
59921.387009	2216500646.000	   8.918	8049
59921.387125	2216500645.000	  13.461	8049
59921.387241	2216500644.200	  19.692	8049
59921.387356	2216500643.300	  13.452	8049
59921.387472	2216500642.500	  13.265	8049
59921.387588	2216500641.700	  20.725	8049
59921.387704	2216500640.800	  15.072	8049
59921.387819	2216500640.000	  13.466	8049
59921.387935	2216500639.300	  24.008	8049
59921.388051	2216500638.400	   9.797	8049
59921.388167	2216500637.600	  25.755	8049
59921.388282	2216500636.900	  16.246	8049
59921.388398	2216500636.000	   9.854	8049
59921.388514	2216500635.200	  13.829	8049
59921.388630	2216500634.500	  16.837	8049
59921.388745	2216500633.600	  18.869	8049
59921.388861	2216500632.600	  14.272	8049
59921.388977	2216500631.900	  10.875	8049
59921.389093	2216500631.200	  14.386	8049
59921.389208	2216500630.100	  12.760	8049
59921.389324	2216500629.400	  18.877	8049
59921.389440	2216500628.700	  23.591	8049
59921.389555	2216500627.600	  12.284	8049
59921.389671	2216500627.000	  18.114	8049
59921.389787	2216500626.100	  11.989	8049
59921.389903	2216500625.200	  14.103	8049
59921.390018	2216500624.600	  12.712	8049
59921.390134	2216500623.700	  16.269	8049
59921.390250	2216500622.800	  13.447	8049
59921.390366	2216500622.200	   9.323	8049
59921.390481	2216500621.200	  13.778	8049
59921.390597	2216500620.500	  10.134	8049
59921.390713	2216500619.700	  18.791	8049
59921.390829	2216500618.800	  23.915	8049
59921.390944	2216500618.200	  18.016	8049
59921.391060	2216500617.000	   9.841	8049
59921.391176	2216500616.500	  11.167	8049
59921.391292	2216500615.600	  12.833	8049
59921.391407	2216500614.900	   8.245	8049
59921.391523	2216500614.000	  20.739	8049
59921.391639	2216500613.100	  13.699	8049
59921.391755	2216500612.400	  12.478	8049
59921.391870	2216500611.400	  11.795	8049
59921.391986	2216500610.800	  13.304	8049
59921.392102	2216500609.800	  11.424	8049
59921.392218	2216500609.100	  15.987	8049
59921.392333	2216500608.200	  14.580	8049
59921.392449	2216500607.400	  15.550	8049
59921.392565	2216500606.700	  14.479	8049
59921.392680	2216500605.900	  13.796	8049
59921.392796	2216500605.000	  15.401	8049
59921.392912	2216500604.100	  16.933	8049
59921.393028	2216500603.500	  26.731	8049
59921.393143	2216500602.800	  12.559	8049
59921.393259	2216500602.000	  15.033	8049
59921.393375	2216500601.400	  22.956	8049
59921.393491	2216500600.800	  15.967	8049
59921.393606	2216500599.800	  22.118	8049
59921.393722	2216500599.400	  18.105	8049
59921.393838	2216500598.600	  12.569	8049
59921.393954	2216500598.000	  14.519	8049
59921.394069	2216500597.200	   9.187	8049
59921.394185	2216500596.600	  21.496	8049
59921.394301	2216500595.800	  36.994	8049
59921.394417	2216500595.100	  16.214	8049
59921.394532	2216500594.600	  12.741	8049
59921.394648	2216500593.500	  11.555	8049
59921.394764	2216500593.200	  25.502	8049
59921.394880	2216500592.400	  14.311	8049
59921.394995	2216500591.400	  10.950	8049
59921.395111	2216500591.100	  20.667	8049
59921.395227	2216500590.200	  10.914	8049
59921.395342	2216500589.600	  21.404	8049
59921.395458	2216500589.000	  12.817	8049
59921.395574	2216500588.400	  25.636	8049
59921.395690	2216500587.600	  19.316	8049
59921.395806	2216500586.700	  21.891	8049
59921.395921	2216500586.100	  24.093	8049
59921.396037	2216500585.500	  16.279	8049
59921.396153	2216500584.700	  17.501	8049
59921.396268	2216500583.900	  22.305	8049
59921.396384	2216500583.600	  12.236	8049
59921.396500	2216500582.700	  13.234	8049
59921.396616	2216500581.900	  12.150	8049
59921.396731	2216500581.200	  10.498	8049
59921.396847	2216500580.600	  15.874	8049
59921.396963	2216500579.800	  13.034	8049
59921.397079	2216500579.200	  11.202	8049
59921.397194	2216500578.500	  21.119	8049
59921.397310	2216500577.700	  12.036	8049
59921.397426	2216500577.100	  12.207	8049
59921.397542	2216500576.300	  16.789	8049
59921.397657	2216500575.700	  15.884	8049
59921.397773	2216500575.000	  20.066	8049
59921.397889	2216500574.300	  15.612	8049
59921.398005	2216500573.700	  14.784	8049
59921.398120	2216500572.900	  11.228	8049
59921.398236	2216500572.200	  17.718	8049
59921.398352	2216500571.600	  14.815	8049
59921.398467	2216500570.900	  15.824	8049
59921.398583	2216500570.200	  14.146	8049
59921.398699	2216500569.600	  11.434	8049
59921.398815	2216500568.800	  18.547	8049
59921.398930	2216500568.200	  26.541	8049
59921.399046	2216500567.600	  30.114	8049
59921.399162	2216500566.800	  32.785	8049
59921.399278	2216500566.000	  16.405	8049
59921.399393	2216500565.500	  19.728	8049
59921.399509	2216500564.800	  16.540	8049
59921.399625	2216500564.000	  10.700	8049
59921.399741	2216500563.300	   6.117	8049
59921.399856	2216500562.800	  12.939	8049
59921.399972	2216500562.100	  15.390	8049
59921.400088	2216500561.300	  17.859	8049
59921.400204	2216500560.600	   8.996	8049
59921.400319	2216500559.900	  12.888	8049
59921.400435	2216500559.000	  13.687	8049
59921.400551	2216500558.700	  20.441	8049
59921.400782	2216500557.100	  18.125	8049
59921.400898	2216500556.300	  11.484	8049
59921.401014	2216500555.900	  16.658	8049
59921.401129	2216500555.000	  17.661	8049
59921.401245	2216500554.500	  15.474	8049
59921.401361	2216500553.600	  18.846	8049
59921.401477	2216500553.300	   8.058	8049
59921.401592	2216500552.200	  13.617	8049
59921.401708	2216500551.900	  12.227	8049
59921.401824	2216500551.200	  10.349	8049
59921.401940	2216500550.300	  10.066	8049
59921.402056	2216500549.500	  18.391	8049
59921.402171	2216500549.000	  16.689	8049
59921.402287	2216500548.200	  14.774	8049
59921.402403	2216500547.700	  10.188	8049
59921.402518	2216500546.800	  10.742	8049
59921.402634	2216500546.200	   9.983	8049
59921.402750	2216500545.500	  14.786	8049
59921.402866	2216500544.700	  13.706	8049
59921.402981	2216500544.200	  10.697	8049
59921.403097	2216500543.600	  10.603	8049
59921.403213	2216500542.800	  20.472	8049
59921.403329	2216500542.000	   9.633	8049
59921.403444	2216500541.400	  12.036	8049
59921.403560	2216500540.800	  19.045	8049
59921.403676	2216500540.000	  13.332	8049
59921.403792	2216500539.600	  15.488	8049
59921.403907	2216500538.700	  13.845	8049
59921.404023	2216500538.100	  18.467	8049
59921.404139	2216500537.200	   9.147	8049
59921.404255	2216500536.800	  13.451	8049
59921.404370	2216500535.900	  12.885	8049
59921.404486	2216500535.500	  10.267	8049
59921.404602	2216500534.700	  11.286	8049
59921.404717	2216500534.000	   7.839	8049
59921.404833	2216500533.100	  17.796	8049
59921.404949	2216500532.700	  19.100	8049
59921.405065	2216500531.800	   9.271	8049
59921.405180	2216500531.100	  12.382	8049
59921.405296	2216500530.600	  14.290	8049
59921.405412	2216500529.900	  19.583	8049
59921.405528	2216500529.200	  15.869	8049
59921.405643	2216500528.600	  20.664	8049
59921.405759	2216500527.900	  13.365	8049
59921.405875	2216500527.000	  15.917	8049
59921.405991	2216500526.800	   7.604	8049
59921.406106	2216500525.900	  28.648	8049
59921.406222	2216500525.100	  16.702	8049
59921.406338	2216500524.700	  16.910	8049
59921.406454	2216500523.900	  13.798	8049
59921.406569	2216500523.200	  15.619	8049
59921.406685	2216500522.600	  11.169	8049
59921.406801	2216500521.900	  10.317	8049
59921.406917	2216500521.100	  29.561	8049
59921.407032	2216500520.300	  11.296	8049
59921.407148	2216500519.800	  19.824	8049
59921.407264	2216500519.400	  13.457	8049
59921.407380	2216500518.400	  29.533	8049
59921.407495	2216500517.800	  14.900	8049
59921.407611	2216500517.000	   9.983	8049
59921.407727	2216500516.600	  22.889	8049
59921.407842	2216500515.700	  19.224	8049
59921.407958	2216500515.100	  11.789	8049
59921.408074	2216500514.600	  14.709	8049
59921.408190	2216500513.700	  43.500	8049
59921.408305	2216500513.300	  14.202	8049
59921.408421	2216500512.300	  10.014	8049
59921.408537	2216500511.900	   8.972	8049
59921.408653	2216500511.200	  17.019	8049
59921.408768	2216500510.300	  23.994	8049
59921.408884	2216500509.800	  36.135	8049
59921.409000	2216500509.000	  10.010	8049
59921.409116	2216500508.200	  11.809	8049
59921.409231	2216500507.800	  16.154	8049
59921.409347	2216500507.100	  22.223	8049
59921.409463	2216500506.300	  13.545	8049
59921.409579	2216500505.700	  16.727	8049
59921.409694	2216500505.300	  19.004	8049
59921.409810	2216500504.600	  22.151	8049
59921.409926	2216500504.100	  12.000	8049
59921.410042	2216500503.400	  16.465	8049
59921.410157	2216500503.100	  18.159	8049
59921.410273	2216500502.400	  16.995	8049
59921.410389	2216500502.000	  20.079	8049
59921.410505	2216500501.300	  14.116	8049
59921.410620	2216500500.700	   9.007	8049
59921.410736	2216500500.100	  22.501	8049
59921.410852	2216500499.700	  22.011	8049
59921.410968	2216500499.000	  13.978	8049
59921.411083	2216500498.600	  19.035	8049
59921.411199	2216500498.000	  14.457	8049
59921.411315	2216500497.500	  13.079	8049
59921.411430	2216500497.000	  19.344	8049
59921.411546	2216500496.300	  24.988	8049
59921.411662	2216500495.700	  12.798	8049
59921.411778	2216500495.200	  16.348	8049
59921.411893	2216500494.700	  20.023	8049
59921.412009	2216500494.000	  20.654	8049
59921.412125	2216500493.600	  14.559	8049
59921.412241	2216500493.300	  11.511	8049
59921.412356	2216500492.400	  38.027	8049
59921.412472	2216500492.000	  14.663	8049
59921.412588	2216500491.500	  20.943	8049
59921.412704	2216500490.900	  14.844	8049
59921.412819	2216500490.200	  27.030	8049
59921.412935	2216500489.500	   9.208	8049
59921.413051	2216500489.200	  24.877	8049
59921.413167	2216500488.600	  12.889	8049
59921.413282	2216500488.200	  16.139	8049
59921.413398	2216500487.700	  15.725	8049
59921.413514	2216500487.200	  12.245	8049
59921.413630	2216500486.500	  11.260	8049
59921.413745	2216500486.000	   9.149	8049
59921.413861	2216500485.300	  25.447	8049
59921.413977	2216500484.800	  12.295	8049
59921.414093	2216500484.200	  16.387	8049
59921.414208	2216500483.800	  21.046	8049
59921.414324	2216500483.300	   9.241	8049
59921.414440	2216500482.500	  17.078	8049
59921.414555	2216500481.900	   9.643	8049
59921.414671	2216500481.600	  13.910	8049
59921.414787	2216500480.900	  12.195	8049
59921.414903	2216500480.200	   7.090	8049
59921.415018	2216500480.100	  14.713	8049
59921.415134	2216500479.300	  21.226	8049
59921.415250	2216500478.700	  17.711	8049
59921.415366	2216500478.500	  11.903	8049
59921.415481	2216500477.900	  17.957	8049
59921.415597	2216500477.500	   8.789	8049
59921.415713	2216500476.800	  14.719	8049
59921.415829	2216500476.300	  41.855	8049
59921.415944	2216500475.500	  18.529	8049
59921.416060	2216500475.300	  14.601	8049
59921.416176	2216500474.500	  13.960	8049
59921.416292	2216500474.200	  17.092	8049
59921.416407	2216500473.500	  17.081	8049
59921.416523	2216500473.000	  32.001	8049
59921.416870	2216500471.300	  10.358	8049
59921.416986	2216500470.700	  18.281	8049
59921.417102	2216500470.400	  11.571	8049
59921.417217	2216500469.700	   5.286	8049
59921.417333	2216500469.300	  13.410	8049
59921.417565	2216500468.000	   7.994	8049
59921.417680	2216500467.600	   6.005	8049
59921.418491	2216500464.000	   5.047	8049
59921.418722	2216500462.900	   7.307	8049
59921.418838	2216500462.300	   7.330	8049
59921.418954	2216500461.900	   6.574	8049
59921.419185	2216500460.800	   5.963	8049
59921.419648	2216500458.500	   6.435	8049
59921.419880	2216500457.700	  10.480	8049
59921.420227	2216500456.000	  10.602	8049
59921.420343	2216500455.500	   8.994	8049
59921.420458	2216500455.000	  11.772	8049
59921.420574	2216500454.600	   5.497	8049
59921.420690	2216500453.900	   5.708	8049
59921.420805	2216500453.400	  14.757	8049
59921.420921	2216500453.100	   9.835	8049
59921.421037	2216500452.500	   8.983	8049
59921.421153	2216500451.800	   8.056	8049
59921.421268	2216500451.300	   9.391	8049
59921.421384	2216500450.900	  24.340	8049
59921.421500	2216500450.400	  13.660	8049
59921.421616	2216500449.900	  10.522	8049
59921.421731	2216500449.200	   5.948	8049
59921.421847	2216500448.900	   8.800	8049
59921.421963	2216500448.300	  15.742	8049
59921.422079	2216500447.800	  10.582	8049
59921.422194	2216500447.200	  19.837	8049
59921.422310	2216500446.700	  26.097	8049
59921.422426	2216500446.300	   7.016	8049
59921.422542	2216500445.900	  10.034	8049
59921.422657	2216500445.100	   8.616	8049
59921.422773	2216500444.700	  14.375	8049
59921.423005	2216500443.800	   9.906	8049
59921.423120	2216500443.200	   7.227	8049
59921.423468	2216500441.700	   7.291	8049
59921.423583	2216500441.200	  15.427	8049
59921.423699	2216500440.600	   8.882	8049
59921.423815	2216500440.100	   9.706	8049
59921.423930	2216500439.400	   8.153	8049
59921.424046	2216500439.200	  15.553	8049
59921.424278	2216500438.100	  11.094	8049
59921.424393	2216500437.500	   9.243	8049
59921.424509	2216500437.000	   8.850	8049
59921.424625	2216500436.700	   8.573	8049
59921.424741	2216500436.200	   8.332	8049
59921.424856	2216500435.500	   6.379	8049
59921.425088	2216500434.600	   5.741	8049
59921.425204	2216500434.100	   9.947	8049
59921.425319	2216500433.700	   6.021	8049
59921.426245	2216500429.700	   6.116	8049
59921.426592	2216500428.200	   7.453	8049
59921.426940	2216500426.800	   9.743	8049
59921.427171	2216500425.800	   5.016	8049
59921.427518	2216500424.100	   7.002	8049
