59903.599843	2216499795.745	   6.598	8049
59903.599964	2216499794.845	   6.767	8049
59903.600086	2216499794.045	   6.560	8049
59903.600328	2216499792.445	   8.362	8049
59903.600449	2216499791.745	   6.942	8049
59903.600571	2216499790.745	  12.408	8049
59903.600692	2216499789.745	   9.421	8049
59903.600813	2216499789.045	  18.147	8049
59903.600935	2216499788.145	   9.049	8049
59903.601057	2216499787.145	  10.830	8049
59903.601300	2216499785.945	   5.317	8049
59903.601422	2216499784.845	  10.110	8049
59903.601543	2216499783.945	   8.423	8049
59903.601665	2216499783.245	  12.193	8049
59903.601787	2216499782.345	  13.557	8049
59903.602030	2216499780.645	   5.802	8049
59903.602151	2216499779.745	  10.393	8049
59903.602393	2216499778.045	  12.482	8049
59903.602515	2216499777.245	   9.453	8049
59903.602636	2216499776.745	   8.536	8049
59903.602758	2216499775.645	  12.976	8049
59903.603001	2216499774.445	   9.092	8049
59903.603123	2216499773.845	  12.633	8049
59903.603244	2216499773.145	  12.426	8049
59903.603366	2216499772.245	   5.015	8049
59903.603487	2216499771.645	   7.363	8049
59903.603609	2216499770.645	   6.366	8049
59903.603730	2216499770.145	   9.697	8049
59903.603973	2216499768.545	   5.496	8049
59903.604095	2216499767.845	   7.135	8049
59903.604217	2216499766.945	   9.291	8049
59903.604339	2216499766.745	   8.401	8049
59903.604460	2216499765.745	   5.998	8049
59903.604582	2216499764.845	   7.306	8049
59903.604704	2216499764.145	  11.692	8049
59903.604826	2216499763.545	   8.438	8049
59903.604947	2216499762.545	   6.131	8049
59903.605068	2216499761.745	  10.901	8049
59903.605190	2216499760.945	  19.632	8049
59903.605312	2216499760.145	  13.458	8049
59903.605433	2216499759.645	   7.725	8049
59903.605555	2216499758.745	  11.359	8049
59903.605676	2216499758.045	  18.661	8049
59903.605798	2216499757.145	  14.372	8049
59903.605920	2216499756.345	   5.768	8049
59903.606041	2216499755.645	   9.558	8049
59903.606162	2216499754.845	   5.674	8049
59903.606284	2216499754.045	  10.762	8049
59903.606405	2216499753.045	   8.436	8049
59903.606527	2216499752.345	   8.726	8049
59903.606649	2216499751.445	  12.440	8049
59903.606771	2216499750.745	  11.004	8049
59903.606892	2216499750.045	   6.106	8049
59903.607013	2216499749.245	   8.696	8049
59903.607135	2216499748.145	  11.107	8049
59903.607256	2216499747.645	  13.741	8049
59903.607378	2216499747.045	   7.626	8049
59903.607499	2216499746.045	  11.148	8049
59903.607620	2216499745.145	   8.898	8049
59903.607742	2216499744.345	  11.440	8049
59903.607863	2216499743.445	   6.994	8049
59903.607985	2216499743.045	   8.816	8049
59903.608107	2216499741.945	   7.778	8049
59903.608229	2216499741.045	  15.779	8049
59903.608351	2216499740.445	  17.399	8049
59903.608473	2216499739.445	   8.995	8049
59903.608595	2216499738.645	  11.601	8049
59903.608716	2216499737.745	  18.096	8049
59903.608838	2216499737.045	   8.615	8049
59903.608960	2216499736.045	  25.360	8049
59903.609081	2216499735.245	  15.667	8049
59903.609203	2216499734.445	  14.571	8049
59903.609325	2216499733.545	  10.754	8049
59903.609446	2216499732.945	  12.177	8049
59903.609567	2216499732.045	  12.727	8049
59903.609689	2216499731.145	  17.193	8049
59903.609811	2216499730.245	  14.809	8049
59903.609932	2216499729.045	   6.833	8049
59903.610054	2216499728.545	  11.222	8049
59903.610176	2216499727.645	  24.625	8049
59903.610298	2216499726.945	  12.738	8049
59903.610420	2216499726.045	  14.195	8049
59903.610541	2216499725.145	  11.909	8049
59903.610663	2216499724.345	   7.895	8049
59903.610785	2216499723.245	  20.623	8049
59903.610906	2216499722.445	  14.825	8049
59903.611028	2216499721.345	  12.493	8049
59903.611150	2216499720.745	  13.267	8049
59903.611271	2216499719.745	  15.384	8049
59903.611393	2216499719.200	   7.725	8049
59903.611514	2216499717.945	   8.945	8049
59903.611636	2216499717.045	  13.469	8049
59903.611758	2216499716.545	  19.587	8049
59903.611879	2216499715.245	  19.835	8049
59903.612001	2216499714.745	  18.457	8049
59903.612122	2216499713.745	  10.708	8049
59903.612244	2216499712.745	   9.258	8049
59903.612365	2216499711.800	  11.795	8049
59903.612487	2216499711.045	  12.163	8049
59903.612608	2216499710.145	  10.434	8049
59903.612730	2216499709.245	   9.223	8049
59903.612852	2216499708.245	   8.877	8049
59903.612973	2216499707.445	  22.809	8049
59903.613095	2216499706.345	  11.674	8049
59903.613216	2216499705.645	  20.935	8049
59903.613338	2216499704.445	  12.270	8049
59903.613460	2216499703.445	  10.679	8049
59903.613581	2216499702.545	   7.102	8049
59903.613704	2216499701.645	  10.893	8049
59903.613826	2216499700.745	  12.584	8049
59903.613948	2216499699.945	  10.941	8049
59903.614069	2216499699.045	  12.718	8049
59903.614191	2216499698.045	  14.945	8049
59903.614312	2216499697.145	  11.695	8049
59903.614434	2216499696.345	  29.993	8049
59903.614556	2216499695.545	  15.695	8049
59903.614678	2216499694.545	  13.563	8049
59903.614800	2216499693.445	  17.576	8049
59903.614921	2216499692.545	  13.571	8049
59903.615043	2216499691.645	   9.423	8049
59903.615165	2216499690.345	  11.105	8049
59903.615286	2216499689.600	  11.941	8049
59903.615408	2216499688.845	  13.211	8049
59903.615530	2216499687.845	  27.698	8049
59903.615651	2216499686.945	  14.268	8049
59903.615773	2216499686.200	   6.879	8049
59903.615895	2216499684.945	  12.141	8049
59903.616017	2216499683.945	  17.039	8049
59903.616139	2216499682.845	  10.795	8049
59903.616260	2216499681.945	  15.513	8049
59903.616382	2216499680.945	   9.807	8049
59903.616503	2216499680.145	  14.408	8049
59903.616625	2216499678.845	  18.669	8049
59903.616746	2216499678.045	  12.220	8049
59903.616867	2216499677.245	  25.084	8049
59903.616989	2216499676.145	  13.614	8049
59903.617110	2216499675.145	  13.088	8049
59903.617232	2216499674.545	   8.944	8049
59903.617354	2216499673.645	  17.039	8049
59903.617475	2216499672.645	  13.168	8049
59903.617597	2216499671.745	  13.380	8049
59903.617718	2216499671.300	   8.658	8049
59903.617840	2216499670.045	  16.132	8049
59903.617962	2216499669.000	  12.375	8049
59903.618084	2216499668.145	  11.290	8049
59903.618205	2216499667.800	  12.386	8049
59903.618327	2216499666.700	  13.600	8049
59903.618449	2216499665.800	  13.084	8049
59903.618571	2216499665.145	   9.045	8049
59903.618693	2216499664.145	   8.437	8049
59903.618814	2216499663.245	  14.565	8049
59903.618936	2216499662.045	   8.513	8049
59903.619057	2216499661.445	  22.310	8049
59903.619179	2216499660.645	  28.349	8049
59903.619300	2216499659.745	  10.930	8049
59903.619422	2216499658.845	   8.234	8049
59903.619543	2216499657.945	   9.072	8049
59903.619665	2216499657.145	  12.911	8049
59903.619786	2216499656.045	  12.818	8049
59903.619908	2216499655.145	  12.907	8049
59903.620029	2216499654.545	  10.934	8049
59903.620151	2216499653.600	  12.405	8049
59903.620273	2216499652.445	  13.468	8049
59903.620394	2216499651.600	  23.953	8049
59903.620516	2216499650.800	  11.894	8049
59903.620637	2216499649.845	  17.749	8049
59903.620759	2216499649.045	  16.101	8049
59903.620881	2216499648.045	  13.038	8049
59903.621002	2216499647.245	  31.876	8049
59903.621124	2216499646.345	   8.354	8049
59903.621246	2216499645.200	   9.063	8049
59903.621367	2216499644.300	  14.848	8049
59903.621489	2216499643.600	  22.929	8049
59903.621611	2216499642.745	  13.057	8049
59903.621733	2216499641.645	  14.480	8049
59903.621854	2216499640.600	  14.494	8049
59903.621975	2216499639.745	  11.645	8049
59903.622097	2216499639.145	   8.540	8049
59903.622218	2216499637.845	   9.205	8049
59903.622340	2216499637.145	  11.097	8049
59903.622461	2216499636.445	  10.179	8049
59903.622583	2216499635.145	   9.614	8049
59903.622704	2216499633.845	  10.959	8049
59903.622826	2216499633.545	   9.849	8049
59903.622947	2216499632.545	  10.276	8049
59903.623069	2216499631.745	  11.631	8049
59903.623191	2216499630.645	  18.099	8049
59903.623312	2216499629.345	  12.699	8049
59903.623434	2216499628.745	  12.763	8049
59903.623555	2216499627.445	  11.101	8049
59903.623677	2216499626.700	  11.720	8049
59903.623799	2216499625.500	  12.847	8049
59903.623921	2216499624.845	  12.121	8049
59903.624043	2216499623.945	  15.115	8049
59903.624164	2216499622.845	  12.711	8049
59903.624286	2216499622.145	  11.788	8049
59903.624407	2216499620.745	  16.071	8049
59903.624529	2216499620.145	  15.387	8049
59903.624650	2216499619.145	  15.181	8049
59903.624772	2216499618.000	  10.500	8049
59903.624893	2216499616.945	  15.442	8049
59903.625015	2216499616.245	   9.722	8049
59903.625136	2216499615.200	  10.091	8049
59903.625258	2216499614.245	  13.907	8049
59903.625380	2216499613.400	  11.699	8049
59903.625501	2216499612.245	  15.919	8049
59903.625622	2216499611.200	  20.790	8049
59903.625744	2216499610.245	  14.656	8049
59903.625865	2216499609.145	  16.456	8049
59903.625987	2216499608.545	  10.316	8049
59903.626108	2216499607.145	  13.432	8049
59903.626229	2216499606.445	  10.659	8049
59903.626351	2216499605.445	  17.231	8049
59903.626472	2216499604.345	  15.673	8049
59903.626594	2216499603.200	  10.231	8049
59903.626716	2216499602.145	  13.565	8049
59903.626838	2216499601.145	  17.551	8049
59903.626960	2216499600.145	   9.406	8049
59903.627081	2216499599.445	  10.295	8049
59903.627203	2216499598.345	   9.103	8049
59903.627325	2216499597.245	  12.942	8049
59903.627446	2216499596.245	  15.128	8049
59903.627568	2216499595.245	  24.123	8049
59903.627690	2216499594.445	  11.994	8049
59903.627811	2216499593.445	  19.308	8049
59903.627933	2216499592.445	  14.490	8049
59903.628054	2216499591.045	   8.500	8049
59903.628176	2216499590.245	  12.229	8049
59903.628297	2216499589.045	  13.913	8049
59903.628419	2216499588.345	   8.589	8049
59903.628540	2216499587.000	  10.220	8049
59903.628662	2216499585.945	  13.507	8049
59903.628783	2216499584.845	  11.004	8049
59903.628905	2216499583.845	  10.609	8049
59903.629026	2216499582.945	   9.027	8049
59903.629148	2216499581.745	  15.536	8049
59903.629270	2216499580.945	  13.231	8049
59903.629391	2216499579.845	  10.807	8049
59903.629513	2216499578.745	   6.575	8049
59903.629634	2216499577.845	   5.763	8049
59903.629756	2216499576.645	  15.023	8049
59903.629877	2216499575.845	   9.992	8049
59903.629999	2216499574.845	   7.217	8049
59903.630120	2216499573.345	  11.853	8049
59903.630242	2216499572.445	  11.848	8049
59903.630364	2216499571.345	  12.204	8049
59903.630485	2216499570.300	  16.387	8049
59903.630607	2216499569.545	  12.045	8049
59903.630728	2216499568.145	  14.852	8049
59903.630850	2216499567.145	  11.725	8049
59903.630971	2216499566.400	   6.816	8049
59903.631092	2216499564.745	  13.841	8049
59903.631213	2216499564.045	   8.423	8049
59903.631335	2216499562.845	  12.850	8049
59903.631456	2216499561.745	  10.937	8049
59903.631579	2216499560.245	   7.203	8049
59903.631701	2216499559.545	  15.784	8049
59903.631823	2216499558.445	   7.324	8049
59903.631945	2216499557.245	   6.066	8049
59903.632067	2216499556.145	  12.517	8049
59903.632189	2216499555.345	  11.758	8049
59903.632310	2216499554.345	   9.614	8049
59903.632431	2216499552.845	   8.487	8049
59903.632553	2216499552.145	  12.024	8049
59903.632675	2216499550.745	   8.763	8049
59903.632797	2216499550.145	  12.549	8049
59903.632919	2216499548.645	   5.721	8049
59903.633163	2216499546.945	  15.159	8049
59903.633408	2216499545.145	   6.213	8049
59903.633652	2216499543.145	   8.073	8049
59903.634018	2216499539.745	   8.255	8049
59903.634140	2216499539.145	   5.552	8049
59903.634505	2216499536.245	  11.627	8049
59903.634626	2216499535.245	   5.600	8049
59903.634748	2216499534.245	   7.867	8049
59903.635112	2216499530.945	   6.522	8049
59903.635234	2216499530.245	   8.815	8049
59903.635356	2216499529.345	  10.787	8049
59903.635599	2216499526.745	   5.066	8049
59903.635842	2216499525.345	   6.828	8049
59903.635964	2216499524.445	   5.774	8049
59903.636085	2216499523.045	   8.522	8049
59903.636329	2216499520.745	   5.349	8049
59903.636452	2216499520.245	   8.771	8049
59903.636576	2216499519.045	   6.958	8049
59903.636698	2216499518.045	   5.802	8049
59903.636820	2216499517.045	   7.435	8049
59903.636942	2216499515.945	   9.337	8049
59903.637063	2216499514.745	  10.875	8049
59903.637185	2216499513.745	  10.357	8049
59903.637307	2216499512.645	   5.454	8049
59903.637428	2216499511.545	  11.160	8049
59903.637550	2216499510.845	   5.790	8049
59903.637672	2216499509.645	   5.296	8049
59903.637794	2216499508.545	   7.039	8049
59903.638160	2216499505.745	  10.619	8049
59903.638647	2216499501.145	   6.210	8049
59903.638769	2216499500.345	   6.879	8049
59903.639012	2216499497.745	   8.794	8049
59903.639255	2216499496.045	   8.244	8049
59903.639377	2216499494.645	   6.978	8049
59903.639620	2216499492.845	   9.352	8049
59903.639741	2216499491.545	   9.008	8049
59903.639984	2216499489.445	   7.038	8049
59903.640106	2216499488.445	   6.551	8049
59903.640470	2216499485.245	   9.165	8049
59903.640591	2216499484.345	   6.710	8049
59903.640713	2216499482.945	   8.444	8049
59903.640834	2216499482.045	   5.662	8049
59903.640956	2216499480.945	   5.805	8049
59903.641198	2216499478.845	   7.541	8049
59903.641320	2216499477.645	   8.033	8049
59903.641442	2216499476.345	   5.979	8049
59903.641564	2216499475.445	  10.338	8049
59903.641687	2216499474.245	   6.638	8049
59903.641809	2216499473.345	   6.842	8049
59903.641931	2216499471.945	   6.872	8049
59903.642052	2216499470.845	  11.411	8049
59903.642174	2216499469.945	   8.854	8049
59903.642295	2216499468.645	  11.836	8049
59903.642538	2216499466.545	  10.230	8049
59903.642660	2216499465.245	   7.539	8049
59903.642903	2216499463.145	  11.176	8049
59903.643147	2216499460.845	  10.378	8049
59903.643268	2216499459.745	   6.604	8049
59903.643390	2216499458.945	  11.499	8049
59903.643512	2216499457.845	   7.872	8049
59903.643755	2216499455.445	   6.249	8049
59903.643999	2216499452.945	  14.337	8049
59903.644121	2216499452.145	   8.685	8049
59903.644242	2216499450.745	   5.554	8049
59903.644365	2216499449.745	   8.893	8049
59903.644487	2216499448.445	   9.583	8049
59903.644610	2216499447.345	   6.841	8049
59903.644732	2216499446.045	   6.141	8049
59903.644975	2216499444.045	   8.356	8049
59903.645097	2216499442.845	   6.209	8049
59903.645219	2216499441.945	  10.546	8049
59903.645341	2216499440.345	  10.659	8049
59903.645463	2216499439.345	  10.727	8049
59903.645584	2216499437.945	   8.266	8049
59903.645706	2216499436.745	   9.929	8049
59903.645827	2216499435.945	   9.488	8049
59903.645949	2216499434.645	  11.635	8049
59903.646071	2216499433.745	  19.712	8049
59903.646193	2216499432.345	  10.179	8049
59903.646315	2216499431.345	  13.558	8049
59903.646437	2216499430.145	   7.922	8049
59903.646558	2216499429.145	  16.494	8049
59903.646680	2216499427.745	   8.899	8049
59903.646802	2216499426.645	   9.535	8049
59903.646923	2216499425.545	  13.125	8049
59903.647045	2216499424.445	  10.658	8049
59903.647167	2216499423.045	  11.847	8049
59903.647288	2216499422.045	  20.350	8049
59903.647410	2216499420.445	   9.394	8049
59903.647532	2216499419.345	   9.392	8049
59903.647654	2216499418.545	   9.473	8049
59903.647776	2216499417.245	  11.316	8049
59903.647898	2216499416.045	   9.634	8049
59903.648019	2216499414.845	  18.046	8049
59903.648141	2216499413.745	  18.216	8049
59903.648263	2216499412.345	   8.560	8049
59903.648384	2216499411.145	  10.470	8049
59903.648506	2216499409.945	  10.455	8049
59903.648628	2216499408.745	   8.845	8049
59903.648749	2216499407.545	   9.681	8049
59903.648871	2216499406.745	   6.857	8049
59903.648993	2216499405.245	  15.091	8049
59903.649115	2216499404.145	  11.294	8049
59903.649237	2216499402.745	   6.419	8049
59903.649358	2216499401.345	  12.153	8049
59903.649480	2216499400.445	  14.997	8049
59903.649602	2216499399.345	   6.289	8049
59903.649724	2216499398.545	   9.335	8049
59903.649845	2216499397.345	  25.990	8049
59903.649967	2216499395.945	   9.783	8049
59903.650089	2216499395.045	  12.472	8049
59903.650210	2216499394.045	  12.561	8049
59903.650332	2216499392.945	  12.914	8049
59903.650453	2216499392.045	  10.437	8049
59903.650574	2216499390.445	   9.613	8049
59903.650696	2216499389.545	  15.325	8049
59903.650817	2216499388.445	  15.846	8049
59903.650938	2216499387.545	  17.710	8049
59903.651060	2216499386.345	  11.985	8049
59903.651181	2216499385.145	  14.012	8049
59903.651303	2216499384.045	   8.580	8049
59903.651424	2216499382.745	   9.945	8049
59903.651546	2216499381.745	  11.896	8049
59903.651667	2216499380.945	  13.365	8049
59903.651788	2216499379.645	  19.577	8049
59903.651910	2216499378.545	  14.561	8049
59903.652031	2216499377.145	  15.943	8049
59903.652153	2216499376.545	  12.553	8049
59903.652274	2216499375.345	   8.206	8049
59903.652396	2216499374.545	   7.985	8049
59903.652517	2216499372.945	   8.949	8049
59903.652638	2216499371.645	  11.855	8049
59903.652760	2216499370.645	   8.518	8049
59903.652881	2216499369.645	  14.721	8049
59903.653003	2216499368.345	  15.414	8049
59903.653124	2216499367.245	  13.026	8049
59903.653246	2216499366.045	  11.511	8049
59903.653367	2216499365.245	   9.360	8049
59903.653489	2216499363.845	   7.416	8049
59903.653611	2216499362.945	   9.006	8049
59903.653732	2216499361.545	  14.354	8049
59903.653854	2216499360.545	  10.305	8049
59903.653976	2216499359.545	   8.409	8049
59903.654097	2216499358.245	  12.606	8049
59903.654219	2216499357.145	   9.292	8049
59903.654341	2216499355.845	  12.229	8049
59903.654462	2216499354.545	   8.680	8049
59903.654584	2216499353.745	  19.645	8049
59903.654706	2216499352.545	  12.359	8049
59903.654827	2216499351.345	   7.511	8049
59903.654949	2216499350.045	  10.497	8049
59903.655070	2216499348.845	  12.840	8049
59903.655192	2216499347.845	   5.995	8049
59903.655313	2216499346.945	  11.973	8049
59903.655435	2216499345.145	  10.255	8049
59903.655556	2216499344.145	  11.933	8049
59903.655678	2216499342.945	  10.285	8049
59903.655800	2216499341.845	  11.775	8049
59903.655921	2216499341.045	  10.633	8049
59903.656042	2216499339.545	   9.165	8049
59903.656164	2216499338.345	   9.630	8049
59903.656285	2216499337.245	  13.890	8049
59903.656407	2216499336.045	  10.535	8049
59903.656528	2216499334.945	  13.776	8049
59903.656650	2216499333.845	   8.056	8049
59903.656771	2216499332.345	   8.003	8049
59903.656893	2216499331.445	   6.760	8049
59903.657014	2216499330.345	  10.797	8049
59903.657135	2216499329.245	  15.868	8049
59903.657257	2216499327.545	   8.297	8049
59903.657378	2216499326.645	  12.286	8049
59903.657500	2216499325.345	  13.429	8049
59903.657622	2216499324.545	   7.265	8049
59903.657743	2216499322.945	   9.368	8049
59903.657865	2216499321.845	  10.250	8049
59903.657986	2216499320.745	  11.801	8049
59903.658108	2216499319.445	  25.000	8049
59903.658229	2216499318.245	  10.021	8049
59903.658350	2216499316.845	  13.672	8049
59903.658471	2216499315.745	  17.846	8049
59903.658593	2216499314.645	   7.681	8049
59903.658714	2216499313.545	  13.922	8049
59903.658835	2216499312.545	   9.485	8049
59903.658957	2216499311.245	  12.420	8049
59903.659078	2216499309.745	  12.385	8049
59903.659200	2216499308.745	  17.642	8049
59903.659322	2216499307.245	   8.033	8049
59903.659443	2216499306.145	  14.249	8049
59903.659565	2216499304.945	  12.098	8049
59903.659687	2216499303.845	  13.057	8049
59903.659809	2216499302.545	  11.077	8049
59903.659930	2216499301.200	  13.317	8049
59903.660051	2216499300.145	  11.352	8049
59903.660173	2216499298.845	   8.016	8049
59903.660294	2216499297.745	  16.258	8049
59903.660415	2216499296.545	  11.702	8049
59903.660537	2216499295.245	   9.569	8049
59903.660658	2216499294.045	   8.518	8049
59903.660779	2216499293.045	   6.642	8049
59903.660901	2216499291.245	   8.138	8049
59903.661022	2216499290.345	  16.405	8049
59903.661143	2216499289.045	   8.753	8049
59903.661265	2216499288.045	  10.652	8049
59903.661386	2216499287.045	  13.105	8049
59903.661507	2216499285.145	   8.497	8049
59903.661629	2216499284.245	  13.359	8049
59903.661750	2216499283.145	  22.772	8049
59903.661872	2216499281.645	  20.525	8049
59903.661993	2216499280.245	  11.040	8049
59903.662115	2216499279.345	  10.049	8049
59903.662237	2216499277.945	   8.279	8049
59903.662358	2216499276.845	  18.874	8049
59903.662480	2216499275.245	   9.703	8049
59903.662602	2216499274.445	  12.402	8049
59903.662724	2216499273.145	  12.232	8049
59903.662845	2216499271.845	  13.077	8049
59903.662967	2216499270.745	  13.952	8049
59903.663088	2216499269.345	   6.140	8049
59903.663210	2216499267.745	  10.257	8049
59903.663331	2216499266.745	   8.172	8049
59903.663453	2216499265.345	   8.144	8049
59903.663575	2216499264.245	   9.676	8049
59903.663697	2216499262.945	   8.844	8049
59903.663818	2216499261.445	   9.567	8049
59903.663939	2216499260.245	  17.254	8049
59903.664061	2216499259.345	   7.543	8049
59903.664182	2216499257.745	   6.243	8049
59903.664304	2216499256.845	  10.162	8049
59903.664425	2216499255.245	  12.186	8049
59903.664547	2216499254.245	  12.488	8049
59903.664668	2216499252.645	  16.803	8049
59903.664789	2216499251.745	   9.270	8049
59903.664911	2216499250.345	   8.059	8049
59903.665032	2216499249.245	   8.058	8049
59903.665154	2216499247.745	   8.411	8049
59903.665275	2216499246.445	   8.248	8049
59903.665397	2216499245.445	  14.565	8049
59903.665518	2216499243.945	   9.382	8049
59903.665640	2216499242.445	  10.914	8049
59903.665761	2216499241.345	  10.183	8049
59903.665883	2216499240.045	  12.944	8049
59903.666005	2216499238.645	  10.124	8049
59903.666127	2216499237.545	   9.480	8049
59903.666248	2216499236.245	  11.455	8049
59903.666370	2216499235.045	   7.764	8049
59903.666491	2216499233.845	  11.341	8049
59903.666613	2216499232.245	   9.438	8049
59903.666735	2216499230.945	  15.843	8049
59903.666856	2216499229.645	   7.202	8049
59903.666978	2216499228.345	  13.292	8049
59903.667099	2216499227.345	   6.826	8049
59903.667221	2216499225.745	  11.701	8049
59903.667343	2216499224.545	   7.283	8049
59903.667464	2216499223.245	  14.457	8049
59903.667586	2216499222.045	  11.728	8049
59903.667707	2216499220.845	  11.818	8049
59903.667829	2216499219.345	  10.790	8049
59903.667950	2216499218.145	   9.706	8049
59903.668072	2216499217.145	   9.750	8049
59903.668194	2216499215.745	  11.702	8049
59903.668315	2216499214.345	   8.592	8049
59903.668436	2216499213.445	  12.723	8049
59903.668558	2216499212.045	  11.351	8049
59903.668679	2216499211.500	   9.413	8049
59903.668801	2216499209.645	  12.811	8049
59903.668923	2216499208.445	  20.105	8049
59903.669044	2216499207.445	   8.388	8049
59903.669166	2216499206.145	   8.597	8049
59903.669288	2216499205.045	  12.869	8049
59903.669410	2216499203.745	   9.919	8049
59903.669532	2216499202.345	  14.757	8049
59903.669653	2216499201.145	  12.066	8049
59903.669775	2216499199.945	  11.342	8049
59903.669896	2216499198.745	  15.924	8049
59903.670017	2216499197.445	  14.130	8049
59903.670139	2216499196.445	  21.198	8049
59903.670260	2216499195.145	  11.173	8049
59903.670382	2216499193.945	  16.356	8049
59903.670503	2216499192.545	  14.292	8049
59903.670625	2216499191.245	   9.026	8049
59903.670746	2216499189.945	  14.613	8049
59903.670867	2216499188.945	  13.213	8049
59903.670989	2216499187.745	  13.850	8049
59903.671110	2216499186.345	   9.128	8049
59903.671232	2216499185.345	  18.349	8049
59903.671354	2216499183.945	  14.525	8049
59903.671475	2216499182.945	   8.729	8049
59903.671597	2216499181.445	  14.027	8049
59903.671718	2216499180.400	   8.947	8049
59903.671840	2216499178.945	   9.865	8049
59903.671962	2216499177.645	  12.062	8049
59903.672084	2216499176.945	   8.326	8049
59903.672205	2216499175.245	  19.634	8049
59903.672327	2216499174.145	  12.218	8049
59903.672448	2216499172.845	  15.789	8049
59903.672570	2216499171.345	   7.532	8049
59903.672692	2216499170.145	  13.972	8049
59903.672813	2216499168.845	  10.200	8049
59903.672934	2216499167.645	   7.958	8049
59903.673056	2216499166.845	  10.382	8049
59903.673177	2216499165.045	  14.198	8049
59903.673299	2216499163.900	   8.153	8049
59903.673420	2216499162.845	   9.034	8049
59903.673541	2216499161.645	   9.454	8049
59903.673663	2216499160.345	  11.738	8049
59903.673784	2216499159.245	  11.946	8049
59903.673906	2216499157.745	  14.205	8049
59903.674027	2216499156.645	  13.049	8049
59903.674149	2216499155.245	  11.244	8049
59903.674271	2216499153.845	  12.911	8049
59903.674393	2216499152.645	  15.282	8049
59903.674515	2216499151.645	  11.433	8049
59903.674636	2216499149.845	   8.666	8049
59903.674758	2216499148.745	   9.445	8049
59903.674879	2216499147.545	  13.256	8049
59903.675001	2216499146.045	   8.345	8049
59903.675122	2216499145.045	  19.413	8049
59903.675244	2216499143.445	  10.220	8049
59903.675366	2216499142.345	  13.758	8049
59903.675488	2216499141.245	  19.786	8049
59903.675609	2216499140.045	  15.220	8049
59903.675730	2216499138.645	   9.646	8049
59903.675852	2216499137.245	  12.999	8049
59903.675973	2216499136.145	  17.524	8049
59903.676095	2216499134.945	   8.833	8049
59903.676216	2216499133.545	  10.036	8049
59903.676338	2216499132.145	  10.870	8049
59903.676459	2216499130.845	  16.733	8049
59903.676581	2216499129.645	  11.894	8049
59903.676702	2216499128.545	  12.458	8049
59903.676824	2216499127.045	  10.090	8049
59903.676945	2216499125.545	   9.715	8049
59903.677066	2216499124.345	  20.722	8049
59903.677188	2216499123.145	   9.770	8049
59903.677309	2216499121.945	  13.698	8049
59903.677431	2216499120.845	  15.904	8049
59903.677552	2216499119.445	   9.961	8049
59903.677673	2216499117.645	   8.213	8049
59903.677795	2216499116.845	  10.435	8049
59903.677916	2216499115.545	   7.381	8049
59903.678038	2216499114.045	  14.860	8049
59903.678160	2216499112.945	  19.240	8049
59903.678281	2216499111.645	  15.707	8049
59903.678403	2216499109.945	   6.816	8049
59903.678524	2216499108.845	   9.135	8049
59903.678646	2216499107.245	   7.448	8049
59903.678767	2216499106.245	  17.487	8049
59903.678889	2216499104.745	   9.840	8049
59903.679010	2216499103.645	  17.873	8049
59903.679132	2216499102.345	  15.254	8049
59903.679254	2216499100.945	  11.015	8049
59903.679375	2216499099.645	  12.396	8049
59903.679497	2216499098.345	   7.370	8049
59903.679618	2216499097.045	  13.722	8049
59903.679740	2216499095.845	  11.197	8049
59903.679861	2216499094.645	   9.379	8049
59903.679983	2216499093.145	  13.875	8049
59903.680104	2216499091.645	  10.528	8049
59903.680226	2216499090.245	  16.067	8049
59903.680347	2216499088.645	   6.530	8049
59903.680469	2216499087.645	  10.249	8049
59903.680590	2216499086.245	  11.320	8049
59903.680712	2216499085.245	  12.560	8049
59903.680833	2216499083.745	  15.216	8049
59903.680955	2216499082.345	  10.997	8049
59903.681076	2216499081.045	  12.793	8049
59903.681198	2216499079.845	  13.520	8049
59903.681319	2216499078.445	  16.774	8049
59903.681440	2216499077.145	  11.282	8049
59903.681562	2216499075.745	  15.764	8049
59903.681684	2216499074.745	   7.558	8049
59903.681805	2216499073.045	   8.757	8049
59903.681927	2216499071.945	  12.066	8049
59903.682048	2216499070.245	  11.073	8049
59903.682170	2216499068.845	   9.306	8049
59903.682291	2216499068.045	  13.087	8049
59903.682412	2216499066.345	  10.360	8049
59903.682534	2216499065.145	   7.352	8049
59903.682655	2216499063.645	   8.798	8049
59903.682776	2216499062.445	   9.902	8049
59903.682897	2216499061.045	  10.314	8049
59903.683019	2216499059.745	   8.095	8049
59903.683140	2216499058.145	   9.096	8049
59903.683262	2216499056.745	  14.948	8049
59903.683383	2216499056.045	  10.662	8049
59903.683505	2216499054.445	  10.435	8049
59903.683627	2216499052.845	  12.956	8049
59903.683749	2216499051.845	  11.492	8049
59903.683871	2216499050.245	   7.437	8049
59903.683992	2216499049.045	  14.698	8049
59903.684114	2216499047.445	  20.258	8049
59903.684235	2216499046.145	  12.224	8049
59903.684356	2216499044.945	  11.660	8049
59903.684478	2216499043.445	   7.641	8049
59903.684599	2216499042.445	  12.301	8049
59903.684720	2216499040.545	   9.173	8049
59903.684841	2216499039.345	  14.588	8049
59903.684963	2216499038.045	   9.786	8049
59903.685084	2216499036.645	  11.802	8049
59903.685206	2216499035.245	  19.107	8049
59903.685327	2216499033.945	  13.217	8049
59903.685449	2216499032.545	  13.216	8049
59903.685571	2216499031.245	   9.521	8049
59903.685692	2216499029.845	   6.699	8049
59903.685814	2216499028.345	  10.441	8049
59903.685936	2216499026.945	  15.563	8049
59903.686057	2216499026.045	   9.008	8049
59903.686179	2216499024.145	   8.736	8049
59903.686300	2216499022.945	   9.432	8049
59903.686422	2216499021.445	  13.179	8049
59903.686543	2216499020.145	  10.062	8049
59903.686665	2216499018.845	  10.430	8049
59903.686786	2216499017.800	   8.194	8049
59903.686908	2216499016.145	   8.523	8049
59903.687029	2216499014.445	   7.668	8049
59903.687151	2216499013.345	   9.628	8049
59903.687272	2216499011.945	  18.347	8049
59903.687394	2216499010.245	   8.765	8049
59903.687515	2216499009.145	   9.606	8049
59903.687637	2216499007.745	  15.064	8049
59903.687758	2216499006.145	   8.190	8049
59903.687879	2216499004.845	  11.806	8049
59903.688001	2216499003.445	  17.805	8049
59903.688122	2216499002.345	  12.324	8049
59903.688244	2216499000.845	  11.578	8049
59903.688365	2216498999.300	  11.803	8049
59903.688487	2216498998.045	  15.262	8049
59903.688608	2216498996.845	  13.449	8049
59903.688730	2216498995.545	  17.369	8049
59903.688851	2216498993.745	  13.057	8049
59903.688973	2216498992.745	   8.534	8049
59903.689095	2216498991.100	   9.745	8049
59903.689216	2216498989.745	  11.780	8049
59903.689338	2216498988.345	   9.560	8049
59903.689459	2216498987.245	  11.126	8049
59903.689580	2216498985.545	   7.474	8049
59903.689702	2216498984.345	  11.229	8049
59903.689824	2216498983.045	  10.142	8049
59903.689945	2216498981.845	   9.368	8049
59903.690067	2216498980.245	  10.499	8049
59903.690188	2216498979.145	   8.303	8049
59903.690309	2216498978.045	  15.959	8049
59903.690431	2216498976.445	  11.679	8049
59903.690553	2216498975.145	  11.083	8049
59903.690674	2216498974.045	   9.373	8049
59903.690796	2216498972.745	   8.289	8049
59903.690917	2216498971.645	  11.052	8049
59903.691039	2216498970.145	  14.449	8049
59903.691160	2216498968.745	  11.297	8049
59903.691282	2216498967.245	  11.262	8049
59903.691404	2216498965.945	   6.843	8049
59903.691526	2216498964.445	   9.697	8049
59903.691647	2216498963.545	   9.387	8049
59903.691769	2216498961.645	   8.383	8049
59903.691890	2216498960.945	  16.160	8049
59903.692012	2216498959.445	   9.977	8049
59903.692133	2216498958.145	  13.353	8049
59903.692254	2216498956.845	   8.991	8049
59903.692376	2216498955.645	  10.676	8049
59903.692497	2216498953.845	   8.073	8049
59903.692618	2216498952.545	   9.674	8049
59903.692740	2216498951.245	  10.680	8049
59903.692862	2216498949.800	  12.742	8049
59903.692983	2216498948.645	  18.454	8049
59903.693105	2216498947.245	  12.729	8049
59903.693226	2216498945.745	  12.399	8049
59903.693348	2216498944.745	  16.034	8049
59903.693470	2216498943.445	  16.260	8049
59903.693591	2216498941.945	  13.219	8049
59903.693713	2216498940.745	   8.484	8049
59903.693834	2216498939.045	   7.584	8049
59903.693956	2216498937.845	   8.285	8049
59903.694077	2216498936.445	   9.403	8049
59903.694199	2216498935.145	  12.542	8049
59903.694321	2216498934.145	  10.890	8049
59903.694442	2216498932.645	   7.801	8049
59903.694564	2216498931.145	   7.465	8049
59903.694685	2216498929.645	  11.222	8049
59903.694807	2216498928.245	  14.158	8049
59903.694928	2216498927.145	  11.229	8049
59903.695050	2216498925.645	  14.385	8049
59903.695171	2216498924.745	  11.042	8049
59903.695293	2216498923.245	  15.260	8049
59903.695414	2216498921.645	  16.111	8049
59903.695536	2216498920.245	   9.760	8049
59903.695657	2216498918.945	  11.828	8049
59903.695779	2216498917.545	   8.339	8049
59903.695900	2216498916.545	   7.543	8049
59903.696022	2216498914.645	   7.826	8049
59903.696143	2216498913.645	   8.998	8049
59903.696265	2216498911.945	   8.818	8049
59903.696386	2216498911.045	   8.133	8049
59903.696508	2216498909.145	   9.961	8049
59903.696629	2216498908.145	   9.808	8049
59903.696751	2216498906.745	   9.467	8049
59903.696873	2216498905.345	  14.885	8049
59903.696994	2216498903.845	  12.634	8049
59903.697116	2216498902.545	   9.761	8049
59903.697237	2216498901.245	   8.667	8049
59903.697358	2216498899.945	   8.810	8049
59903.697480	2216498898.545	  13.661	8049
59903.697601	2216498897.045	  10.445	8049
59903.697723	2216498895.645	  10.739	8049
59903.697844	2216498894.445	   8.776	8049
59903.697966	2216498893.245	   9.076	8049
59903.698087	2216498891.645	  11.045	8049
59903.698209	2216498890.145	  12.191	8049
59903.698331	2216498889.145	  15.675	8049
59903.698452	2216498887.745	   6.931	8049
59903.698574	2216498886.045	  14.068	8049
59903.698695	2216498884.445	  15.019	8049
59903.698817	2216498883.345	  10.863	8049
59903.698938	2216498881.745	  10.580	8049
59903.699060	2216498880.945	   7.452	8049
59903.699182	2216498879.145	  14.337	8049
59903.699303	2216498877.600	   8.900	8049
59903.699424	2216498876.645	  10.946	8049
59903.699546	2216498874.745	  14.850	8049
59903.699667	2216498873.945	  10.247	8049
59903.699788	2216498872.245	   8.714	8049
59903.699909	2216498870.900	  15.014	8049
59903.700031	2216498869.345	   7.129	8049
59903.700152	2216498868.045	  10.267	8049
59903.700274	2216498866.745	   9.642	8049
59903.700395	2216498865.445	  18.185	8049
59903.700516	2216498864.045	  10.733	8049
59903.700638	2216498862.445	  15.621	8049
59903.700759	2216498860.845	  12.092	8049
59903.700881	2216498859.745	  11.722	8049
59903.701002	2216498858.445	   9.236	8049
59903.701123	2216498857.045	   8.976	8049
59903.701245	2216498855.745	   7.893	8049
59903.701366	2216498854.345	   9.668	8049
59903.701488	2216498852.745	  15.420	8049
59903.701609	2216498851.345	  16.235	8049
59903.701731	2216498850.045	   8.428	8049
59903.701852	2216498848.645	  11.237	8049
59903.701974	2216498847.145	   7.763	8049
59903.702095	2216498845.645	  11.426	8049
59903.702216	2216498844.645	  10.713	8049
59903.702338	2216498843.245	   7.549	8049
59903.702460	2216498841.745	   9.047	8049
59903.702581	2216498840.345	  12.351	8049
59903.702703	2216498838.745	  13.787	8049
59903.702824	2216498837.445	   7.683	8049
59903.702945	2216498836.345	   6.591	8049
59903.703067	2216498834.645	  14.634	8049
59903.703188	2216498833.245	  23.466	8049
59903.703310	2216498831.945	   8.835	8049
59903.703431	2216498830.545	  13.424	8049
59903.703553	2216498829.345	   8.503	8049
59903.703674	2216498827.645	  11.963	8049
59903.703796	2216498826.445	  12.176	8049
59903.703917	2216498824.745	  18.646	8049
59903.704039	2216498823.745	  11.801	8049
59903.704160	2216498822.045	  10.509	8049
59903.704282	2216498820.545	  14.564	8049
59903.704403	2216498819.245	  12.834	8049
59903.704524	2216498817.645	   7.513	8049
59903.704646	2216498816.545	   9.097	8049
59903.704767	2216498814.745	   8.416	8049
59903.704888	2216498813.445	  13.210	8049
59903.705010	2216498812.045	   9.587	8049
59903.705131	2216498810.545	  14.932	8049
59903.705252	2216498808.945	   8.869	8049
59903.705373	2216498807.845	  12.865	8049
59903.705495	2216498806.645	   8.240	8049
59903.705616	2216498805.245	  17.378	8049
59903.705738	2216498803.845	  11.693	8049
59903.705860	2216498802.245	  11.486	8049
59903.705981	2216498800.645	   9.113	8049
59903.706103	2216498799.445	   7.484	8049
59903.706225	2216498797.745	  12.021	8049
59903.706346	2216498796.445	   7.723	8049
59903.706468	2216498795.045	   7.303	8049
59903.706589	2216498793.445	   9.121	8049
59903.706711	2216498792.045	  11.911	8049
59903.706832	2216498790.645	   8.510	8049
59903.706954	2216498789.645	   9.177	8049
59903.707075	2216498787.845	  11.850	8049
59903.707197	2216498786.645	   7.848	8049
59903.707319	2216498785.145	   9.436	8049
59903.707440	2216498783.745	   9.197	8049
59903.707562	2216498782.245	   8.208	8049
59903.707684	2216498780.945	  10.280	8049
59903.707805	2216498779.945	   6.048	8049
59903.707927	2216498777.545	   6.543	8049
59903.708048	2216498776.545	  10.235	8049
59903.708170	2216498775.045	   9.148	8049
59903.708291	2216498773.645	   7.873	8049
59903.708413	2216498772.445	  11.748	8049
59903.708534	2216498770.945	  11.295	8049
59903.708656	2216498769.545	  11.650	8049
59903.708777	2216498767.845	   8.990	8049
59903.708899	2216498766.445	  12.912	8049
59903.709020	2216498764.945	  11.018	8049
59903.709142	2216498763.345	  16.953	8049
59903.709263	2216498762.245	   7.189	8049
59903.709384	2216498760.745	  12.477	8049
59903.709506	2216498759.245	  11.549	8049
59903.709627	2216498758.245	  12.678	8049
59903.709748	2216498756.345	  10.463	8049
59903.709869	2216498754.945	  18.914	8049
59903.709990	2216498753.745	  10.863	8049
59903.710112	2216498751.645	   9.437	8049
59903.710233	2216498750.645	  12.921	8049
59903.710355	2216498749.345	  19.271	8049
59903.710476	2216498747.645	   9.284	8049
59903.710597	2216498746.245	  10.881	8049
59903.710719	2216498745.245	  16.030	8049
59903.710840	2216498743.545	   8.704	8049
59903.710962	2216498741.945	   7.453	8049
59903.711083	2216498740.645	  11.046	8049
59903.711204	2216498739.145	  10.383	8049
59903.711326	2216498737.645	  12.378	8049
59903.711447	2216498736.745	   6.301	8049
59903.711568	2216498734.945	  11.985	8049
59903.711690	2216498733.545	   9.925	8049
59903.711811	2216498732.045	  12.009	8049
59903.711933	2216498730.545	  13.004	8049
59903.712054	2216498729.345	  13.454	8049
59903.712176	2216498727.845	  11.641	8049
59903.712297	2216498726.545	   9.781	8049
59903.712419	2216498724.745	   9.170	8049
59903.712540	2216498723.445	  10.320	8049
59903.712662	2216498722.245	   6.631	8049
59903.712783	2216498720.445	   9.318	8049
59903.712905	2216498719.145	  13.962	8049
59903.713026	2216498717.445	  10.277	8049
59903.713147	2216498716.245	  15.246	8049
59903.713269	2216498714.245	   8.432	8049
59903.713390	2216498713.345	   9.668	8049
59903.713512	2216498711.645	  13.874	8049
59903.713634	2216498710.445	   7.224	8049
59903.713755	2216498708.845	  10.448	8049
59903.713877	2216498707.545	  11.703	8049
59903.713998	2216498705.945	   9.427	8049
59903.714119	2216498704.445	  12.778	8049
59903.714241	2216498702.845	  11.916	8049
59903.714362	2216498701.645	   9.927	8049
59903.714484	2216498699.845	   9.560	8049
59903.714605	2216498698.445	   9.415	8049
59903.714726	2216498697.145	  11.535	8049
59903.714847	2216498695.545	   8.110	8049
59903.714969	2216498694.245	   8.141	8049
59903.715090	2216498692.745	  14.328	8049
59903.715211	2216498691.245	   7.561	8049
59903.715332	2216498689.545	   8.323	8049
59903.715454	2216498688.545	   6.819	8049
59903.715575	2216498686.845	   9.757	8049
59903.715697	2216498685.245	  12.136	8049
59903.715818	2216498684.145	   7.226	8049
59903.715940	2216498682.745	   7.834	8049
59903.716061	2216498681.245	   7.306	8049
59903.716183	2216498679.245	   9.859	8049
59903.716304	2216498678.145	   9.485	8049
59903.716426	2216498676.845	  15.106	8049
59903.716548	2216498675.445	   8.978	8049
59903.716669	2216498673.745	  10.333	8049
59903.716791	2216498672.445	  12.009	8049
59903.716912	2216498670.745	   7.484	8049
59903.717034	2216498669.545	   6.725	8049
59903.717155	2216498667.545	   9.293	8049
59903.717277	2216498666.545	   5.554	8049
59903.717398	2216498665.345	   7.576	8049
59903.717520	2216498663.345	   9.819	8049
59903.717641	2216498662.145	   9.220	8049
59903.717763	2216498660.545	  11.999	8049
59903.717884	2216498659.145	  15.269	8049
59903.718005	2216498657.445	  10.200	8049
59903.718127	2216498655.945	   7.678	8049
59903.718248	2216498655.045	  13.120	8049
59903.718370	2216498653.145	  10.226	8049
59903.718491	2216498651.645	   9.311	8049
59903.718613	2216498650.245	  13.703	8049
59903.718734	2216498648.545	   9.619	8049
59903.718855	2216498647.645	   8.483	8049
59903.718977	2216498646.045	   9.457	8049
59903.719098	2216498644.645	   8.235	8049
59903.719220	2216498643.345	   8.290	8049
59903.719341	2216498641.545	   6.835	8049
59903.719463	2216498640.245	  13.121	8049
59903.719584	2216498638.645	  12.228	8049
59903.719706	2216498637.445	  16.319	8049
59903.719827	2216498635.945	  11.297	8049
59903.719949	2216498634.345	   8.623	8049
59903.720070	2216498633.445	  10.886	8049
59903.720191	2216498631.545	  10.746	8049
59903.720313	2216498630.145	  10.007	8049
59903.720435	2216498629.000	  12.337	8049
59903.720556	2216498627.245	  16.983	8049
59903.720678	2216498625.945	  16.338	8049
59903.720799	2216498624.445	  12.885	8049
59903.720921	2216498622.945	  11.657	8049
59903.721042	2216498621.745	  10.610	8049
59903.721163	2216498620.545	  14.140	8049
59903.721285	2216498618.845	  14.882	8049
59903.721406	2216498617.445	  13.899	8049
59903.721528	2216498616.045	  10.214	8049
59903.721649	2216498614.345	   7.663	8049
59903.721771	2216498613.145	   9.463	8049
59903.721892	2216498611.445	   8.785	8049
59903.722013	2216498609.845	  13.763	8049
59903.722135	2216498608.745	  10.129	8049
59903.722256	2216498607.200	   8.839	8049
59903.722377	2216498605.645	  21.134	8049
59903.722499	2216498604.445	  16.122	8049
59903.722620	2216498602.745	   8.594	8049
59903.722742	2216498601.345	   6.624	8049
59903.722863	2216498600.145	  13.401	8049
59903.722985	2216498598.945	   8.224	8049
59903.723106	2216498597.345	   9.886	8049
59903.723228	2216498595.745	   9.070	8049
59903.723349	2216498594.045	  10.554	8049
59903.723471	2216498592.645	  13.403	8049
59903.723592	2216498591.245	  18.491	8049
59903.723713	2216498589.845	   7.283	8049
59903.723835	2216498588.245	  15.395	8049
59903.723957	2216498586.945	  11.118	8049
59903.724078	2216498585.645	   9.265	8049
59903.724200	2216498584.145	  10.611	8049
59903.724321	2216498582.445	   7.069	8049
59903.724443	2216498581.245	  10.430	8049
59903.724564	2216498579.745	  12.139	8049
59903.724685	2216498578.445	  10.764	8049
59903.724807	2216498577.045	   8.448	8049
59903.724928	2216498575.745	  11.630	8049
59903.725050	2216498574.045	  13.452	8049
59903.725172	2216498572.345	   9.030	8049
59903.725293	2216498571.245	   9.413	8049
59903.725414	2216498569.645	  10.433	8049
59903.725536	2216498568.245	   9.441	8049
59903.725657	2216498566.845	  19.322	8049
59903.725778	2216498565.045	  10.834	8049
59903.725900	2216498564.345	   8.664	8049
59903.726022	2216498562.545	   9.930	8049
59903.726143	2216498560.945	   6.824	8049
59903.726265	2216498559.645	   8.209	8049
59903.726386	2216498558.145	  10.568	8049
59903.726508	2216498556.745	  11.698	8049
59903.726629	2216498555.345	   8.632	8049
59903.726751	2216498553.945	   9.498	8049
59903.726872	2216498551.845	   6.796	8049
59903.726994	2216498550.745	  11.467	8049
59903.727115	2216498549.345	   7.816	8049
59903.727236	2216498548.045	   7.677	8049
59903.727357	2216498546.545	   9.044	8049
59903.727479	2216498544.945	   9.451	8049
59903.727600	2216498543.745	   7.865	8049
59903.727721	2216498542.245	   8.995	8049
59903.727842	2216498540.545	   7.618	8049
59903.727964	2216498539.245	  11.799	8049
59903.728085	2216498537.645	   9.580	8049
59903.728207	2216498536.145	   8.793	8049
59903.728328	2216498534.845	   7.868	8049
59903.728450	2216498533.645	   7.768	8049
59903.728571	2216498531.945	   8.206	8049
59903.728692	2216498530.045	  13.481	8049
59903.728814	2216498529.045	  12.532	8049
59903.728935	2216498527.545	  10.623	8049
59903.729057	2216498526.245	  16.229	8049
59903.729178	2216498524.545	  15.617	8049
59903.729299	2216498522.845	  12.472	8049
59903.729421	2216498521.745	  11.306	8049
59903.729542	2216498520.045	   7.248	8049
59903.729663	2216498518.845	   7.940	8049
59903.729784	2216498517.145	  12.138	8049
59903.729905	2216498516.045	  11.304	8049
59903.730027	2216498514.245	  13.364	8049
59903.730148	2216498512.945	   9.925	8049
59903.730269	2216498511.145	   7.850	8049
59903.730390	2216498510.145	  10.617	8049
59903.730512	2216498508.145	   9.505	8049
59903.730633	2216498507.045	  15.743	8049
59903.730755	2216498505.745	  20.798	8049
59903.730876	2216498504.145	  15.216	8049
59903.730998	2216498503.045	   9.803	8049
59903.731119	2216498501.045	  15.182	8049
59903.731240	2216498499.845	   5.564	8049
59903.731362	2216498498.445	  10.762	8049
59903.731483	2216498496.945	  13.918	8049
59903.731605	2216498495.545	   9.644	8049
59903.731726	2216498494.045	   9.618	8049
59903.731847	2216498492.745	   7.880	8049
59903.731968	2216498491.445	  13.249	8049
59903.732090	2216498489.845	  11.010	8049
59903.732211	2216498488.445	  11.270	8049
59903.732332	2216498486.645	  12.743	8049
59903.732454	2216498485.445	   8.918	8049
59903.732576	2216498483.900	   9.891	8049
59903.732697	2216498482.245	  12.424	8049
59903.732818	2216498481.145	   8.507	8049
59903.732940	2216498479.645	   8.113	8049
59903.733061	2216498478.345	   6.781	8049
59903.733183	2216498476.245	   7.230	8049
59903.733304	2216498474.845	  10.806	8049
59903.733425	2216498473.745	   7.677	8049
59903.733547	2216498472.145	  17.135	8049
59903.733668	2216498470.745	   6.772	8049
59903.733790	2216498469.145	   8.722	8049
59903.733911	2216498468.045	   9.017	8049
59903.734033	2216498466.345	  17.885	8049
59903.734154	2216498465.145	  10.210	8049
59903.734275	2216498463.745	   8.582	8049
59903.734397	2216498462.300	   9.671	8049
59903.734518	2216498460.345	   8.827	8049
59903.734639	2216498459.045	   7.301	8049
59903.734761	2216498457.745	  14.171	8049
59903.734882	2216498456.245	  10.390	8049
59903.735004	2216498454.545	   8.040	8049
59903.735125	2216498453.045	  10.217	8049
59903.735246	2216498451.545	   9.463	8049
59903.735368	2216498450.345	  11.701	8049
59903.735489	2216498449.045	  13.183	8049
59903.735611	2216498447.445	  12.916	8049
59903.735732	2216498446.045	   9.712	8049
59903.735854	2216498444.345	  11.651	8049
59903.735975	2216498443.345	  10.691	8049
59903.736097	2216498441.545	  15.585	8049
59903.736218	2216498440.045	  11.759	8049
59903.736340	2216498438.545	  20.408	8049
59903.736462	2216498437.145	  18.724	8049
59903.736583	2216498435.745	   9.598	8049
59903.736705	2216498434.445	   9.271	8049
59903.736826	2216498432.645	   9.707	8049
59903.736948	2216498431.445	   9.126	8049
59903.737070	2216498429.945	  13.271	8049
59903.737191	2216498428.045	  10.287	8049
59903.737312	2216498426.845	   7.957	8049
59903.737434	2216498425.345	  15.067	8049
59903.737555	2216498424.145	  13.554	8049
59903.737677	2216498422.400	  11.567	8049
59903.737799	2216498421.145	   8.168	8049
59903.737920	2216498419.745	   8.803	8049
59903.738042	2216498418.045	   7.681	8049
59903.738163	2216498416.945	   9.490	8049
59903.738285	2216498415.100	  15.624	8049
59903.738406	2216498413.600	   8.453	8049
59903.738528	2216498412.400	  10.128	8049
59903.738650	2216498410.945	  10.218	8049
59903.738771	2216498409.345	  13.088	8049
59903.738893	2216498407.945	  12.961	8049
59903.739014	2216498406.645	  10.950	8049
59903.739136	2216498405.145	  13.403	8049
59903.739257	2216498403.445	  14.249	8049
59903.739379	2216498402.245	   8.063	8049
59903.739500	2216498400.500	  10.930	8049
59903.739621	2216498399.345	   7.476	8049
59903.739743	2216498397.745	   8.555	8049
59903.739865	2216498396.045	  12.032	8049
59903.739986	2216498394.700	  13.010	8049
59903.740108	2216498392.945	   7.794	8049
59903.740229	2216498391.500	  12.959	8049
59903.740351	2216498390.145	   8.756	8049
59903.740472	2216498388.645	  15.159	8049
59903.740593	2216498387.300	  15.595	8049
59903.740715	2216498385.945	  14.917	8049
59903.740837	2216498384.300	  10.582	8049
59903.740958	2216498382.845	  11.559	8049
59903.741080	2216498381.545	  12.113	8049
59903.741201	2216498379.700	  11.223	8049
59903.741322	2216498378.600	   9.692	8049
59903.741444	2216498377.000	   8.205	8049
59903.741565	2216498375.900	  10.818	8049
59903.741687	2216498374.300	  16.742	8049
59903.741809	2216498372.645	   9.604	8049
59903.741930	2216498371.245	   9.833	8049
59903.742052	2216498370.245	  10.887	8049
59903.742174	2216498368.445	  19.214	8049
59903.742295	2216498366.945	  11.804	8049
59903.742417	2216498365.545	  10.393	8049
59903.742538	2216498363.800	   8.956	8049
59903.742659	2216498362.500	  12.345	8049
59903.742781	2216498361.145	   7.298	8049
59903.742903	2216498359.600	  19.046	8049
59903.743024	2216498357.945	  13.299	8049
59903.743146	2216498356.745	  10.289	8049
59903.743268	2216498355.145	  11.377	8049
59903.743389	2216498353.645	   7.834	8049
59903.743511	2216498352.300	  10.144	8049
59903.743632	2216498351.045	  10.083	8049
59903.743753	2216498349.645	  18.312	8049
59903.743875	2216498347.645	  13.954	8049
59903.743997	2216498346.245	   7.805	8049
59903.744119	2216498344.900	  12.305	8049
59903.744240	2216498343.245	  13.594	8049
59903.744362	2216498342.045	  11.677	8049
59903.744484	2216498340.445	   9.043	8049
59903.744605	2216498338.945	  13.743	8049
59903.744727	2216498337.500	   9.627	8049
59903.744848	2216498336.045	   9.217	8049
59903.744970	2216498334.600	   8.650	8049
59903.745091	2216498333.300	   9.518	8049
59903.745213	2216498331.845	  13.818	8049
59903.745334	2216498330.245	  12.312	8049
59903.745456	2216498329.045	   8.635	8049
59903.745577	2216498327.345	  13.080	8049
59903.745699	2216498325.945	   9.779	8049
59903.745820	2216498324.245	  10.401	8049
59903.745942	2216498323.000	   7.648	8049
59903.746063	2216498321.600	  11.916	8049
59903.746185	2216498319.900	   9.473	8049
59903.746306	2216498318.500	  18.229	8049
59903.746427	2216498316.900	  14.092	8049
59903.746549	2216498315.300	  11.122	8049
59903.746670	2216498314.045	   9.035	8049
59903.746791	2216498312.745	  10.187	8049
59903.746913	2216498310.700	   8.800	8049
59903.747034	2216498309.445	  10.773	8049
59903.747155	2216498307.900	  13.033	8049
59903.747277	2216498306.600	   7.974	8049
59903.747399	2216498304.845	  12.216	8049
59903.747520	2216498303.845	   7.590	8049
59903.747642	2216498301.900	  16.652	8049
59903.747764	2216498300.545	   8.304	8049
59903.747885	2216498299.245	   8.483	8049
59903.748007	2216498297.200	  11.994	8049
59903.748128	2216498295.700	   6.825	8049
59903.748250	2216498294.300	  12.970	8049
59903.748371	2216498293.445	  14.901	8049
59903.748493	2216498291.700	   9.183	8049
59903.748615	2216498289.645	  14.178	8049
59903.748736	2216498288.645	  10.257	8049
59903.748858	2216498286.900	   9.694	8049
59903.748979	2216498285.600	   9.352	8049
59903.749100	2216498284.045	   9.220	8049
59903.749222	2216498282.600	  10.609	8049
59903.749343	2216498281.045	  12.431	8049
59903.749465	2216498279.245	   6.572	8049
59903.749586	2216498277.745	  10.695	8049
59903.749708	2216498276.300	   9.467	8049
59903.749829	2216498274.900	   9.294	8049
59903.749951	2216498273.145	   7.935	8049
59903.750072	2216498272.245	  16.907	8049
59903.750194	2216498270.300	  12.043	8049
59903.750315	2216498268.745	   7.430	8049
59903.750437	2216498267.545	  10.137	8049
59903.750558	2216498265.945	   6.959	8049
59903.750680	2216498264.145	   7.864	8049
59903.750802	2216498263.100	  16.585	8049
59903.750923	2216498261.445	  20.042	8049
59903.751044	2216498259.845	   9.273	8049
59903.751166	2216498258.245	  12.655	8049
59903.751287	2216498257.045	   9.663	8049
59903.751408	2216498255.545	  11.922	8049
59903.751529	2216498253.945	   9.469	8049
59903.751650	2216498252.445	   8.617	8049
59903.751772	2216498251.045	  14.547	8049
59903.751893	2216498249.745	   7.877	8049
59903.752014	2216498248.100	  13.960	8049
59903.752135	2216498246.345	   8.320	8049
59903.752257	2216498244.645	   8.756	8049
59903.752378	2216498243.100	  16.043	8049
59903.752500	2216498241.845	  10.213	8049
59903.752621	2216498240.545	   8.570	8049
59903.752743	2216498238.745	  12.039	8049
59903.752864	2216498237.645	  10.824	8049
59903.752986	2216498235.645	   7.985	8049
59903.753107	2216498234.445	  12.712	8049
59903.753229	2216498232.945	   9.992	8049
59903.753350	2216498231.545	   9.456	8049
59903.753472	2216498230.245	   8.581	8049
59903.753593	2216498228.500	  10.231	8049
59903.753714	2216498226.945	   8.189	8049
59903.753835	2216498225.445	  12.386	8049
59903.753956	2216498224.345	  10.424	8049
59903.754078	2216498222.445	   6.385	8049
59903.754200	2216498220.945	  10.276	8049
59903.754321	2216498219.600	  10.916	8049
59903.754442	2216498218.145	  11.903	8049
59903.754564	2216498216.545	   6.446	8049
59903.754685	2216498215.345	  10.517	8049
59903.754806	2216498213.445	   7.800	8049
59903.754928	2216498212.345	   9.351	8049
59903.755050	2216498210.145	   8.717	8049
59903.755172	2216498209.145	  18.872	8049
59903.755293	2216498207.745	  12.697	8049
59903.755415	2216498206.345	  11.057	8049
59903.755537	2216498204.545	  13.164	8049
59903.755658	2216498203.045	   7.216	8049
59903.755779	2216498201.845	   8.275	8049
59903.755901	2216498200.245	  10.352	8049
59903.756022	2216498198.745	   7.330	8049
59903.756144	2216498197.145	  12.981	8049
59903.756265	2216498195.645	  11.849	8049
59903.756387	2216498194.045	   9.077	8049
59903.756508	2216498192.645	   9.507	8049
59903.756629	2216498191.545	   7.098	8049
59903.756751	2216498189.545	  10.504	8049
59903.756872	2216498188.545	   5.405	8049
59903.756994	2216498186.700	  10.988	8049
59903.757115	2216498185.400	   8.465	8049
59903.757237	2216498183.900	   9.800	8049
59903.757358	2216498182.000	   7.805	8049
59903.757480	2216498180.800	  14.034	8049
59903.757601	2216498179.500	  15.250	8049
59903.757723	2216498178.000	   8.929	8049
59903.757844	2216498176.400	   9.368	8049
59903.757966	2216498174.700	  11.271	8049
59903.758087	2216498173.445	   8.000	8049
59903.758209	2216498171.445	  10.502	8049
59903.758330	2216498170.500	  16.431	8049
59903.758452	2216498169.000	   7.813	8049
59903.758573	2216498167.300	  12.985	8049
59903.758694	2216498165.700	   7.740	8049
59903.758815	2216498164.800	   6.777	8049
59903.758937	2216498163.000	   8.929	8049
59903.759058	2216498161.400	   9.026	8049
59903.759179	2216498160.400	  10.707	8049
59903.759300	2216498158.700	  13.420	8049
59903.759422	2216498157.300	   8.449	8049
59903.759543	2216498155.800	   7.863	8049
59903.759664	2216498153.900	   7.852	8049
59903.759786	2216498152.600	   6.859	8049
59903.759907	2216498151.100	  11.753	8049
59903.760029	2216498149.800	  22.297	8049
59903.760150	2216498148.100	   8.597	8049
59903.760272	2216498147.000	  10.005	8049
59903.760393	2216498145.200	   9.134	8049
59903.760515	2216498143.900	  10.428	8049
59903.760636	2216498142.700	   8.247	8049
59903.760757	2216498140.900	   9.338	8049
59903.760879	2216498139.400	   7.389	8049
59903.761000	2216498138.000	  12.131	8049
59903.761122	2216498136.400	  11.640	8049
59903.761243	2216498135.000	   9.232	8049
59903.761364	2216498133.300	   6.759	8049
59903.761486	2216498132.200	  17.007	8049
59903.761607	2216498130.600	  15.222	8049
59903.761728	2216498129.200	  10.483	8049
59903.761850	2216498127.800	   8.245	8049
59903.761971	2216498126.500	  12.615	8049
59903.762093	2216498124.900	  16.922	8049
59903.762214	2216498123.300	   8.891	8049
59903.762336	2216498121.500	   7.227	8049
59903.762458	2216498120.300	  13.451	8049
59903.762579	2216498119.100	  11.169	8049
59903.762701	2216498117.300	  11.086	8049
59903.762822	2216498115.900	  13.115	8049
59903.762944	2216498114.400	  21.653	8049
59903.763065	2216498113.200	  11.613	8049
59903.763186	2216498111.300	   7.823	8049
59903.763308	2216498110.100	  15.127	8049
59903.763429	2216498108.800	  12.014	8049
59903.763551	2216498107.000	   8.310	8049
59903.763672	2216498105.700	  17.247	8049
59903.763794	2216498104.100	   9.144	8049
59903.763916	2216498102.700	  11.319	8049
59903.764038	2216498101.200	  15.894	8049
59903.764159	2216498099.700	   7.979	8049
59903.764281	2216498098.400	  12.150	8049
59903.764403	2216498096.700	  12.913	8049
59903.764524	2216498095.700	   7.315	8049
59903.764645	2216498093.900	   8.212	8049
59903.764767	2216498092.700	  17.098	8049
59903.764889	2216498090.900	  10.687	8049
59903.765010	2216498089.800	  11.851	8049
59903.765131	2216498088.200	   7.582	8049
59903.765253	2216498086.700	  11.471	8049
59903.765375	2216498085.000	   7.134	8049
59903.765496	2216498083.900	  12.314	8049
59903.765618	2216498082.400	   9.784	8049
59903.765739	2216498080.600	   9.038	8049
59903.765860	2216498079.400	  11.819	8049
59903.765982	2216498077.700	  12.765	8049
59903.766103	2216498076.500	  14.100	8049
59903.766224	2216498074.900	  10.307	8049
59903.766346	2216498073.700	  10.697	8049
59903.766467	2216498072.000	  12.958	8049
59903.766589	2216498070.700	  11.322	8049
59903.766710	2216498069.400	   8.173	8049
59903.766831	2216498067.800	  10.043	8049
59903.766952	2216498066.400	  13.481	8049
59903.767074	2216498064.800	  16.596	8049
59903.767196	2216498063.400	  16.386	8049
59903.767317	2216498061.900	   8.552	8049
59903.767439	2216498062.100	   9.888	8049
59903.767560	2216498061.100	   8.548	8049
59903.767682	2216498059.400	  13.746	8049
59903.767803	2216498057.900	  16.944	8049
59903.767925	2216498056.500	  22.176	8049
59903.768047	2216498055.345	   8.143	8049
59903.768168	2216498053.500	  15.929	8049
59903.768290	2216498051.800	   9.866	8049
59903.768412	2216498050.500	   9.537	8049
59903.768533	2216498049.200	   9.342	8049
59903.768655	2216498047.600	   8.783	8049
59903.768777	2216498045.900	  11.476	8049
59903.768899	2216498044.400	  13.204	8049
59903.769020	2216498043.100	  19.607	8049
59903.769142	2216498041.800	   7.745	8049
59903.769263	2216498040.000	   9.571	8049
59903.769384	2216498038.845	   9.083	8049
59903.769506	2216498037.000	   8.107	8049
59903.769627	2216498035.500	   7.750	8049
59903.769749	2216498034.200	  12.766	8049
59903.769870	2216498032.700	  10.374	8049
59903.769992	2216498031.200	  11.270	8049
59903.770113	2216498029.600	   6.023	8049
59903.770235	2216498028.300	  11.911	8049
59903.770357	2216498026.900	   5.925	8049
59903.770478	2216498025.100	  13.865	8049
59903.770600	2216498023.500	  10.845	8049
59903.770722	2216498022.200	  12.051	8049
59903.770843	2216498020.900	   9.891	8049
59903.770965	2216498019.145	  17.475	8049
59903.771086	2216498017.400	  11.793	8049
59903.771208	2216498016.400	  13.125	8049
59903.771329	2216498014.200	  14.722	8049
59903.771451	2216498012.845	  15.694	8049
59903.771573	2216498011.645	  14.216	8049
59903.771694	2216498009.945	  12.140	8049
59903.771816	2216498008.345	  14.850	8049
59903.771937	2216498007.245	  10.810	8049
59903.772059	2216498005.545	  11.027	8049
59903.772180	2216498004.045	  11.186	8049
59903.772302	2216498002.445	  18.577	8049
59903.772423	2216498000.845	  10.634	8049
59903.772545	2216497999.500	  10.919	8049
59903.772667	2216497997.745	  12.796	8049
59903.772788	2216497996.300	  15.299	8049
59903.772909	2216497994.945	  11.502	8049
59903.773031	2216497993.200	   9.930	8049
59903.773152	2216497991.645	  11.066	8049
59903.773274	2216497990.145	  12.675	8049
59903.773395	2216497988.500	  10.612	8049
59903.773516	2216497986.945	   8.807	8049
59903.773638	2216497985.745	  15.018	8049
59903.773759	2216497984.500	   8.303	8049
59903.773880	2216497983.145	  10.852	8049
59903.774002	2216497981.945	  11.708	8049
59903.774123	2216497980.545	   9.465	8049
59903.774245	2216497978.900	  14.054	8049
59903.774366	2216497977.300	  14.242	8049
59903.774488	2216497976.000	   6.791	8049
59903.774609	2216497974.900	  10.533	8049
59903.774730	2216497973.400	  12.942	8049
59903.774852	2216497971.900	   9.916	8049
59903.774974	2216497970.645	  13.325	8049
59903.775095	2216497969.500	  10.182	8049
59903.775217	2216497967.745	  14.780	8049
59903.775339	2216497966.500	  12.223	8049
59903.775460	2216497965.000	  13.073	8049
59903.775582	2216497963.700	  12.288	8049
59903.775703	2216497962.500	  10.853	8049
59903.775825	2216497960.845	   9.818	8049
59903.775947	2216497959.545	  15.492	8049
59903.776068	2216497958.000	  12.700	8049
59903.776190	2216497956.400	  10.979	8049
59903.776311	2216497955.100	  10.462	8049
59903.776433	2216497953.900	   7.594	8049
59903.776554	2216497952.400	  15.922	8049
59903.776676	2216497950.900	  11.476	8049
59903.776797	2216497949.245	   9.504	8049
59903.776919	2216497948.045	  11.326	8049
59903.777040	2216497946.500	  17.101	8049
59903.777162	2216497945.245	  11.378	8049
59903.777283	2216497944.045	  17.246	8049
59903.777405	2216497942.245	   7.886	8049
59903.777526	2216497941.000	  11.864	8049
59903.777648	2216497939.600	   8.782	8049
59903.777769	2216497938.400	   9.235	8049
59903.777890	2216497936.645	  10.282	8049
59903.778012	2216497935.600	   9.677	8049
59903.778133	2216497934.045	  10.939	8049
59903.778255	2216497932.445	   8.663	8049
59903.778377	2216497930.900	   8.140	8049
59903.778498	2216497929.645	  17.883	8049
59903.778620	2216497928.045	  12.399	8049
59903.778742	2216497926.545	  14.954	8049
59903.778863	2216497925.200	  12.138	8049
59903.778985	2216497924.145	  14.699	8049
59903.779106	2216497922.345	  13.411	8049
59903.779228	2216497921.245	  15.997	8049
59903.779349	2216497919.600	  14.936	8049
59903.779471	2216497918.245	   9.620	8049
59903.779592	2216497916.700	  13.354	8049
59903.779714	2216497915.000	   8.412	8049
59903.779835	2216497913.900	  11.682	8049
59903.779956	2216497912.400	  16.023	8049
59903.780078	2216497910.945	  22.054	8049
59903.780199	2216497909.345	  16.330	8049
59903.780321	2216497908.000	   9.049	8049
59903.780443	2216497906.245	   9.551	8049
59903.780564	2216497905.100	  10.005	8049
59903.780686	2216497903.645	  10.140	8049
59903.780808	2216497902.245	   9.697	8049
59903.780929	2216497900.900	   9.977	8049
59903.781050	2216497899.345	  15.984	8049
59903.781172	2216497897.645	   9.842	8049
59903.781294	2216497896.245	   8.316	8049
59903.781415	2216497894.945	  10.164	8049
59903.781536	2216497893.445	   9.285	8049
59903.781658	2216497892.245	   7.687	8049
59903.781780	2216497890.745	   7.553	8049
59903.781901	2216497888.945	   8.741	8049
59903.782022	2216497887.245	   9.096	8049
59903.782144	2216497885.845	   6.463	8049
59903.782266	2216497884.645	  18.890	8049
59903.782388	2216497882.845	  12.771	8049
59903.782510	2216497881.645	   8.487	8049
59903.782632	2216497880.445	   8.600	8049
59903.782753	2216497878.645	  14.702	8049
59903.782875	2216497877.445	  15.348	8049
59903.782996	2216497875.845	  10.314	8049
59903.783118	2216497874.345	  12.126	8049
59903.783239	2216497872.745	  10.481	8049
59903.783361	2216497871.145	  15.322	8049
59903.783482	2216497869.745	   7.483	8049
59903.783604	2216497868.145	  10.646	8049
59903.783725	2216497866.545	   6.546	8049
59903.783847	2216497865.345	  13.388	8049
59903.783968	2216497864.045	  11.104	8049
59903.784089	2216497862.545	   8.609	8049
59903.784211	2216497860.645	   9.131	8049
59903.784332	2216497859.645	   8.682	8049
59903.784453	2216497858.145	  10.380	8049
59903.784575	2216497856.345	  10.608	8049
59903.784696	2216497855.045	   8.626	8049
59903.784817	2216497853.445	   8.648	8049
59903.784939	2216497851.445	   9.244	8049
59903.785060	2216497850.545	   6.390	8049
59903.785182	2216497848.845	  10.830	8049
59903.785303	2216497847.545	   9.562	8049
59903.785424	2216497846.145	   9.391	8049
59903.785546	2216497844.245	  10.515	8049
59903.785667	2216497843.045	  15.697	8049
59903.785789	2216497841.245	   8.207	8049
59903.785910	2216497839.945	  10.839	8049
59903.786032	2216497838.345	   8.465	8049
59903.786153	2216497836.645	   6.789	8049
59903.786274	2216497835.545	   8.714	8049
59903.786396	2216497834.345	   9.128	8049
59903.786517	2216497833.045	  13.979	8049
59903.786639	2216497831.345	  10.807	8049
59903.786760	2216497830.245	  11.764	8049
59903.786881	2216497828.445	   7.107	8049
59903.787003	2216497827.745	  11.315	8049
59903.787125	2216497826.245	  12.447	8049
59903.787246	2216497824.845	  16.042	8049
59903.787368	2216497823.545	   9.065	8049
59903.787489	2216497821.945	   8.459	8049
59903.787611	2216497820.145	  12.421	8049
59903.787732	2216497819.045	  10.505	8049
59903.787853	2216497818.145	   6.608	8049
59903.787975	2216497816.345	  13.258	8049
59903.788096	2216497815.045	  13.352	8049
59903.788218	2216497813.745	  12.088	8049
59903.788339	2216497812.545	   8.949	8049
59903.788461	2216497811.145	   8.148	8049
59903.788582	2216497809.345	   9.285	8049
59903.788704	2216497808.045	  11.541	8049
59903.788825	2216497807.145	  10.000	8049
59903.788946	2216497805.445	  13.201	8049
59903.789068	2216497804.445	   7.726	8049
59903.789189	2216497802.545	  10.901	8049
59903.789311	2216497801.445	  11.908	8049
59903.789432	2216497800.045	  11.688	8049
59903.789554	2216497798.645	   9.624	8049
59903.789675	2216497797.245	   8.764	8049
59903.789796	2216497795.845	  11.597	8049
59903.789918	2216497794.545	   9.724	8049
59903.790039	2216497792.845	   6.465	8049
59903.790161	2216497791.545	   7.101	8049
59903.790283	2216497790.545	  10.113	8049
59903.790404	2216497788.945	  11.274	8049
59903.790525	2216497787.345	  16.029	8049
59903.790647	2216497786.445	   6.849	8049
59903.790768	2216497784.445	   5.691	8049
59903.790890	2216497783.245	  14.242	8049
59903.791011	2216497781.845	  11.646	8049
59903.791133	2216497780.645	  10.974	8049
59903.791254	2216497779.045	  24.049	8049
59903.791376	2216497777.745	   9.134	8049
59903.791497	2216497776.545	  13.183	8049
59903.791618	2216497775.045	  13.174	8049
59903.791740	2216497773.745	   8.398	8049
59903.791861	2216497772.145	   7.780	8049
59903.791982	2216497770.645	   7.750	8049
59903.792103	2216497769.245	  15.294	8049
59903.792225	2216497767.845	   8.668	8049
59903.792346	2216497766.545	  17.697	8049
59903.792467	2216497765.345	  10.527	8049
59903.792589	2216497763.645	  10.053	8049
59903.792710	2216497762.245	  13.455	8049
59903.792832	2216497760.645	   7.634	8049
59903.792953	2216497759.145	  17.334	8049
59903.793074	2216497757.745	   7.980	8049
59903.793196	2216497756.245	  10.629	8049
59903.793317	2216497754.845	  10.693	8049
59903.793438	2216497753.645	   8.559	8049
59903.793560	2216497752.245	  15.084	8049
59903.793682	2216497751.145	   7.179	8049
59903.793803	2216497749.445	  10.102	8049
59903.793924	2216497747.845	   9.187	8049
59903.794045	2216497746.445	  13.978	8049
59903.794167	2216497745.445	  13.987	8049
59903.794288	2216497743.845	  14.121	8049
59903.794409	2216497742.345	  12.664	8049
59903.794530	2216497741.145	  16.426	8049
59903.794651	2216497739.245	  11.679	8049
59903.794773	2216497738.145	   8.872	8049
59903.794894	2216497736.645	  12.911	8049
59903.795015	2216497735.245	  15.436	8049
59903.795136	2216497733.745	  12.915	8049
59903.795258	2216497732.445	   8.777	8049
59903.795379	2216497730.445	   8.439	8049
59903.795501	2216497729.545	   9.181	8049
59903.795623	2216497728.045	   7.304	8049
59903.795744	2216497726.745	  11.709	8049
59903.795865	2216497725.045	  12.445	8049
59903.795987	2216497723.645	   6.524	8049
59903.796108	2216497722.045	  10.107	8049
59903.796230	2216497720.845	   9.832	8049
59903.796352	2216497719.345	   9.941	8049
59903.796473	2216497717.845	  11.422	8049
59903.796595	2216497716.145	   9.502	8049
59903.796716	2216497715.045	  15.238	8049
59903.796838	2216497713.745	   8.149	8049
59903.796959	2216497712.045	  10.139	8049
59903.797081	2216497710.545	  11.257	8049
59903.797202	2216497708.845	   8.169	8049
59903.797324	2216497707.545	  13.771	8049
59903.797445	2216497705.845	   7.634	8049
59903.797567	2216497704.145	  18.642	8049
59903.797688	2216497702.645	  10.877	8049
59903.797810	2216497701.745	   7.645	8049
59903.797931	2216497699.845	   9.001	8049
59903.798053	2216497698.645	   9.171	8049
59903.798174	2216497696.845	   5.459	8049
59903.798297	2216497695.345	   9.254	8049
59903.798418	2216497694.245	   5.513	8049
59903.798540	2216497692.645	  10.333	8049
59903.798661	2216497691.245	  11.176	8049
59903.798782	2216497689.845	  11.846	8049
59903.798904	2216497688.445	   5.773	8049
59903.799025	2216497687.445	   8.983	8049
59903.799147	2216497686.145	   8.798	8049
59903.799268	2216497684.545	  15.407	8049
59903.799389	2216497683.045	  10.620	8049
59903.799511	2216497682.045	  12.501	8049
59903.799632	2216497680.445	   9.859	8049
59903.799753	2216497679.445	   9.263	8049
59903.799874	2216497678.045	  10.194	8049
59903.799996	2216497676.845	  11.241	8049
59903.800118	2216497675.245	   8.588	8049
59903.800239	2216497673.945	   7.816	8049
59903.800361	2216497672.545	  10.689	8049
59903.800483	2216497671.045	   5.751	8049
59903.800604	2216497670.045	   7.343	8049
59903.800725	2216497668.845	  10.560	8049
59903.800847	2216497667.345	  12.591	8049
59903.800968	2216497665.845	   9.782	8049
59903.801090	2216497664.445	   9.484	8049
59903.801211	2216497663.345	   6.665	8049
59903.801333	2216497662.245	  11.020	8049
59903.801454	2216497660.545	   6.025	8049
59903.801576	2216497659.445	  12.453	8049
59903.801697	2216497658.345	  11.191	8049
59903.801818	2216497656.845	   8.456	8049
59903.801939	2216497656.045	  10.011	8049
59903.802061	2216497654.145	   9.082	8049
59903.802182	2216497652.745	   6.524	8049
59903.802304	2216497651.545	  10.743	8049
59903.802425	2216497649.745	   8.971	8049
59903.802546	2216497648.945	  12.818	8049
59903.802668	2216497647.345	  10.295	8049
59903.802789	2216497646.145	  14.155	8049
59903.802911	2216497644.645	  11.047	8049
59903.803032	2216497643.345	   8.486	8049
59903.803154	2216497641.845	  12.265	8049
59903.803275	2216497640.745	   6.707	8049
59903.803397	2216497639.345	   9.888	8049
59903.803518	2216497638.145	   6.814	8049
59903.803640	2216497636.345	  13.317	8049
59903.803761	2216497635.045	   9.574	8049
59903.803883	2216497634.145	  15.114	8049
59903.804004	2216497632.745	  10.486	8049
59903.804125	2216497630.845	   9.407	8049
59903.804247	2216497629.745	  11.265	8049
59903.804368	2216497628.445	  11.370	8049
59903.804490	2216497626.945	   5.954	8049
59903.804612	2216497625.745	  13.592	8049
59903.804854	2216497622.945	  11.984	8049
59903.804976	2216497621.145	   7.252	8049
59903.805097	2216497620.045	   8.959	8049
59903.805219	2216497618.945	   7.138	8049
59903.805340	2216497617.345	   9.023	8049
59903.805463	2216497616.245	   6.205	8049
59903.805586	2216497614.745	  10.261	8049
59903.805709	2216497613.145	   8.241	8049
59903.805954	2216497610.545	   8.550	8049
59903.806076	2216497609.445	   7.119	8049
59903.806198	2216497607.745	  12.956	8049
59903.806320	2216497606.345	  10.747	8049
59903.806442	2216497604.845	   7.642	8049
59903.806564	2216497603.345	   6.307	8049
59903.806685	2216497602.045	  10.254	8049
59903.806806	2216497600.845	   7.875	8049
59903.806929	2216497599.345	   9.490	8049
59903.807052	2216497597.845	   9.924	8049
59903.807175	2216497596.345	  10.515	8049
59903.807297	2216497595.045	   9.707	8049
59903.807419	2216497593.545	   6.819	8049
59903.807542	2216497592.145	  10.552	8049
59903.807665	2216497591.045	   9.968	8049
59903.807787	2216497589.445	   9.403	8049
59903.807908	2216497587.300	   5.820	8049
59903.808030	2216497586.945	   9.873	8049
59903.808151	2216497585.545	   7.067	8049
59903.808273	2216497583.800	   8.262	8049
59903.808394	2216497582.645	   9.551	8049
59903.808516	2216497581.145	   6.936	8049
59903.808638	2216497579.745	  18.153	8049
59903.808760	2216497578.045	   6.817	8049
59903.808881	2216497576.745	   5.820	8049
59903.809002	2216497575.545	   6.392	8049
59903.809124	2216497574.045	  19.619	8049
59903.809246	2216497572.645	  10.992	8049
59903.809368	2216497571.445	  10.918	8049
59903.809490	2216497570.045	   8.838	8049
59903.809612	2216497568.545	   7.340	8049
59903.809734	2216497567.245	  10.422	8049
59903.809977	2216497564.345	  10.788	8049
59903.810099	2216497563.045	   6.675	8049
59903.810220	2216497561.545	  11.664	8049
59903.810342	2216497560.245	   7.632	8049
59903.810464	2216497558.545	   8.825	8049
59903.810585	2216497557.345	  16.887	8049
59903.810707	2216497555.745	   8.368	8049
59903.810829	2216497554.345	   8.019	8049
59903.810951	2216497552.645	   6.664	8049
59903.811073	2216497551.345	   9.462	8049
59903.811195	2216497550.245	   6.100	8049
59903.811438	2216497549.100	   7.015	8049
59903.811559	2216497546.045	   5.216	8049
59903.811681	2216497544.945	   9.428	8049
59903.811803	2216497543.245	   6.223	8049
59903.811925	2216497542.145	   8.545	8049
59903.812047	2216497540.945	   9.264	8049
59903.812169	2216497539.445	   9.391	8049
59903.812291	2216497538.245	   8.832	8049
59903.812413	2216497537.345	  16.269	8049
59903.812535	2216497535.845	  10.602	8049
59903.812657	2216497534.245	   7.701	8049
59903.812778	2216497533.345	   7.737	8049
59903.812899	2216497531.745	   9.140	8049
59903.813021	2216497530.645	   8.141	8049
59903.813142	2216497529.045	   9.721	8049
59903.813264	2216497527.945	   9.892	8049
59903.813385	2216497526.645	  19.351	8049
59903.813507	2216497525.145	  13.980	8049
59903.813628	2216497523.945	  13.187	8049
59903.813751	2216497522.645	  11.847	8049
59903.813872	2216497521.345	   5.988	8049
59903.813994	2216497520.245	   8.877	8049
59903.814115	2216497519.045	  10.395	8049
59903.814237	2216497517.545	   8.781	8049
59903.814359	2216497515.945	  14.297	8049
59903.814481	2216497515.045	  17.473	8049
59903.814603	2216497513.945	   9.838	8049
59903.814724	2216497512.145	   8.964	8049
59903.814846	2216497510.945	  13.574	8049
59903.814968	2216497509.645	  11.567	8049
59903.815089	2216497508.745	   7.018	8049
59903.815211	2216497506.845	  13.640	8049
59903.815332	2216497505.745	  11.706	8049
59903.815454	2216497504.645	   8.604	8049
59903.815576	2216497503.045	  14.203	8049
59903.815698	2216497501.945	   9.063	8049
59903.815819	2216497500.845	   9.086	8049
59903.815941	2216497499.145	  13.115	8049
59903.816063	2216497498.145	  12.452	8049
59903.816185	2216497496.645	  10.488	8049
59903.816307	2216497495.445	  11.364	8049
59903.816429	2216497494.145	  12.004	8049
59903.816550	2216497493.200	   9.339	8049
59903.816672	2216497491.645	   7.081	8049
59903.816794	2216497490.145	   6.555	8049
59903.816916	2216497489.145	  12.955	8049
59903.817038	2216497487.945	   8.786	8049
59903.817159	2216497486.145	  10.640	8049
59903.817282	2216497484.945	  12.413	8049
59903.817404	2216497483.445	  10.584	8049
59903.817526	2216497482.145	   7.276	8049
59903.817648	2216497480.745	   6.857	8049
59903.817770	2216497479.645	  11.743	8049
59903.817892	2216497478.345	  10.283	8049
59903.818013	2216497477.045	  11.280	8049
59903.818135	2216497475.845	   7.398	8049
59903.818257	2216497474.445	   8.755	8049
59903.818378	2216497473.145	  16.635	8049
59903.818500	2216497471.645	  13.552	8049
59903.818622	2216497470.345	  14.368	8049
59903.818743	2216497469.345	   9.069	8049
59903.818865	2216497467.945	   9.055	8049
59903.818987	2216497466.345	   6.918	8049
59903.819108	2216497465.345	   7.340	8049
59903.819230	2216497463.945	   9.372	8049
59903.819351	2216497462.745	  12.876	8049
59903.819473	2216497461.445	  12.728	8049
59903.819595	2216497459.945	  14.816	8049
59903.819716	2216497458.445	  12.612	8049
59903.819838	2216497457.345	   6.492	8049
59903.819959	2216497455.645	   8.985	8049
59903.820082	2216497454.345	   9.801	8049
59903.820206	2216497453.045	  11.653	8049
59903.820330	2216497451.745	  10.375	8049
59903.820454	2216497450.545	   6.762	8049
59903.820577	2216497448.945	  11.082	8049
59903.820700	2216497447.845	  10.526	8049
59903.820823	2216497446.345	  11.897	8049
59903.820945	2216497445.145	  10.800	8049
59903.821068	2216497443.445	   8.099	8049
59903.821190	2216497442.345	   6.245	8049
59903.821313	2216497440.945	  13.860	8049
59903.821435	2216497439.345	   7.269	8049
59903.821556	2216497438.445	  13.438	8049
59903.821679	2216497437.045	  12.297	8049
59903.821803	2216497435.745	  10.084	8049
59903.821927	2216497434.445	  14.524	8049
59903.822050	2216497433.045	   8.688	8049
59903.822172	2216497431.500	   7.788	8049
59903.822295	2216497430.045	  12.655	8049
59903.822417	2216497428.445	   8.578	8049
59903.822540	2216497427.545	  11.589	8049
59903.822662	2216497426.045	   8.726	8049
59903.822785	2216497424.745	   7.765	8049
59903.822907	2216497423.545	   7.470	8049
59903.823029	2216497421.745	  22.096	8049
59903.823150	2216497420.645	   8.479	8049
59903.823272	2216497419.545	   7.491	8049
59903.823393	2216497417.745	  11.210	8049
59903.823515	2216497416.545	  12.959	8049
59903.823636	2216497415.245	  12.722	8049
59903.823758	2216497413.845	  10.240	8049
59903.823880	2216497412.245	   7.223	8049
59903.824002	2216497410.845	  11.878	8049
59903.824123	2216497409.645	  15.109	8049
59903.824245	2216497408.545	  11.833	8049
59903.824367	2216497406.845	  12.469	8049
59903.824489	2216497405.845	   9.239	8049
59903.824611	2216497404.145	   7.698	8049
59903.824733	2216497402.845	  10.991	8049
59903.824854	2216497401.645	  11.316	8049
59903.824976	2216497400.745	  11.584	8049
59903.825098	2216497399.245	  11.979	8049
59903.825219	2216497398.145	  12.995	8049
59903.825341	2216497397.045	  10.755	8049
59903.825463	2216497396.045	   8.230	8049
59903.825585	2216497394.545	  11.311	8049
59903.825706	2216497392.945	  13.626	8049
59903.825828	2216497391.845	  10.303	8049
59903.825950	2216497390.845	   9.277	8049
59903.826071	2216497389.545	  11.605	8049
59903.826193	2216497388.145	   8.865	8049
59903.826315	2216497387.145	  22.739	8049
59903.826436	2216497385.945	  12.463	8049
59903.826558	2216497384.645	  13.429	8049
59903.826679	2216497383.445	  10.118	8049
59903.826801	2216497382.045	  10.659	8049
59903.826923	2216497381.145	   9.526	8049
59903.827045	2216497380.045	   9.077	8049
59903.827167	2216497378.545	   9.918	8049
59903.827288	2216497377.345	  11.275	8049
59903.827410	2216497376.145	  14.487	8049
59903.827532	2216497374.800	   9.792	8049
59903.827654	2216497373.300	  15.323	8049
59903.827776	2216497372.500	   9.927	8049
59903.827899	2216497370.945	   7.270	8049
59903.828023	2216497369.845	  10.337	8049
59903.828146	2216497368.645	  13.280	8049
59903.828270	2216497367.245	   8.214	8049
59903.828393	2216497366.145	   9.124	8049
59903.828517	2216497364.845	   7.616	8049
59903.828640	2216497363.745	  11.473	8049
59903.828762	2216497362.245	   6.250	8049
59903.828885	2216497361.045	  11.934	8049
59903.829007	2216497360.145	  15.957	8049
59903.829128	2216497358.745	  11.976	8049
59903.829250	2216497357.445	  16.668	8049
59903.829371	2216497355.945	  11.234	8049
59903.829493	2216497354.945	  10.625	8049
59903.829614	2216497353.845	   6.542	8049
59903.829736	2216497352.345	   6.826	8049
59903.829857	2216497351.345	  15.399	8049
59903.829979	2216497349.845	   5.922	8049
59903.830100	2216497348.845	  11.033	8049
59903.830222	2216497347.445	  10.863	8049
59903.830344	2216497346.245	  13.400	8049
59903.830466	2216497345.145	  10.234	8049
59903.830588	2216497343.545	   8.604	8049
59903.830709	2216497342.445	  14.946	8049
59903.830831	2216497341.445	  17.589	8049
59903.830953	2216497339.945	  10.932	8049
59903.831076	2216497338.445	  13.595	8049
59903.831198	2216497337.245	  11.193	8049
59903.831321	2216497335.845	  10.584	8049
59903.831444	2216497334.845	  15.338	8049
59903.831567	2216497333.445	   8.587	8049
59903.831689	2216497332.545	  12.073	8049
59903.831811	2216497331.345	   6.980	8049
59903.831933	2216497330.145	  10.454	8049
59903.832056	2216497328.945	   5.723	8049
59903.832178	2216497327.245	   9.241	8049
59903.832301	2216497326.045	  13.797	8049
59903.832422	2216497324.645	  11.208	8049
59903.832544	2216497323.645	   8.843	8049
59903.832666	2216497322.345	  11.341	8049
59903.832787	2216497321.145	   9.002	8049
59903.832909	2216497319.745	  12.416	8049
59903.833031	2216497318.445	   8.115	8049
59903.833153	2216497317.245	   9.847	8049
59903.833275	2216497315.945	  11.079	8049
59903.833397	2216497314.745	  14.533	8049
59903.833518	2216497313.345	   9.007	8049
59903.833640	2216497312.045	  12.690	8049
59903.833761	2216497310.845	  13.219	8049
59903.833883	2216497309.645	   7.609	8049
59903.834004	2216497308.145	   8.820	8049
59903.834126	2216497307.345	   7.407	8049
59903.834247	2216497305.745	  15.924	8049
59903.834369	2216497304.645	  13.887	8049
59903.834490	2216497303.245	  10.304	8049
59903.834612	2216497301.945	   9.967	8049
59903.834733	2216497301.045	   6.703	8049
59903.834855	2216497299.745	  12.337	8049
59903.834977	2216497298.445	  10.358	8049
59903.835099	2216497297.145	   6.216	8049
59903.835221	2216497295.745	  11.730	8049
59903.835343	2216497294.245	   7.414	8049
59903.835465	2216497292.945	   8.175	8049
59903.835586	2216497291.745	   6.123	8049
59903.835708	2216497290.545	   9.269	8049
59903.835833	2216497289.245	   7.932	8049
59903.835957	2216497287.945	   8.362	8049
59903.836079	2216497286.645	  13.678	8049
59903.836201	2216497285.345	   9.726	8049
59903.836323	2216497283.745	  14.535	8049
59903.836446	2216497282.745	  12.342	8049
59903.836568	2216497281.245	   9.958	8049
59903.836691	2216497280.345	  13.098	8049
59903.836813	2216497278.745	   8.774	8049
59903.836934	2216497277.645	  10.692	8049
59903.837056	2216497276.445	   7.719	8049
59903.837177	2216497274.945	  10.024	8049
59903.837298	2216497273.545	  10.981	8049
59903.837420	2216497272.345	   9.862	8049
59903.837541	2216497271.445	   8.242	8049
59903.837662	2216497269.945	  12.561	8049
59903.837784	2216497268.545	  10.902	8049
59903.837905	2216497267.245	   9.562	8049
59903.838026	2216497266.245	   8.159	8049
59903.838149	2216497264.745	  18.790	8049
59903.838272	2216497263.845	  15.797	8049
59903.838396	2216497262.645	  14.474	8049
59903.838521	2216497261.545	  12.033	8049
59903.838643	2216497260.345	  11.230	8049
59903.838766	2216497259.145	  13.411	8049
59903.838889	2216497257.845	  12.919	8049
59903.839011	2216497256.745	  13.089	8049
59903.839133	2216497255.545	  12.005	8049
59903.839254	2216497254.645	   8.351	8049
59903.839376	2216497253.545	   8.997	8049
59903.839499	2216497252.045	   6.824	8049
59903.839622	2216497251.045	   8.080	8049
59903.839744	2216497249.845	  17.124	8049
59903.839865	2216497248.445	  15.797	8049
59903.839987	2216497247.545	  13.543	8049
59903.840108	2216497246.445	   9.493	8049
59903.840231	2216497245.145	  12.462	8049
59903.840354	2216497243.945	   8.264	8049
59903.840477	2216497242.845	  24.540	8049
59903.840599	2216497241.845	  21.980	8049
59903.840722	2216497240.545	  13.630	8049
59903.840844	2216497239.345	  10.651	8049
59903.840967	2216497238.445	   9.968	8049
59903.841088	2216497237.045	   9.203	8049
59903.841210	2216497235.645	   8.644	8049
59903.841332	2216497235.045	  12.396	8049
59903.841453	2216497233.645	  17.050	8049
59903.841575	2216497232.345	  11.987	8049
59903.841697	2216497231.045	  15.608	8049
59903.841818	2216497230.145	  15.092	8049
59903.841940	2216497229.045	  13.428	8049
59903.842061	2216497227.645	  17.613	8049
59903.842182	2216497226.545	  13.338	8049
59903.842304	2216497225.545	   7.552	8049
59903.842425	2216497224.345	  15.202	8049
59903.842547	2216497223.045	   9.094	8049
59903.842669	2216497222.045	  11.400	8049
59903.842790	2216497220.845	  10.815	8049
59903.842912	2216497219.545	   6.821	8049
59903.843034	2216497218.745	   9.198	8049
59903.843155	2216497217.545	   7.697	8049
59903.843276	2216497216.445	   6.851	8049
59903.843398	2216497214.945	  10.010	8049
59903.843519	2216497213.945	  17.554	8049
59903.843641	2216497212.545	  10.921	8049
59903.843765	2216497211.645	  15.430	8049
59903.843889	2216497210.445	  10.240	8049
59903.844012	2216497209.545	   8.116	8049
59903.844135	2216497207.945	  12.816	8049
59903.844257	2216497206.945	  15.734	8049
59903.844380	2216497205.645	  12.482	8049
59903.844502	2216497204.445	   8.855	8049
59903.844624	2216497203.145	  11.363	8049
59903.844746	2216497201.945	   6.680	8049
59903.844868	2216497201.045	  11.387	8049
59903.844990	2216497199.645	   9.960	8049
59903.845111	2216497198.245	  10.184	8049
59903.845233	2216497197.445	  11.088	8049
59903.845354	2216497195.945	  10.700	8049
59903.845476	2216497195.245	   7.698	8049
59903.845599	2216497193.645	  12.160	8049
59903.845721	2216497192.445	  11.853	8049
59903.845843	2216497191.545	  11.105	8049
59903.845965	2216497190.145	  17.780	8049
59903.846087	2216497189.245	  11.482	8049
59903.846209	2216497188.045	   9.635	8049
59903.846331	2216497186.945	  10.206	8049
59903.846453	2216497185.345	   9.715	8049
59903.846576	2216497184.245	   9.728	8049
59903.846697	2216497183.245	  14.215	8049
59903.846819	2216497181.945	  18.726	8049
59903.846941	2216497180.545	   8.297	8049
59903.847062	2216497179.645	  12.223	8049
59903.847184	2216497178.345	   7.580	8049
59903.847305	2216497177.445	  13.335	8049
59903.847427	2216497176.045	   6.158	8049
59903.847550	2216497174.845	  12.507	8049
59903.847672	2216497173.745	  10.112	8049
59903.847794	2216497172.145	  11.421	8049
59903.847916	2216497171.245	  10.319	8049
59903.848038	2216497170.445	   7.356	8049
59903.848160	2216497168.845	   9.401	8049
59903.848282	2216497167.545	  13.674	8049
59903.848403	2216497166.645	   6.508	8049
59903.848525	2216497165.345	  11.320	8049
59903.848646	2216497164.245	   9.111	8049
59903.848768	2216497163.245	   8.505	8049
59903.848889	2216497161.545	  11.254	8049
59903.849011	2216497160.545	  15.810	8049
59903.849133	2216497159.145	  18.536	8049
59903.849255	2216497158.045	  14.587	8049
59903.849376	2216497156.845	   8.637	8049
59903.849498	2216497155.645	  10.887	8049
59903.849619	2216497154.545	  10.149	8049
59903.849741	2216497153.145	   8.137	8049
59903.849862	2216497152.245	  13.920	8049
59903.849984	2216497150.745	   8.887	8049
59903.850106	2216497149.645	  13.307	8049
59903.850228	2216497148.445	  13.788	8049
59903.850350	2216497147.545	   9.671	8049
59903.850471	2216497146.145	   7.566	8049
59903.850593	2216497144.945	  18.549	8049
59903.850715	2216497143.845	  12.959	8049
59903.850838	2216497142.345	   8.850	8049
59903.850962	2216497141.245	  14.001	8049
59903.851086	2216497140.245	  16.666	8049
59903.851209	2216497138.800	   7.784	8049
59903.851331	2216497137.545	   7.641	8049
59903.851453	2216497136.445	  13.580	8049
59903.851576	2216497135.045	   7.620	8049
59903.851698	2216497133.945	  12.120	8049
59903.851819	2216497132.545	   8.097	8049
59903.851941	2216497131.645	  12.052	8049
59903.852063	2216497130.545	   8.609	8049
59903.852185	2216497129.845	  11.728	8049
59903.852307	2216497128.445	  12.673	8049
59903.852429	2216497127.445	  12.332	8049
59903.852551	2216497126.445	  12.290	8049
59903.852673	2216497125.545	  12.146	8049
59903.852796	2216497124.645	   9.187	8049
59903.852917	2216497123.445	  15.672	8049
59903.853038	2216497122.145	  11.473	8049
59903.853160	2216497121.145	  16.540	8049
59903.853281	2216497119.945	  14.180	8049
59903.853402	2216497119.045	  12.384	8049
59903.853524	2216497118.045	   9.603	8049
59903.853646	2216497116.745	  15.818	8049
59903.853767	2216497115.745	  11.906	8049
59903.853889	2216497114.545	   9.219	8049
59903.854011	2216497113.845	  13.110	8049
59903.854133	2216497112.645	  15.212	8049
59903.854255	2216497111.445	   7.245	8049
59903.854377	2216497110.645	  11.167	8049
59903.854499	2216497109.345	  11.466	8049
59903.854621	2216497108.545	  12.632	8049
59903.854743	2216497107.145	   8.911	8049
59903.854865	2216497106.145	  12.145	8049
59903.854987	2216497104.945	  14.046	8049
59903.855109	2216497103.945	  13.551	8049
59903.855231	2216497103.045	  18.493	8049
59903.855352	2216497101.845	  12.905	8049
59903.855474	2216497100.845	  11.560	8049
59903.855596	2216497099.745	   9.629	8049
59903.855717	2216497098.845	  10.228	8049
59903.855839	2216497097.545	   9.383	8049
59903.855961	2216497096.545	   9.361	8049
59903.856083	2216497095.445	  13.590	8049
59903.856204	2216497094.245	  10.143	8049
59903.856326	2216497093.345	  12.192	8049
59903.856448	2216497092.345	  10.634	8049
59903.856569	2216497091.045	  11.115	8049
59903.856690	2216497089.945	  17.828	8049
59903.856812	2216497089.045	  13.531	8049
59903.856934	2216497087.745	  12.470	8049
59903.857056	2216497086.845	  13.447	8049
59903.857177	2216497085.645	  11.113	8049
59903.857299	2216497084.745	   8.293	8049
59903.857421	2216497083.545	  11.201	8049
59903.857544	2216497082.345	  10.873	8049
59903.857666	2216497081.545	  11.213	8049
59903.857787	2216497080.445	  24.238	8049
59903.857909	2216497079.245	  18.413	8049
59903.858031	2216497078.345	  15.389	8049
59903.858153	2216497076.945	  10.114	8049
59903.858275	2216497075.945	  11.844	8049
59903.858398	2216497075.145	   7.781	8049
59903.858519	2216497073.945	  14.695	8049
59903.858641	2216497072.945	  10.565	8049
59903.858764	2216497071.645	  14.675	8049
59903.858885	2216497070.545	   9.198	8049
59903.859007	2216497069.445	   8.340	8049
59903.859129	2216497068.445	   9.702	8049
59903.859250	2216497067.445	  13.468	8049
59903.859372	2216497066.245	  11.060	8049
59903.859493	2216497065.145	  12.840	8049
59903.859615	2216497064.045	  12.545	8049
59903.859736	2216497063.145	  13.318	8049
59903.859858	2216497061.845	  16.552	8049
59903.859980	2216497061.145	   7.524	8049
59903.860101	2216497059.545	  10.612	8049
59903.860223	2216497058.845	  12.214	8049
59903.860344	2216497057.445	   8.093	8049
59903.860466	2216497056.145	  10.540	8049
59903.860588	2216497055.045	   6.597	8049
59903.860710	2216497054.245	  14.627	8049
59903.860832	2216497053.245	  11.389	8049
59903.860953	2216497051.945	  15.708	8049
59903.861075	2216497050.945	   8.188	8049
59903.861196	2216497049.845	  13.902	8049
59903.861317	2216497048.445	  12.877	8049
59903.861439	2216497047.845	  15.118	8049
59903.861561	2216497046.800	   7.884	8049
59903.861682	2216497045.645	  14.278	8049
59903.861804	2216497044.445	  14.611	8049
59903.861926	2216497043.445	  11.546	8049
59903.862048	2216497042.245	  10.358	8049
59903.862169	2216497041.245	  22.696	8049
59903.862291	2216497039.845	   8.197	8049
59903.862413	2216497038.745	   9.292	8049
59903.862535	2216497038.045	  17.244	8049
59903.862656	2216497036.745	  11.786	8049
59903.862779	2216497035.745	  16.524	8049
59903.862901	2216497034.645	  11.464	8049
59903.863023	2216497033.345	   8.043	8049
59903.863144	2216497032.445	  11.214	8049
59903.863266	2216497031.345	  14.897	8049
59903.863388	2216497030.245	   8.620	8049
59903.863509	2216497029.245	  13.564	8049
59903.863631	2216497027.945	  14.378	8049
59903.863754	2216497027.045	   9.304	8049
59903.863875	2216497025.645	   9.721	8049
59903.863996	2216497024.445	  10.461	8049
59903.864118	2216497023.645	  18.776	8049
59903.864240	2216497022.545	  13.696	8049
59903.864361	2216497021.500	   9.168	8049
59903.864483	2216497020.545	   7.822	8049
59903.864605	2216497019.345	  17.479	8049
59903.864727	2216497017.945	  11.410	8049
59903.864849	2216497017.145	  20.908	8049
59903.864970	2216497015.845	  16.175	8049
59903.865091	2216497014.845	  14.963	8049
59903.865213	2216497013.845	   7.509	8049
59903.865334	2216497012.645	  20.003	8049
59903.865456	2216497011.445	  17.397	8049
59903.865577	2216497010.445	  13.770	8049
59903.865699	2216497009.545	  13.011	8049
59903.865821	2216497008.545	  13.944	8049
59903.865943	2216497007.345	  14.247	8049
59903.866064	2216497005.845	  12.411	8049
59903.866186	2216497004.945	  14.053	8049
59903.866307	2216497004.045	  23.973	8049
59903.866429	2216497003.045	  28.029	8049
59903.866552	2216497001.945	  13.384	8049
59903.866674	2216497000.845	   7.852	8049
59903.866796	2216497000.045	  14.214	8049
59903.866917	2216496999.000	  18.305	8049
59903.867039	2216496998.445	  10.094	8049
59903.867162	2216496997.200	  10.311	8049
59903.867285	2216496996.245	  13.677	8049
59903.867407	2216496995.400	   9.654	8049
59903.867529	2216496994.300	  15.935	8049
59903.867651	2216496993.345	  23.993	8049
59903.867772	2216496992.545	  19.289	8049
59903.867893	2216496991.445	   9.206	8049
59903.868015	2216496990.100	  14.254	8049
59903.868136	2216496989.545	  16.693	8049
59903.868259	2216496988.445	  10.548	8049
59903.868381	2216496987.745	  17.387	8049
59903.868503	2216496986.445	  11.112	8049
59903.868625	2216496985.500	  12.431	8049
59903.868747	2216496984.645	  12.265	8049
59903.868869	2216496983.645	  14.476	8049
59903.868991	2216496982.900	   8.037	8049
59903.869113	2216496981.845	  10.617	8049
59903.869235	2216496980.845	   8.352	8049
59903.869358	2216496979.745	  11.140	8049
59903.869480	2216496978.600	  13.805	8049
59903.869601	2216496977.945	   8.881	8049
59903.869723	2216496976.845	  21.235	8049
59903.869844	2216496975.945	  13.490	8049
59903.869965	2216496974.745	   8.437	8049
59903.870087	2216496974.045	  12.453	8049
59903.870208	2216496972.845	   8.752	8049
59903.870330	2216496972.045	  13.811	8049
59903.870452	2216496971.045	  12.952	8049
59903.870574	2216496970.145	  21.527	8049
59903.870696	2216496969.045	  16.049	8049
59903.870817	2216496967.945	  12.187	8049
59903.870939	2216496967.245	   9.930	8049
59903.871061	2216496966.345	  12.819	8049
59903.871184	2216496964.945	  12.202	8049
59903.871306	2216496964.545	   8.136	8049
59903.871427	2216496963.245	  10.085	8049
59903.871548	2216496962.345	  15.870	8049
59903.871670	2216496961.145	  11.222	8049
59903.871793	2216496960.200	  13.179	8049
59903.871914	2216496959.445	   9.256	8049
59903.872036	2216496958.445	   7.312	8049
59903.872158	2216496957.445	  10.373	8049
59903.872280	2216496956.445	  12.564	8049
59903.872401	2216496955.545	  11.446	8049
59903.872523	2216496954.545	  15.760	8049
59903.872644	2216496953.545	   8.509	8049
59903.872767	2216496952.245	  14.072	8049
59903.872889	2216496951.645	  12.873	8049
59903.873011	2216496950.645	  11.947	8049
59903.873132	2216496949.745	  21.201	8049
59903.873253	2216496948.545	  19.528	8049
59903.873375	2216496947.645	  12.410	8049
59903.873496	2216496946.745	  11.796	8049
59903.873618	2216496945.645	   6.879	8049
59903.873740	2216496944.800	  13.973	8049
59903.873862	2216496943.945	   9.604	8049
59903.873983	2216496942.845	  13.333	8049
59903.874104	2216496941.545	   9.041	8049
59903.874226	2216496940.645	  25.247	8049
59903.874348	2216496939.745	  10.905	8049
59903.874470	2216496938.800	  14.446	8049
59903.874592	2216496938.045	  11.191	8049
59903.874714	2216496936.945	  23.170	8049
59903.874836	2216496935.745	  13.249	8049
59903.874957	2216496934.945	  10.329	8049
59903.875079	2216496933.745	  14.229	8049
59903.875200	2216496932.945	  14.821	8049
59903.875322	2216496932.145	  11.304	8049
59903.875443	2216496930.745	  13.634	8049
59903.875566	2216496929.945	  15.174	8049
59903.875690	2216496929.045	   6.900	8049
59903.875814	2216496927.945	  19.822	8049
59903.875937	2216496927.045	   8.259	8049
59903.876061	2216496925.945	   8.806	8049
59903.876183	2216496924.945	  15.509	8049
59903.876306	2216496924.145	  10.705	8049
59903.876428	2216496922.845	   9.716	8049
59903.876550	2216496921.945	  10.446	8049
59903.876671	2216496921.045	  10.025	8049
59903.876793	2216496920.245	  12.565	8049
59903.876914	2216496919.245	  16.352	8049
59903.877035	2216496918.045	  14.811	8049
59903.877157	2216496917.145	  11.740	8049
59903.877278	2216496915.845	  10.632	8049
59903.877400	2216496915.245	  13.622	8049
59903.877521	2216496914.245	   9.635	8049
59903.877642	2216496913.145	  12.165	8049
59903.877763	2216496912.145	  14.410	8049
59903.877885	2216496911.245	  11.247	8049
59903.878006	2216496910.145	   7.835	8049
59903.878128	2216496909.245	  12.400	8049
59903.878250	2216496908.145	  14.582	8049
59903.878371	2216496907.245	  12.553	8049
59903.878492	2216496906.445	  12.445	8049
59903.878614	2216496905.245	  13.542	8049
59903.878735	2216496904.345	  13.052	8049
59903.878857	2216496903.445	  12.839	8049
59903.878978	2216496902.545	  16.606	8049
59903.879100	2216496901.245	  15.326	8049
59903.879222	2216496900.345	   9.821	8049
59903.879343	2216496899.345	   6.733	8049
59903.879586	2216496897.045	   6.536	8049
59903.879708	2216496896.445	   7.904	8049
59903.879830	2216496895.445	   9.610	8049
59903.879951	2216496894.445	  16.258	8049
59903.880073	2216496893.245	   9.105	8049
59903.880195	2216496892.545	  11.651	8049
59903.880316	2216496891.445	  12.028	8049
59903.880438	2216496890.545	   8.605	8049
59903.880560	2216496889.845	   8.851	8049
59903.880682	2216496888.445	  13.254	8049
59903.880803	2216496887.745	  10.524	8049
59903.880926	2216496886.345	  17.965	8049
59903.881171	2216496884.645	   8.452	8049
59903.881535	2216496882.145	  11.751	8049
59903.881657	2216496881.445	   5.378	8049
59903.881779	2216496880.745	  15.639	8049
59903.881901	2216496879.745	   9.446	8049
59903.882023	2216496879.045	   5.162	8049
59903.882266	2216496877.245	   8.806	8049
59903.882388	2216496876.245	  12.970	8049
59903.882510	2216496875.445	  13.481	8049
59903.882631	2216496874.545	   5.696	8049
59903.882753	2216496873.945	   5.746	8049
59903.882875	2216496873.045	   8.909	8049
59903.882997	2216496872.245	  10.550	8049
59903.883119	2216496871.045	   9.555	8049
59903.883240	2216496870.345	   8.028	8049
59903.883362	2216496869.645	   9.731	8049
59903.883484	2216496868.745	   8.250	8049
59903.883605	2216496867.845	   9.211	8049
59903.883727	2216496866.845	   5.946	8049
59903.883849	2216496866.245	  12.749	8049
59903.884458	2216496861.745	   6.499	8049
59903.885069	2216496857.645	   8.510	8049
59903.885316	2216496855.645	   7.555	8049
59903.885438	2216496854.945	   7.724	8049
59903.885560	2216496853.845	   5.683	8049
59903.885805	2216496851.345	   5.353	8049
59903.886411	2216496848.045	  11.164	8049
59903.886655	2216496846.345	   7.359	8049
59903.886902	2216496844.445	   9.541	8049
59903.888606	2216496832.645	   6.017	8049
59903.889338	2216496827.645	   6.327	8049
59903.889582	2216496825.845	   9.979	8049
59903.890069	2216496822.445	   6.216	8049
59903.890436	2216496819.745	   5.049	8049
