59902.606256	2216497880.015	  13.876	8049
59902.606372	2216497879.315	   5.704	8049
59902.606487	2216497878.215	  10.051	8049
59902.606603	2216497878.100	   9.648	8049
59902.606719	2216497877.100	  11.188	8049
59902.606835	2216497875.915	  16.203	8049
59902.606950	2216497875.200	   8.020	8049
59902.607066	2216497874.515	   6.024	8049
59902.607182	2216497873.815	  13.707	8049
59902.607298	2216497872.715	   8.492	8049
59902.607413	2216497872.115	  16.319	8049
59902.607529	2216497871.000	   8.600	8049
59902.607645	2216497870.500	  11.733	8049
59902.607761	2216497869.515	  15.737	8049
59902.607876	2216497868.715	  10.840	8049
59902.607992	2216497867.815	  14.962	8049
59902.608108	2216497867.015	  18.483	8049
59902.608223	2216497866.300	   9.521	8049
59902.608339	2216497865.115	   9.692	8049
59902.608455	2216497864.800	  15.631	8049
59902.608571	2216497864.000	  10.668	8049
59902.608686	2216497863.000	  21.829	8049
59902.608802	2216497861.815	  11.388	8049
59902.608918	2216497861.115	  21.254	8049
59902.609034	2216497860.315	  13.335	8049
59902.609149	2216497859.600	  16.011	8049
59902.609265	2216497858.515	  14.890	8049
59902.609381	2216497857.515	   9.971	8049
59902.609497	2216497857.215	  14.344	8049
59902.609612	2216497856.215	  16.102	8049
59902.609728	2216497855.300	  15.099	8049
59902.609844	2216497854.300	   9.465	8049
59902.609960	2216497853.400	  22.412	8049
59902.610075	2216497852.515	  10.212	8049
59902.610191	2216497851.715	  15.292	8049
59902.610307	2216497850.900	   9.863	8049
59902.610423	2216497849.915	  12.651	8049
59902.610538	2216497849.015	  14.397	8049
59902.610654	2216497848.515	   8.272	8049
59902.610770	2216497847.215	  15.260	8049
59902.610886	2216497846.515	  14.348	8049
59902.611001	2216497845.700	  21.689	8049
59902.611117	2216497844.715	  11.829	8049
59902.611233	2216497843.800	  12.056	8049
59902.611349	2216497843.100	  11.450	8049
59902.611464	2216497842.200	  10.875	8049
59902.611580	2216497841.515	  19.274	8049
59902.611696	2216497840.415	  14.452	8049
59902.611811	2216497839.815	  10.638	8049
59902.611927	2216497839.215	  16.489	8049
59902.612043	2216497838.415	  19.014	8049
59902.612159	2216497837.815	  11.650	8049
59902.612274	2216497836.800	   9.656	8049
59902.612390	2216497836.015	  13.961	8049
59902.612506	2216497835.215	  12.701	8049
59902.612622	2216497834.415	  12.854	8049
59902.612737	2216497833.715	  17.065	8049
59902.612853	2216497832.915	  10.153	8049
59902.612969	2216497832.600	   9.021	8049
59902.613085	2216497831.400	  14.286	8049
59902.613200	2216497830.715	  16.794	8049
59902.613316	2216497829.615	  17.982	8049
59902.613432	2216497828.800	  14.043	8049
59902.613548	2216497828.215	  24.846	8049
59902.613663	2216497827.700	  13.078	8049
59902.613779	2216497826.515	  13.799	8049
59902.613895	2216497825.715	  12.225	8049
59902.614011	2216497824.815	   8.984	8049
59902.614126	2216497824.215	  16.790	8049
59902.614242	2216497823.200	  12.046	8049
59902.614358	2216497822.715	  12.304	8049
59902.614474	2216497821.815	  12.088	8049
59902.614589	2216497820.815	  19.252	8049
59902.614705	2216497820.115	  14.011	8049
59902.614821	2216497819.415	  12.766	8049
59902.614936	2216497818.400	   8.018	8049
59902.615052	2216497817.615	  20.720	8049
59902.615168	2216497817.100	  20.037	8049
59902.615284	2216497815.915	  11.894	8049
59902.615399	2216497815.400	  15.511	8049
59902.615515	2216497814.400	  10.406	8049
59902.615631	2216497814.000	  12.191	8049
59902.615747	2216497812.815	  10.871	8049
59902.615862	2216497811.700	   8.217	8049
59902.615978	2216497811.315	  14.609	8049
59902.616094	2216497810.015	  10.438	8049
59902.616210	2216497809.600	  13.296	8049
59902.616325	2216497808.700	  21.797	8049
59902.616441	2216497807.715	  12.148	8049
59902.616557	2216497807.215	  15.602	8049
59902.616673	2216497806.300	  22.925	8049
59902.616788	2216497805.500	  16.515	8049
59902.616904	2216497804.315	  16.721	8049
59902.617020	2216497803.600	  13.291	8049
59902.617136	2216497802.815	  26.142	8049
59902.617251	2216497801.800	  12.420	8049
59902.617367	2216497801.015	  18.889	8049
59902.617483	2216497800.500	  10.159	8049
59902.617599	2216497799.415	  17.352	8049
59902.617714	2216497798.515	  24.238	8049
59902.617830	2216497797.615	  17.863	8049
59902.617946	2216497796.815	   8.010	8049
59902.618062	2216497795.815	  13.061	8049
59902.618177	2216497795.015	  17.674	8049
59902.618293	2216497794.300	  16.050	8049
59902.618409	2216497793.400	  14.761	8049
59902.618524	2216497792.415	  12.286	8049
59902.618640	2216497791.415	   8.848	8049
59902.618756	2216497790.615	   8.754	8049
59902.618872	2216497789.815	  16.407	8049
59902.618987	2216497788.900	  13.900	8049
59902.619103	2216497788.215	  13.419	8049
59902.619219	2216497787.300	  17.504	8049
59902.619335	2216497786.315	  17.524	8049
59902.619450	2216497785.515	  11.043	8049
59902.619566	2216497784.200	  12.202	8049
59902.619682	2216497783.715	  23.435	8049
59902.619798	2216497782.800	  19.398	8049
59902.619913	2216497781.615	  19.666	8049
59902.620029	2216497781.015	   7.539	8049
59902.620145	2216497780.000	  16.457	8049
59902.620261	2216497779.215	   8.873	8049
59902.620376	2216497778.115	  14.734	8049
59902.620492	2216497777.300	  13.053	8049
59902.620608	2216497776.615	  20.240	8049
59902.620724	2216497775.615	  13.972	8049
59902.620839	2216497774.500	  10.805	8049
59902.620955	2216497773.715	  21.902	8049
59902.621071	2216497772.900	   9.900	8049
59902.621187	2216497772.115	   9.377	8049
59902.621302	2216497771.015	  10.771	8049
59902.621418	2216497770.015	  13.693	8049
59902.621534	2216497768.915	  27.409	8049
59902.621649	2216497768.315	   8.365	8049
59902.621765	2216497767.415	  21.683	8049
59902.621881	2216497766.415	  10.018	8049
59902.621997	2216497765.415	   9.895	8049
59902.622112	2216497764.615	   8.405	8049
59902.622228	2216497763.500	  11.875	8049
59902.622344	2216497762.815	  12.717	8049
59902.622460	2216497761.815	  11.579	8049
59902.622575	2216497760.515	   7.980	8049
59902.622691	2216497760.100	  12.718	8049
59902.622807	2216497758.815	   9.605	8049
59902.622923	2216497757.815	  13.274	8049
59902.623038	2216497756.900	  11.244	8049
59902.623154	2216497755.915	  23.762	8049
59902.623270	2216497755.100	   9.795	8049
59902.623386	2216497754.100	  16.741	8049
59902.623501	2216497753.200	  14.124	8049
59902.623617	2216497752.415	   8.788	8049
59902.623733	2216497751.315	  13.439	8049
59902.623849	2216497750.200	  15.168	8049
59902.623964	2216497749.515	  10.868	8049
59902.624080	2216497748.515	  16.813	8049
59902.624196	2216497747.715	  12.280	8049
59902.624312	2216497746.300	  10.001	8049
59902.624427	2216497745.600	  18.643	8049
59902.624543	2216497745.000	   9.586	8049
59902.624659	2216497743.915	   8.861	8049
59902.624774	2216497742.715	  13.840	8049
59902.624890	2216497741.815	  15.908	8049
59902.625006	2216497740.915	  10.019	8049
59902.625122	2216497739.615	  16.011	8049
59902.625237	2216497738.900	  11.950	8049
59902.625353	2216497737.815	  15.929	8049
59902.625469	2216497736.800	  12.720	8049
59902.625585	2216497735.715	  10.697	8049
59902.625700	2216497734.715	  14.042	8049
59902.625816	2216497733.900	  12.998	8049
59902.625932	2216497733.100	   8.742	8049
59902.626048	2216497731.915	  12.612	8049
59902.626163	2216497731.015	  21.166	8049
59902.626279	2216497730.100	  12.397	8049
59902.626395	2216497728.915	  11.635	8049
59902.626511	2216497728.215	  12.637	8049
59902.626626	2216497727.115	  13.589	8049
59902.626742	2216497725.915	  19.740	8049
59902.626858	2216497725.315	   9.134	8049
59902.626974	2216497724.400	  12.871	8049
59902.627089	2216497723.300	  11.847	8049
59902.627205	2216497722.600	  15.623	8049
59902.627321	2216497721.515	  11.520	8049
59902.627437	2216497720.615	  14.589	8049
59902.627552	2216497720.100	  12.987	8049
59902.627668	2216497718.815	   8.466	8049
59902.627784	2216497718.100	  11.554	8049
59902.627900	2216497717.300	  10.882	8049
59902.628015	2216497716.015	  11.128	8049
59902.628131	2216497715.515	  15.477	8049
59902.628247	2216497714.500	  13.282	8049
59902.628362	2216497713.615	  12.530	8049
59902.628478	2216497712.515	  14.674	8049
59902.628594	2216497711.815	  14.154	8049
59902.628710	2216497710.915	  11.296	8049
59902.628825	2216497710.115	  13.902	8049
59902.628941	2216497709.115	  19.871	8049
59902.629057	2216497708.100	  18.547	8049
59902.629173	2216497707.315	  10.269	8049
59902.629288	2216497706.315	  12.518	8049
59902.629404	2216497705.315	  13.261	8049
59902.629520	2216497704.700	  15.756	8049
59902.629636	2216497703.415	  13.545	8049
59902.629751	2216497702.900	  11.835	8049
59902.629867	2216497701.815	  12.678	8049
59902.629983	2216497700.715	  20.849	8049
59902.630099	2216497700.015	  13.457	8049
59902.630214	2216497699.015	   8.741	8049
59902.630330	2216497698.200	  18.130	8049
59902.630446	2216497697.215	  17.495	8049
59902.630561	2216497696.300	  11.427	8049
59902.630677	2216497695.515	  13.784	8049
59902.630793	2216497694.215	   9.816	8049
59902.630909	2216497693.615	   8.278	8049
59902.631024	2216497692.415	  10.360	8049
59902.631140	2216497691.600	   7.906	8049
59902.631256	2216497690.500	  12.547	8049
59902.631372	2216497689.600	   9.564	8049
59902.631488	2216497688.715	  10.864	8049
59902.631603	2216497687.615	   8.687	8049
59902.631719	2216497686.815	  19.147	8049
59902.631835	2216497685.700	  12.376	8049
59902.631950	2216497685.015	   9.760	8049
59902.632066	2216497683.715	  14.639	8049
59902.632182	2216497682.915	  16.730	8049
59902.632298	2216497682.200	   9.472	8049
59902.632413	2216497681.000	  13.017	8049
59902.632529	2216497680.200	  15.895	8049
59902.632645	2216497678.815	  10.372	8049
59902.632761	2216497678.415	   5.995	8049
59902.632876	2216497677.315	  11.263	8049
59902.632992	2216497676.100	   7.668	8049
59902.633108	2216497675.115	  15.589	8049
59902.633224	2216497674.215	  13.857	8049
59902.633339	2216497673.215	  18.911	8049
59902.633455	2216497672.315	  17.018	8049
59902.633571	2216497671.300	  11.288	8049
59902.633687	2216497670.300	   7.813	8049
59902.633802	2216497669.415	   8.732	8049
59902.633918	2216497668.700	  12.972	8049
59902.634034	2216497667.215	  20.134	8049
59902.634150	2216497666.215	   6.588	8049
59902.634265	2216497665.615	   9.826	8049
59902.634381	2216497664.515	  13.335	8049
59902.634497	2216497663.615	   9.435	8049
59902.634612	2216497662.515	  11.724	8049
59902.634728	2216497661.900	  13.504	8049
59902.634844	2216497660.700	  11.722	8049
59902.634960	2216497659.600	  10.525	8049
59902.635075	2216497658.715	  10.493	8049
59902.635191	2216497657.800	   8.367	8049
59902.635307	2216497656.500	  11.358	8049
59902.635423	2216497655.615	  13.430	8049
59902.635538	2216497654.715	  11.299	8049
59902.635654	2216497653.700	   8.816	8049
59902.635770	2216497652.700	  11.885	8049
59902.635886	2216497651.815	  11.160	8049
59902.636001	2216497650.415	  10.212	8049
59902.636117	2216497649.715	  13.700	8049
59902.636233	2216497648.515	  13.416	8049
59902.636349	2216497647.515	   8.768	8049
59902.636464	2216497646.615	   8.719	8049
59902.636580	2216497645.315	  10.512	8049
59902.636696	2216497644.115	   8.224	8049
59902.636812	2216497643.415	  13.111	8049
59902.636927	2216497642.315	   8.979	8049
59902.637043	2216497641.615	  13.977	8049
59902.637159	2216497640.415	   8.782	8049
59902.637274	2216497639.400	  13.277	8049
59902.637390	2216497638.315	  18.765	8049
59902.637506	2216497637.400	  13.088	8049
59902.637622	2216497636.415	  13.575	8049
59902.637737	2216497635.215	   9.725	8049
59902.637853	2216497634.300	   7.761	8049
59902.637969	2216497633.015	  12.666	8049
59902.638085	2216497632.215	  12.726	8049
59902.638201	2216497631.015	   7.885	8049
59902.638316	2216497629.915	  22.689	8049
59902.638432	2216497628.815	   9.319	8049
59902.638548	2216497628.100	  14.028	8049
59902.638663	2216497627.300	  18.026	8049
59902.638779	2216497626.100	   9.174	8049
59902.638895	2216497624.900	  13.293	8049
59902.639011	2216497623.815	  10.695	8049
59902.639126	2216497622.700	  12.533	8049
59902.639242	2216497621.815	   8.867	8049
59902.639358	2216497620.515	  15.771	8049
59902.639474	2216497619.815	  13.303	8049
59902.639589	2216497618.715	  13.460	8049
59902.639705	2216497617.600	  13.824	8049
59902.639821	2216497616.900	   8.101	8049
59902.639936	2216497615.500	  15.431	8049
59902.640052	2216497614.200	  11.121	8049
59902.640168	2216497613.200	  17.401	8049
59902.640284	2216497612.600	   7.135	8049
59902.640399	2216497611.315	  10.574	8049
59902.640515	2216497609.915	  20.321	8049
59902.640631	2216497608.615	  10.487	8049
59902.640747	2216497608.100	   9.698	8049
59902.640862	2216497606.915	  16.099	8049
59902.640978	2216497605.500	   9.483	8049
59902.641094	2216497604.700	  13.811	8049
59902.641210	2216497603.615	  16.325	8049
59902.641325	2216497602.515	   9.998	8049
59902.641441	2216497601.615	  12.525	8049
59902.641557	2216497600.215	   8.420	8049
59902.641673	2216497599.615	   6.319	8049
59902.641788	2216497598.000	   9.998	8049
59902.641904	2216497597.215	  11.834	8049
59902.642020	2216497595.900	  11.786	8049
59902.642136	2216497594.800	  14.536	8049
59902.642251	2216497594.015	  12.173	8049
59902.642367	2216497592.600	  14.672	8049
59902.642483	2216497591.800	   5.058	8049
59902.642598	2216497590.515	  18.287	8049
59902.642714	2216497589.500	   7.684	8049
59902.642830	2216497588.115	   9.538	8049
59902.642946	2216497587.115	  11.200	8049
59902.643061	2216497586.115	  14.396	8049
59902.643177	2216497585.215	   8.538	8049
59902.643293	2216497584.215	  24.009	8049
59902.643409	2216497582.915	  11.314	8049
59902.643524	2216497582.300	   9.672	8049
59902.643640	2216497580.915	   8.658	8049
59902.643756	2216497580.400	  13.216	8049
59902.643872	2216497579.115	  19.683	8049
59902.643987	2216497578.300	  14.833	8049
59902.644103	2216497577.400	  16.565	8049
59902.644219	2216497576.015	  17.777	8049
59902.644335	2216497575.115	  14.652	8049
59902.644450	2216497573.915	  11.188	8049
59902.644566	2216497573.015	  13.097	8049
59902.644682	2216497571.815	   7.724	8049
59902.644798	2216497571.315	  11.255	8049
59902.644913	2216497570.215	  14.084	8049
59902.645029	2216497568.915	   8.802	8049
59902.645145	2216497568.015	  13.558	8049
59902.645261	2216497567.115	  16.321	8049
59902.645376	2216497565.915	  11.651	8049
59902.645492	2216497565.015	  14.009	8049
59902.645608	2216497564.015	   9.908	8049
59902.645724	2216497563.200	  16.901	8049
59902.645839	2216497562.115	  14.694	8049
59902.645955	2216497561.215	  11.497	8049
59902.646071	2216497559.800	  12.061	8049
59902.646187	2216497559.015	   9.173	8049
59902.646302	2216497557.915	  11.379	8049
59902.646418	2216497556.900	  11.476	8049
59902.646534	2216497555.515	  13.507	8049
59902.646649	2216497554.800	  17.934	8049
59902.646765	2216497553.615	  12.843	8049
59902.646881	2216497552.515	   9.850	8049
59902.646997	2216497551.515	  12.786	8049
59902.647112	2216497550.600	  20.037	8049
59902.647228	2216497549.615	  17.764	8049
59902.647344	2216497548.415	  12.138	8049
59902.647460	2216497547.500	  15.495	8049
59902.647575	2216497546.515	  17.571	8049
59902.647691	2216497545.115	  12.659	8049
59902.647807	2216497544.300	   9.890	8049
59902.647923	2216497543.115	  12.849	8049
59902.648038	2216497542.300	  16.422	8049
59902.648154	2216497540.915	  12.955	8049
59902.648270	2216497540.015	  15.500	8049
59902.648386	2216497539.015	  18.070	8049
59902.648501	2216497537.900	  16.032	8049
59902.648617	2216497537.000	  12.501	8049
59902.648733	2216497536.000	  21.419	8049
59902.648848	2216497534.715	  22.929	8049
59902.648964	2216497533.915	   7.974	8049
59902.649080	2216497532.915	  13.386	8049
59902.649196	2216497531.715	  18.991	8049
59902.649312	2216497530.700	  10.010	8049
59902.649427	2216497529.700	   7.602	8049
59902.649543	2216497528.315	  14.758	8049
59902.649659	2216497527.415	  10.723	8049
59902.649774	2216497526.115	   8.856	8049
59902.649890	2216497525.315	  10.118	8049
59902.650006	2216497524.215	   9.533	8049
59902.650122	2216497523.215	  12.862	8049
59902.650237	2216497521.915	   8.942	8049
59902.650353	2216497520.715	  20.330	8049
59902.650469	2216497519.915	  13.653	8049
59902.650585	2216497518.800	  13.125	8049
59902.650700	2216497517.600	  10.437	8049
59902.650816	2216497516.400	  19.802	8049
59902.650932	2216497515.215	  10.842	8049
59902.651048	2216497514.315	  20.849	8049
59902.651163	2216497513.400	  12.580	8049
59902.651279	2216497512.400	  13.709	8049
59902.651395	2216497511.200	  11.269	8049
59902.651511	2216497510.015	   9.301	8049
59902.651626	2216497508.900	  16.172	8049
59902.651742	2216497507.915	  10.615	8049
59902.651858	2216497506.800	  11.342	8049
59902.651974	2216497505.300	   9.128	8049
59902.652089	2216497504.500	  10.024	8049
59902.652205	2216497503.500	  12.460	8049
59902.652321	2216497502.215	  13.957	8049
59902.652436	2216497501.400	  14.592	8049
59902.652552	2216497499.815	  12.888	8049
59902.652668	2216497498.815	  12.501	8049
59902.652784	2216497497.700	  10.706	8049
59902.652899	2216497496.715	   9.700	8049
59902.653015	2216497495.615	  12.631	8049
59902.653131	2216497494.415	   7.565	8049
59902.653247	2216497493.315	   8.489	8049
59902.653362	2216497492.415	  15.445	8049
59902.653478	2216497491.115	  21.711	8049
59902.653594	2216497489.815	   9.120	8049
59902.653710	2216497489.015	  12.199	8049
59902.653825	2216497487.700	  11.844	8049
59902.653941	2216497486.415	  12.434	8049
59902.654057	2216497485.215	  12.542	8049
59902.654173	2216497484.315	  16.236	8049
59902.654288	2216497483.015	  10.052	8049
59902.654404	2216497482.400	  13.310	8049
59902.654520	2216497481.300	   9.908	8049
59902.654636	2216497480.000	  11.606	8049
59902.654751	2216497479.000	  10.379	8049
59902.654867	2216497477.815	  12.779	8049
59902.654983	2216497476.500	   9.759	8049
59902.655098	2216497475.415	  14.480	8049
59902.655214	2216497474.115	  13.536	8049
59902.655330	2216497473.015	  25.940	8049
59902.655446	2216497472.115	  10.834	8049
59902.655561	2216497471.015	   9.566	8049
59902.655677	2216497469.700	   9.364	8049
59902.655793	2216497468.415	   8.139	8049
59902.655909	2216497467.600	  13.408	8049
59902.656024	2216497466.300	   8.604	8049
59902.656140	2216497465.015	  14.076	8049
59902.656256	2216497463.615	  11.273	8049
59902.656372	2216497462.515	   8.601	8049
59902.656487	2216497461.400	   9.208	8049
59902.656603	2216497460.515	  16.483	8049
59902.656719	2216497459.015	  14.790	8049
59902.656835	2216497457.815	  10.367	8049
59902.656950	2216497456.915	  18.226	8049
59902.657066	2216497456.100	  11.890	8049
59902.657182	2216497454.715	  16.014	8049
59902.657298	2216497453.415	  17.470	8049
59902.657413	2216497452.315	  10.548	8049
59902.657529	2216497450.915	  12.739	8049
59902.657645	2216497450.200	  12.992	8049
59902.657760	2216497448.715	  13.855	8049
59902.657876	2216497447.700	   8.936	8049
59902.657992	2216497446.600	  11.261	8049
59902.658108	2216497445.500	  17.775	8049
59902.658224	2216497444.315	  14.102	8049
59902.658339	2216497443.000	   9.567	8049
59902.658455	2216497441.915	  15.581	8049
59902.658571	2216497440.515	  11.244	8049
59902.658687	2216497439.315	  10.144	8049
59902.658802	2216497438.100	  13.238	8049
59902.658918	2216497436.915	  12.707	8049
59902.659034	2216497435.915	   8.718	8049
59902.659149	2216497434.815	  10.129	8049
59902.659265	2216497433.315	   7.847	8049
59902.659381	2216497432.100	  12.062	8049
59902.659497	2216497431.315	   8.733	8049
59902.659612	2216497429.900	   9.530	8049
59902.659728	2216497428.615	  11.721	8049
59902.659844	2216497427.700	  10.336	8049
59902.659960	2216497426.315	   8.956	8049
59902.660075	2216497425.115	  11.701	8049
59902.660191	2216497423.915	   9.633	8049
59902.660307	2216497423.215	   9.221	8049
59902.660423	2216497421.400	   8.447	8049
59902.660538	2216497420.615	  16.117	8049
59902.660654	2216497419.415	  10.117	8049
59902.660770	2216497418.300	  10.261	8049
59902.660886	2216497416.700	   7.776	8049
59902.661001	2216497415.600	  13.235	8049
59902.661117	2216497414.415	  14.443	8049
59902.661233	2216497413.700	  10.822	8049
59902.661348	2216497412.300	  13.195	8049
59902.661464	2216497411.200	  15.950	8049
59902.661580	2216497410.015	  19.015	8049
59902.661696	2216497409.215	  11.552	8049
59902.661812	2216497408.200	   9.043	8049
59902.661927	2216497407.015	  12.936	8049
59902.662043	2216497405.400	  10.439	8049
59902.662159	2216497404.615	  10.815	8049
59902.662274	2216497403.100	  16.696	8049
59902.662390	2216497402.415	  17.511	8049
59902.662506	2216497400.915	  15.693	8049
59902.662622	2216497399.915	  10.578	8049
59902.662737	2216497398.900	  13.193	8049
59902.662853	2216497397.715	  17.678	8049
59902.662969	2216497396.615	   6.764	8049
59902.663085	2216497395.715	   8.933	8049
59902.663200	2216497394.800	   5.496	8049
59902.663316	2216497393.500	  12.224	8049
59902.663432	2216497392.215	   7.446	8049
59902.663548	2216497391.000	  10.112	8049
59902.663663	2216497389.900	   7.750	8049
59902.663895	2216497387.806	   0.003	8049
59902.664011	2216497386.600	   6.135	8049
59902.664126	2216497385.600	   5.564	8049
59902.664242	2216497384.215	   9.641	8049
59902.664358	2216497383.115	   5.577	8049
59902.664589	2216497381.100	   7.119	8049
59902.664705	2216497379.715	   5.936	8049
59902.664821	2216497378.400	   6.495	8049
59902.664936	2216497377.300	   7.329	8049
59902.665052	2216497376.415	  11.248	8049
59902.665168	2216497375.315	   5.068	8049
59902.665284	2216497374.300	   6.752	8049
59902.665399	2216497373.100	   6.993	8049
59902.665515	2216497371.515	   9.531	8049
59902.665631	2216497370.600	   6.267	8049
59902.665747	2216497369.500	   7.402	8049
59902.665863	2216497368.115	  10.262	8049
59902.665978	2216497367.415	   6.832	8049
59902.666094	2216497366.200	   5.671	8049
59902.666210	2216497364.800	   5.818	8049
59902.666325	2216497363.906	   0.004	8049
59902.666441	2216497362.406	   0.003	8049
59902.666557	2216497362.115	   5.978	8049
59902.666673	2216497360.315	  18.381	8049
59902.666788	2216497359.300	   9.795	8049
59902.666904	2216497357.515	  17.784	8049
59902.667020	2216497356.915	  10.290	8049
59902.667136	2216497355.215	  11.662	8049
59902.667251	2216497354.415	   8.413	8049
59902.667367	2216497353.115	  12.387	8049
59902.667483	2216497352.015	  10.345	8049
59902.667598	2216497350.815	  10.183	8049
59902.667714	2216497349.915	  16.649	8049
59902.667830	2216497348.515	  12.714	8049
59902.667946	2216497347.515	  14.877	8049
59902.668062	2216497345.815	   9.614	8049
59902.668177	2216497345.115	  13.666	8049
59902.668293	2216497343.715	   8.542	8049
59902.668409	2216497342.215	   6.746	8049
59902.668524	2216497341.515	   7.890	8049
59902.668640	2216497340.415	   8.199	8049
59902.668756	2216497339.415	  11.424	8049
59902.668872	2216497338.015	   8.041	8049
59902.668987	2216497336.815	   9.209	8049
59902.669103	2216497335.715	  12.791	8049
59902.669219	2216497334.615	   8.216	8049
59902.669335	2216497333.115	  17.647	8049
59902.669450	2216497332.015	   5.425	8049
59902.669566	2216497331.015	   7.097	8049
59902.669682	2216497329.715	   8.211	8049
59902.669798	2216497328.515	  12.089	8049
59902.669913	2216497327.315	  11.063	8049
59902.670029	2216497325.915	   9.673	8049
59902.670145	2216497325.315	  12.367	8049
59902.670261	2216497323.815	   8.901	8049
59902.670376	2216497322.715	  10.030	8049
59902.670492	2216497321.315	  11.329	8049
59902.670608	2216497320.115	   8.607	8049
59902.670724	2216497318.615	   5.902	8049
59902.670839	2216497317.715	   8.450	8049
59902.670955	2216497316.215	   7.426	8049
59902.671071	2216497315.315	  10.082	8049
59902.671187	2216497314.415	   5.448	8049
59902.671302	2216497312.815	  10.225	8049
59902.671418	2216497312.115	   9.239	8049
59902.671534	2216497310.515	   5.910	8049
59902.671649	2216497309.615	   6.412	8049
59902.671765	2216497308.115	   9.465	8049
59902.671881	2216497306.715	  10.557	8049
59902.671997	2216497305.515	   7.768	8049
59902.672113	2216497304.315	   6.357	8049
59902.672228	2216497302.915	   8.521	8049
59902.672344	2216497302.015	  12.809	8049
59902.672460	2216497300.815	  10.868	8049
59902.672575	2216497299.715	   8.948	8049
59902.672691	2216497298.215	   8.903	8049
59902.672807	2216497297.115	   9.422	8049
59902.672923	2216497295.815	   6.468	8049
59902.673038	2216497294.615	  13.539	8049
59902.673154	2216497293.515	   6.800	8049
59902.673270	2216497292.615	   9.530	8049
59902.673386	2216497291.215	   9.448	8049
59902.673617	2216497288.715	  10.062	8049
59902.673733	2216497287.215	   8.766	8049
59902.673848	2216497286.115	   8.592	8049
59902.673964	2216497284.715	   9.717	8049
59902.674080	2216497283.715	   9.950	8049
59902.674196	2216497282.615	   6.468	8049
59902.674312	2216497280.915	  10.968	8049
59902.674427	2216497279.815	  12.830	8049
59902.674543	2216497278.815	   8.483	8049
59902.674659	2216497277.415	  11.286	8049
59902.674774	2216497276.515	   8.185	8049
59902.674890	2216497275.015	   9.862	8049
59902.675006	2216497273.815	  10.915	8049
59902.675122	2216497272.515	   5.344	8049
59902.675353	2216497270.215	   7.210	8049
59902.675585	2216497267.715	   7.006	8049
59902.675816	2216497264.915	   6.018	8049
59902.675932	2216497263.715	   8.698	8049
59902.676048	2216497262.615	   8.584	8049
59902.676163	2216497261.215	   7.761	8049
59902.676279	2216497260.015	  13.255	8049
59902.676395	2216497259.515	   6.109	8049
59902.676511	2216497257.615	  13.087	8049
59902.676626	2216497256.315	  14.297	8049
59902.676742	2216497255.315	  12.551	8049
59902.676858	2216497254.000	  10.667	8049
59902.676974	2216497252.515	  11.884	8049
59902.677089	2216497251.515	   8.611	8049
59902.677205	2216497250.115	   7.688	8049
59902.677321	2216497248.815	  12.561	8049
59902.677436	2216497247.515	  15.870	8049
59902.677552	2216497246.515	   9.717	8049
59902.677668	2216497244.815	   8.999	8049
59902.677784	2216497244.000	  11.897	8049
59902.677899	2216497242.615	  10.888	8049
59902.678015	2216497241.515	   9.872	8049
59902.678131	2216497239.715	  10.493	8049
59902.678247	2216497238.715	   9.054	8049
59902.678362	2216497237.415	  16.930	8049
59902.678478	2216497236.315	  13.295	8049
59902.678594	2216497234.615	   7.211	8049
59902.678710	2216497233.815	  10.087	8049
59902.678825	2216497232.415	   8.722	8049
59902.678941	2216497231.015	   6.607	8049
59902.679057	2216497230.115	   7.519	8049
59902.679173	2216497228.515	  10.820	8049
59902.679288	2216497227.515	   9.007	8049
59902.679404	2216497225.915	   9.227	8049
59902.679520	2216497224.800	  11.889	8049
59902.679636	2216497223.615	   7.987	8049
59902.679751	2216497222.215	   9.650	8049
59902.679867	2216497220.800	  11.254	8049
59902.679983	2216497220.100	   8.701	8049
59902.680099	2216497218.500	  14.253	8049
59902.680214	2216497217.400	   5.652	8049
59902.680330	2216497215.415	   8.104	8049
59902.680446	2216497214.615	  11.685	8049
59902.680561	2216497213.515	   9.509	8049
59902.680677	2216497211.915	   8.463	8049
59902.680793	2216497210.715	   7.217	8049
59902.680909	2216497209.815	   7.234	8049
59902.681025	2216497208.000	   8.122	8049
59902.681140	2216497206.715	   8.783	8049
59902.681256	2216497205.500	   7.104	8049
59902.681372	2216497204.115	  16.017	8049
59902.681487	2216497202.815	   8.452	8049
59902.681603	2216497201.400	   6.658	8049
59902.681719	2216497200.215	   8.491	8049
59902.681835	2216497199.200	  11.279	8049
59902.681950	2216497197.915	   9.519	8049
59902.682066	2216497196.515	  11.992	8049
59902.682182	2216497195.115	   7.392	8049
59902.682298	2216497193.915	   7.646	8049
59902.682413	2216497192.915	   9.279	8049
59902.682529	2216497192.115	   5.743	8049
59902.682645	2216497190.815	   8.181	8049
59902.682760	2216497189.315	   9.710	8049
59902.682876	2216497188.015	  13.394	8049
59902.682992	2216497187.000	   7.331	8049
59902.683108	2216497185.915	   8.954	8049
59902.683224	2216497184.415	   9.924	8049
59902.683339	2216497184.200	   7.329	8049
59902.683455	2216497181.915	  10.928	8049
59902.683571	2216497181.015	   9.532	8049
59902.683686	2216497179.415	   8.341	8049
59902.683802	2216497178.215	   6.236	8049
59902.683918	2216497177.515	   9.906	8049
59902.684034	2216497175.815	  13.791	8049
59902.684149	2216497174.915	   9.273	8049
59902.684265	2216497173.315	   9.585	8049
59902.684381	2216497172.515	   8.304	8049
59902.684497	2216497171.600	   9.090	8049
59902.684612	2216497169.815	   9.775	8049
59902.684728	2216497168.615	  11.545	8049
59902.684844	2216497167.015	   7.448	8049
59902.684960	2216497166.315	  14.142	8049
59902.685075	2216497164.615	  10.822	8049
59902.685191	2216497163.600	  10.466	8049
59902.685307	2216497162.615	   7.884	8049
59902.685423	2216497161.015	   7.583	8049
59902.685538	2216497159.815	  12.257	8049
59902.685654	2216497158.415	  13.516	8049
59902.685770	2216497157.315	  10.349	8049
59902.686001	2216497154.915	   9.685	8049
59902.686117	2216497153.315	   9.443	8049
59902.686233	2216497152.715	  12.829	8049
59902.686348	2216497151.200	   8.904	8049
59902.686464	2216497150.015	   8.809	8049
59902.686580	2216497148.800	   6.952	8049
59902.686696	2216497147.515	  12.560	8049
59902.686811	2216497146.315	  11.936	8049
59902.687043	2216497143.615	  10.102	8049
59902.687159	2216497142.515	  11.073	8049
59902.687274	2216497141.315	   6.988	8049
59902.687390	2216497139.915	   6.714	8049
59902.687506	2216497138.715	   9.910	8049
59902.687622	2216497137.515	   9.084	8049
59902.687737	2216497136.415	  13.294	8049
59902.687853	2216497134.915	  11.051	8049
59902.687969	2216497133.715	   9.769	8049
59902.688085	2216497132.115	  13.381	8049
59902.688200	2216497131.015	   9.575	8049
59902.688316	2216497129.715	   5.506	8049
59902.688432	2216497128.715	   9.458	8049
59902.688548	2216497127.415	   9.794	8049
59902.688663	2216497126.115	   7.881	8049
59902.688779	2216497124.915	  12.306	8049
59902.688895	2216497123.515	   5.752	8049
59902.689010	2216497122.715	  11.300	8049
59902.689126	2216497121.015	   8.522	8049
59902.689242	2216497120.015	   7.240	8049
59902.689358	2216497118.615	  10.809	8049
59902.689474	2216497117.300	   7.833	8049
59902.689589	2216497116.100	   9.729	8049
59902.689705	2216497114.915	   5.860	8049
59902.689821	2216497113.715	   9.495	8049
59902.689936	2216497112.215	  11.257	8049
59902.690052	2216497110.915	   9.078	8049
59902.690168	2216497109.515	  10.114	8049
59902.690284	2216497108.215	  14.496	8049
59902.690399	2216497107.115	   8.289	8049
59902.690515	2216497105.915	  10.731	8049
59902.690631	2216497104.315	   7.759	8049
59902.690747	2216497103.315	  13.261	8049
59902.690862	2216497102.115	   6.323	8049
59902.690978	2216497100.315	   8.934	8049
59902.691094	2216497099.415	   8.497	8049
59902.691210	2216497098.115	  11.985	8049
59902.691325	2216497096.615	   6.725	8049
59902.691441	2216497095.915	   5.723	8049
59902.691557	2216497094.515	   7.321	8049
59902.691673	2216497093.200	   9.530	8049
59902.691788	2216497091.815	   9.619	8049
59902.691904	2216497090.515	   5.957	8049
59902.692020	2216497089.315	  14.404	8049
59902.692136	2216497088.215	   6.408	8049
59902.692251	2216497086.715	   7.374	8049
59902.692367	2216497085.115	  12.456	8049
59902.692483	2216497083.915	   7.662	8049
59902.692598	2216497082.815	  11.031	8049
59902.692714	2216497081.415	   9.411	8049
59902.692830	2216497080.315	  10.702	8049
59902.692946	2216497079.115	   9.885	8049
59902.693061	2216497077.715	  15.560	8049
59902.693177	2216497076.315	  10.058	8049
59902.693293	2216497075.015	   8.152	8049
59902.693409	2216497073.915	  10.073	8049
59902.693524	2216497072.815	  10.002	8049
59902.693640	2216497071.315	  10.502	8049
59902.693756	2216497070.115	  13.924	8049
59902.693872	2216497068.515	   7.091	8049
59902.693987	2216497067.215	   8.190	8049
59902.694103	2216497066.115	  16.940	8049
59902.694219	2216497064.615	  19.243	8049
59902.694335	2216497063.515	   9.846	8049
59902.694450	2216497062.315	   8.378	8049
59902.694566	2216497061.015	   7.836	8049
59902.694682	2216497059.715	   9.334	8049
59902.694798	2216497058.315	  14.455	8049
59902.694913	2216497056.615	   6.797	8049
59902.695029	2216497055.715	   7.864	8049
59902.695145	2216497054.415	   6.812	8049
59902.695260	2216497052.815	  11.038	8049
59902.695376	2216497051.515	  12.694	8049
59902.695492	2216497050.515	  11.741	8049
59902.695608	2216497049.015	   6.495	8049
59902.695723	2216497047.915	  11.868	8049
59902.695839	2216497046.115	   6.916	8049
59902.695955	2216497045.315	   8.811	8049
59902.696071	2216497043.515	   9.718	8049
59902.696187	2216497042.815	   6.278	8049
59902.696302	2216497040.915	  14.048	8049
59902.696418	2216497040.015	   7.830	8049
59902.696534	2216497038.615	   6.688	8049
59902.696649	2216497037.315	   7.940	8049
59902.696765	2216497035.815	   9.060	8049
59902.696881	2216497034.615	   9.308	8049
59902.696997	2216497033.415	  10.873	8049
59902.697112	2216497031.915	   7.579	8049
59902.697228	2216497030.700	   9.288	8049
59902.697344	2216497029.215	   8.832	8049
59902.697460	2216497028.215	   7.613	8049
59902.697575	2216497026.915	   6.578	8049
59902.697691	2216497025.315	   8.022	8049
59902.697807	2216497024.015	  10.250	8049
59902.697923	2216497022.915	   9.787	8049
59902.698038	2216497021.615	  13.107	8049
59902.698154	2216497019.915	   8.734	8049
59902.698270	2216497019.300	   5.594	8049
59902.698386	2216497017.915	   8.716	8049
59902.698501	2216497015.815	   6.810	8049
59902.698617	2216497014.915	   9.240	8049
59902.698733	2216497013.900	   6.281	8049
59902.698848	2216497012.115	   6.953	8049
59902.698964	2216497010.915	   6.103	8049
59902.699080	2216497009.615	   7.460	8049
59902.699196	2216497008.215	  15.709	8049
59902.699311	2216497006.715	   7.290	8049
59902.699427	2216497005.615	   7.981	8049
59902.699659	2216497003.115	   7.239	8049
59902.699774	2216497001.415	   5.806	8049
59902.699890	2216497000.415	  10.954	8049
59902.700006	2216496998.800	   7.448	8049
59902.700122	2216496997.515	  10.576	8049
59902.700237	2216496996.115	  12.556	8049
59902.700353	2216496995.315	   7.357	8049
59902.700469	2216496993.715	  12.359	8049
59902.700585	2216496992.315	  13.509	8049
59902.700700	2216496990.615	   6.836	8049
59902.700816	2216496989.615	  10.923	8049
59902.700932	2216496988.315	   7.557	8049
59902.701048	2216496987.115	   6.950	8049
59902.701163	2216496985.315	  11.341	8049
59902.701279	2216496984.515	   7.743	8049
59902.701395	2216496983.015	   7.539	8049
59902.701511	2216496981.515	   7.140	8049
59902.701626	2216496980.015	   8.976	8049
59902.701742	2216496978.515	  19.164	8049
59902.701858	2216496977.915	   6.935	8049
59902.701974	2216496976.115	  12.994	8049
59902.702089	2216496974.815	  17.999	8049
59902.702205	2216496973.715	  11.451	8049
59902.702321	2216496972.015	   5.935	8049
59902.702436	2216496970.915	  11.750	8049
59902.702552	2216496969.215	   6.119	8049
59902.702668	2216496968.215	  10.266	8049
59902.702784	2216496966.915	   8.060	8049
59902.702900	2216496965.615	  13.380	8049
59902.703015	2216496964.215	  11.591	8049
59902.703131	2216496962.415	   6.327	8049
59902.703247	2216496961.315	  12.678	8049
59902.703362	2216496960.115	  10.087	8049
59902.703478	2216496958.715	  12.475	8049
59902.703594	2216496957.315	   8.157	8049
59902.703710	2216496956.215	   8.826	8049
59902.703825	2216496954.315	  12.408	8049
59902.703941	2216496953.515	  14.093	8049
59902.704057	2216496951.915	   9.467	8049
59902.704173	2216496950.815	  10.569	8049
59902.704288	2216496948.915	   9.552	8049
59902.704404	2216496947.615	   7.518	8049
59902.704520	2216496946.315	   7.612	8049
59902.704636	2216496945.115	  10.918	8049
59902.704751	2216496944.315	   8.271	8049
59902.704867	2216496942.215	   7.451	8049
59902.704983	2216496941.015	   9.117	8049
59902.705098	2216496939.815	   6.573	8049
59902.705214	2216496938.215	  10.934	8049
59902.705330	2216496937.315	   5.462	8049
59902.705446	2216496935.715	  10.102	8049
59902.705561	2216496933.815	   9.040	8049
59902.705677	2216496932.815	   8.517	8049
59902.705793	2216496931.315	   8.542	8049
59902.705909	2216496930.315	  18.529	8049
59902.706025	2216496929.215	   7.015	8049
59902.706140	2216496927.215	   8.442	8049
59902.706256	2216496926.315	   7.767	8049
59902.706372	2216496924.815	   6.929	8049
59902.706487	2216496923.415	  11.751	8049
59902.706603	2216496921.715	   7.595	8049
59902.706719	2216496920.915	   9.158	8049
59902.706835	2216496919.115	   7.104	8049
59902.706950	2216496918.215	   8.536	8049
59902.707066	2216496916.315	  10.226	8049
59902.707182	2216496915.115	   7.992	8049
59902.707298	2216496913.615	  14.641	8049
59902.707413	2216496911.915	   7.220	8049
59902.707529	2216496911.115	   7.913	8049
59902.707645	2216496909.915	   8.972	8049
59902.707760	2216496908.615	  12.105	8049
59902.707876	2216496907.215	  10.750	8049
59902.707992	2216496905.515	  15.644	8049
59902.708108	2216496904.115	  13.902	8049
59902.708224	2216496902.915	  17.011	8049
59902.708339	2216496901.615	  10.030	8049
59902.708455	2216496899.915	   7.226	8049
59902.708571	2216496898.815	  12.183	8049
59902.708686	2216496897.315	   8.229	8049
59902.708802	2216496896.115	   7.732	8049
59902.708918	2216496895.015	  12.637	8049
59902.709034	2216496893.715	  10.063	8049
59902.709149	2216496892.415	   6.957	8049
59902.709265	2216496890.615	  10.285	8049
59902.709381	2216496889.315	  10.221	8049
59902.709497	2216496888.315	  10.072	8049
59902.709613	2216496886.715	  11.072	8049
59902.709728	2216496885.715	  14.433	8049
59902.709844	2216496883.715	  10.100	8049
59902.709960	2216496882.715	   9.528	8049
59902.710075	2216496881.515	   9.562	8049
59902.710191	2216496880.115	  16.878	8049
59902.710307	2216496878.815	   6.945	8049
59902.710423	2216496877.415	   6.697	8049
59902.710538	2216496875.815	   9.264	8049
59902.710654	2216496874.615	   6.214	8049
59902.710770	2216496873.315	  16.403	8049
59902.710886	2216496872.015	   6.841	8049
59902.711001	2216496870.915	   5.341	8049
59902.711117	2216496869.515	   7.592	8049
59902.711233	2216496868.215	   6.356	8049
59902.711349	2216496867.115	   9.540	8049
59902.711464	2216496865.215	   8.601	8049
59902.711580	2216496864.115	  12.680	8049
59902.711696	2216496862.915	   8.174	8049
59902.711811	2216496861.315	   8.491	8049
59902.711927	2216496860.115	   9.878	8049
59902.712043	2216496858.515	   7.435	8049
59902.712159	2216496857.315	  10.270	8049
59902.712274	2216496856.000	   5.429	8049
59902.712390	2216496854.615	   6.861	8049
59902.712506	2216496853.715	   7.257	8049
59902.712622	2216496852.115	   5.344	8049
59902.712737	2216496850.715	  11.442	8049
59902.712853	2216496849.700	  10.755	8049
59902.712969	2216496848.015	   8.204	8049
59902.713085	2216496846.615	  10.359	8049
59902.713200	2216496845.215	   7.225	8049
59902.713316	2216496844.115	   8.315	8049
59902.713432	2216496842.615	  10.379	8049
59902.713548	2216496841.315	  12.670	8049
59902.713663	2216496840.215	   7.803	8049
59902.713779	2216496838.515	  10.100	8049
59902.713895	2216496837.215	   9.602	8049
59902.714011	2216496836.115	  10.323	8049
59902.714126	2216496834.315	   6.095	8049
59902.714242	2216496832.915	   7.297	8049
59902.714358	2216496831.815	  10.782	8049
59902.714473	2216496830.215	   7.564	8049
59902.714589	2216496828.915	   8.760	8049
59902.714705	2216496827.615	   8.488	8049
59902.714821	2216496826.015	  11.541	8049
59902.714937	2216496824.815	   9.179	8049
59902.715052	2216496823.815	  13.507	8049
59902.715168	2216496822.215	   9.555	8049
59902.715284	2216496821.115	  10.689	8049
59902.715399	2216496819.715	   6.826	8049
59902.715515	2216496818.215	   8.965	8049
59902.715631	2216496817.115	   6.220	8049
59902.715747	2216496815.515	  11.705	8049
59902.715862	2216496814.415	   8.019	8049
59902.715978	2216496812.915	   9.024	8049
59902.716094	2216496811.415	  10.164	8049
59902.716210	2216496810.515	   7.278	8049
59902.716325	2216496808.715	   7.256	8049
59902.716441	2216496807.515	  10.721	8049
59902.716557	2216496806.315	  15.702	8049
59902.716673	2216496804.715	  14.217	8049
59902.716788	2216496803.015	   8.814	8049
59902.716904	2216496802.215	  12.908	8049
59902.717020	2216496800.715	   7.963	8049
59902.717136	2216496799.715	   7.885	8049
59902.717251	2216496798.215	  12.000	8049
59902.717367	2216496796.315	  16.639	8049
59902.717483	2216496795.015	  11.499	8049
59902.717598	2216496793.715	   8.657	8049
59902.717714	2216496792.715	   9.501	8049
59902.717830	2216496791.115	   9.513	8049
59902.717946	2216496789.715	  13.477	8049
59902.718061	2216496788.415	   7.440	8049
59902.718177	2216496786.715	   7.685	8049
59902.718293	2216496785.915	   8.107	8049
59902.718409	2216496784.015	   6.842	8049
59902.718524	2216496782.715	  12.442	8049
59902.718640	2216496781.315	  10.507	8049
59902.718756	2216496780.515	   6.138	8049
59902.718872	2216496778.815	   6.088	8049
59902.718987	2216496777.515	  15.134	8049
59902.719103	2216496776.215	  11.404	8049
59902.719219	2216496774.815	   9.860	8049
59902.719450	2216496772.615	   6.784	8049
59902.719566	2216496770.715	  12.348	8049
59902.719682	2216496769.615	   6.921	8049
59902.719913	2216496766.415	   9.765	8049
59902.720029	2216496765.015	   6.912	8049
59902.720145	2216496763.915	   6.403	8049
59902.720376	2216496761.015	  13.129	8049
59902.720492	2216496760.215	   7.113	8049
59902.720608	2216496758.415	   7.869	8049
59902.720723	2216496757.315	   6.349	8049
59902.720839	2216496755.315	   8.300	8049
59902.720955	2216496754.715	   7.173	8049
59902.721071	2216496752.915	   6.662	8049
59902.721186	2216496751.415	   8.231	8049
59902.721302	2216496749.815	   7.317	8049
59902.721418	2216496748.615	   9.341	8049
59902.721534	2216496747.315	   9.504	8049
59902.721649	2216496745.915	  11.289	8049
59902.721765	2216496744.915	   7.002	8049
59902.721881	2216496743.115	  13.647	8049
59902.721997	2216496742.015	   6.903	8049
59902.722112	2216496740.715	   5.840	8049
59902.722228	2216496739.215	   7.004	8049
59902.722344	2216496737.515	   6.631	8049
59902.722460	2216496736.415	  11.931	8049
59902.722575	2216496735.200	   6.993	8049
59902.722691	2216496733.715	   7.906	8049
59902.722807	2216496732.215	   9.187	8049
59902.722923	2216496730.200	   6.894	8049
59902.723038	2216496729.515	  11.824	8049
59902.723154	2216496728.115	   8.831	8049
59902.723270	2216496726.615	  11.204	8049
59902.723386	2216496725.715	  10.023	8049
59902.723501	2216496724.315	   9.274	8049
59902.723617	2216496722.815	  15.093	8049
59902.723733	2216496721.315	   9.111	8049
59902.723849	2216496719.815	  11.027	8049
59902.723964	2216496718.615	  14.241	8049
59902.724080	2216496716.815	   7.862	8049
59902.724196	2216496715.815	  10.780	8049
59902.724311	2216496714.515	  15.433	8049
59902.724427	2216496713.400	  10.634	8049
59902.724543	2216496711.715	   7.920	8049
59902.724659	2216496710.315	   9.812	8049
59902.724774	2216496709.015	  12.560	8049
59902.724890	2216496707.515	   9.743	8049
59902.725006	2216496706.315	  10.283	8049
59902.725122	2216496704.815	  12.273	8049
59902.725237	2216496703.315	  12.168	8049
59902.725353	2216496701.815	  14.007	8049
59902.725469	2216496700.700	   7.861	8049
59902.725585	2216496699.315	  10.234	8049
59902.725700	2216496697.915	   7.801	8049
59902.725816	2216496696.515	   6.884	8049
59902.725932	2216496694.815	  12.625	8049
59902.726048	2216496693.615	   7.096	8049
59902.726163	2216496692.215	  10.866	8049
59902.726279	2216496691.015	  15.781	8049
59902.726395	2216496689.415	  12.584	8049
59902.726511	2216496688.315	  12.730	8049
59902.726626	2216496686.915	   9.675	8049
59902.726742	2216496685.215	  10.883	8049
59902.726858	2216496684.015	  14.893	8049
59902.726973	2216496682.415	  12.407	8049
59902.727089	2216496681.415	   8.330	8049
59902.727205	2216496680.115	   7.481	8049
59902.727321	2216496678.515	  10.849	8049
59902.727437	2216496677.315	   5.506	8049
59902.727552	2216496675.515	   6.950	8049
59902.727668	2216496674.515	   7.445	8049
59902.727784	2216496673.000	   8.890	8049
59902.727899	2216496671.415	   7.892	8049
59902.728015	2216496669.915	   5.840	8049
59902.728247	2216496667.415	   7.891	8049
59902.728362	2216496666.115	   6.892	8049
59902.728478	2216496664.315	   6.491	8049
59902.728710	2216496661.815	   7.099	8049
59902.729057	2216496658.215	   5.286	8049
59902.729288	2216496655.015	   9.452	8049
59902.729404	2216496653.715	  10.289	8049
59902.729520	2216496652.515	   7.517	8049
59902.729636	2216496650.815	   6.469	8049
59902.729751	2216496649.715	   5.046	8049
59902.729867	2216496648.315	   5.901	8049
59902.729983	2216496646.915	   6.013	8049
59902.730099	2216496645.215	   9.559	8049
59902.730214	2216496643.815	   6.411	8049
59902.730330	2216496642.515	   7.217	8049
59902.730446	2216496641.115	  13.685	8049
59902.730561	2216496640.015	  11.137	8049
59902.730677	2216496638.215	   7.547	8049
59902.730793	2216496636.815	  14.512	8049
59902.730909	2216496635.815	   9.039	8049
59902.731025	2216496634.200	   8.313	8049
59902.731140	2216496632.515	   5.524	8049
59902.731256	2216496631.415	   6.586	8049
59902.731372	2216496630.315	   7.190	8049
59902.731487	2216496628.715	   7.908	8049
59902.731603	2216496627.715	   8.090	8049
59902.731719	2216496626.115	   7.908	8049
59902.731835	2216496624.515	   8.297	8049
59902.731950	2216496623.115	   6.764	8049
59902.732066	2216496621.915	  18.444	8049
59902.732182	2216496620.015	   8.644	8049
59902.732298	2216496619.215	   8.014	8049
59902.732413	2216496617.615	   5.042	8049
59902.732529	2216496616.115	   6.942	8049
59902.732645	2216496614.815	  11.048	8049
59902.732760	2216496613.415	   9.402	8049
59902.732876	2216496612.015	  12.702	8049
59902.732992	2216496610.715	  10.859	8049
59902.733108	2216496609.315	  10.744	8049
59902.733223	2216496608.215	  10.158	8049
59902.733339	2216496606.415	   8.512	8049
59902.733455	2216496604.915	   6.674	8049
59902.733571	2216496603.615	   9.470	8049
59902.733687	2216496602.315	  15.770	8049
59902.733802	2216496601.015	  11.222	8049
59902.733918	2216496599.615	   6.832	8049
59902.734034	2216496598.415	  13.284	8049
59902.734149	2216496597.215	   8.155	8049
59902.734265	2216496595.715	   8.735	8049
59902.734381	2216496594.415	   5.204	8049
59902.734497	2216496591.715	   6.172	8049
59902.734612	2216496591.215	  12.189	8049
59902.734728	2216496589.715	  12.667	8049
59902.734844	2216496588.315	   8.988	8049
59902.734960	2216496587.515	   7.633	8049
59902.735075	2216496585.715	  15.851	8049
59902.735191	2216496584.015	   9.533	8049
59902.735307	2216496583.115	  11.783	8049
59902.735423	2216496581.015	   5.258	8049
59902.735538	2216496580.015	   6.093	8049
59902.735654	2216496578.815	   7.893	8049
59902.735770	2216496577.415	   9.092	8049
59902.735886	2216496576.315	   7.059	8049
59902.736001	2216496574.315	   6.791	8049
59902.736117	2216496573.515	   7.093	8049
59902.736233	2216496571.715	   7.079	8049
59902.736348	2216496570.915	   7.620	8049
59902.736464	2216496569.115	  14.728	8049
59902.736580	2216496567.815	  13.596	8049
59902.736696	2216496566.115	  13.604	8049
59902.736811	2216496564.915	  10.743	8049
59902.736927	2216496563.315	  10.451	8049
59902.737043	2216496562.115	   7.997	8049
59902.737159	2216496560.615	   6.523	8049
59902.737274	2216496559.415	  12.029	8049
59902.737390	2216496557.815	   8.329	8049
59902.737506	2216496556.615	   9.588	8049
59902.737622	2216496555.515	  12.734	8049
59902.737737	2216496553.615	  12.304	8049
59902.737853	2216496552.115	   6.487	8049
59902.737969	2216496551.015	  14.401	8049
59902.738085	2216496549.515	  14.552	8049
59902.738200	2216496548.215	  13.946	8049
59902.738316	2216496546.815	   9.915	8049
59902.738432	2216496545.615	   8.207	8049
59902.738548	2216496544.115	   9.394	8049
59902.738663	2216496542.815	   9.399	8049
59902.738779	2216496541.315	  12.002	8049
59902.738895	2216496539.815	  11.262	8049
59902.739011	2216496538.615	  16.376	8049
59902.739126	2216496537.315	   9.964	8049
59902.739242	2216496536.115	   6.181	8049
59902.739358	2216496534.315	   9.633	8049
59902.739473	2216496533.015	   9.664	8049
59902.739589	2216496531.615	  10.950	8049
59902.739705	2216496530.215	  15.917	8049
59902.739821	2216496528.615	   6.674	8049
59902.739936	2216496527.315	   7.090	8049
59902.740052	2216496525.815	   9.957	8049
59902.740168	2216496524.515	   7.185	8049
59902.740284	2216496523.215	   9.851	8049
59902.740399	2216496521.515	   7.277	8049
59902.740515	2216496520.315	   9.355	8049
59902.740631	2216496519.115	   8.812	8049
59902.740747	2216496517.715	   6.484	8049
59902.740862	2216496516.515	   8.640	8049
59902.740978	2216496514.915	  10.122	8049
59902.741094	2216496513.715	  14.453	8049
59902.741210	2216496512.115	  10.845	8049
59902.741325	2216496510.515	   7.004	8049
59902.741441	2216496509.415	   9.425	8049
59902.741557	2216496508.415	   6.501	8049
59902.741673	2216496506.515	   6.507	8049
59902.741788	2216496505.415	  13.423	8049
59902.741904	2216496503.815	   8.920	8049
59902.742020	2216496502.515	   8.403	8049
59902.742135	2216496501.015	  19.417	8049
59902.742251	2216496499.715	  10.649	8049
59902.742367	2216496498.700	  11.380	8049
59902.742483	2216496497.015	  11.338	8049
59902.742598	2216496495.615	   9.712	8049
59902.742714	2216496494.200	   8.467	8049
59902.742830	2216496492.415	   5.193	8049
59902.742946	2216496491.515	   9.211	8049
59902.743061	2216496490.215	   8.984	8049
59902.743177	2216496488.715	   7.767	8049
59902.743293	2216496487.315	   6.581	8049
59902.743409	2216496485.615	  11.468	8049
59902.743525	2216496484.715	   6.509	8049
59902.743640	2216496482.715	  10.083	8049
59902.743756	2216496481.315	   9.984	8049
59902.743872	2216496480.415	  11.379	8049
59902.743987	2216496478.515	   7.325	8049
59902.744103	2216496477.615	   8.889	8049
59902.744219	2216496476.300	   8.586	8049
59902.744335	2216496474.900	  10.315	8049
59902.744450	2216496473.300	  10.136	8049
59902.744566	2216496471.800	   9.300	8049
59902.744682	2216496470.315	   9.452	8049
59902.744798	2216496468.815	   7.538	8049
59902.744913	2216496467.715	  11.790	8049
59902.745029	2216496466.315	   8.052	8049
59902.745145	2216496465.015	   9.183	8049
59902.745261	2216496463.715	  11.709	8049
59902.745376	2216496462.500	   9.812	8049
59902.745492	2216496460.715	  17.494	8049
59902.745608	2216496459.415	   7.509	8049
59902.745723	2216496458.015	   9.751	8049
59902.745839	2216496456.915	  15.461	8049
59902.745955	2216496455.415	  10.039	8049
59902.746071	2216496454.215	   8.655	8049
59902.746186	2216496452.715	  14.977	8049
59902.746302	2216496451.215	   6.977	8049
59902.746418	2216496450.000	  11.810	8049
59902.746534	2216496448.515	  11.161	8049
59902.746650	2216496446.915	   9.853	8049
59902.746765	2216496445.415	   7.665	8049
59902.746881	2216496444.715	   7.078	8049
59902.746997	2216496442.915	  13.233	8049
59902.747112	2216496441.515	  10.665	8049
59902.747228	2216496440.015	  12.694	8049
59902.747344	2216496438.715	  10.897	8049
59902.747460	2216496437.115	  10.627	8049
59902.747575	2216496436.000	  16.372	8049
59902.747691	2216496434.800	  15.528	8049
59902.747807	2216496433.015	  12.947	8049
59902.747923	2216496431.715	   7.923	8049
59902.748038	2216496430.500	  10.442	8049
59902.748154	2216496429.015	  11.979	8049
59902.748270	2216496428.200	  11.491	8049
59902.748386	2216496426.415	  11.531	8049
59902.748501	2216496424.915	   9.405	8049
59902.748617	2216496423.815	   8.458	8049
59902.748733	2216496422.000	   9.278	8049
59902.748849	2216496421.115	   9.986	8049
59902.748964	2216496419.600	   9.116	8049
59902.749080	2216496418.115	  10.411	8049
59902.749196	2216496416.700	  13.924	8049
59902.749311	2216496415.115	  11.706	8049
59902.749427	2216496413.500	   7.921	8049
59902.749543	2216496412.615	   9.093	8049
59902.749659	2216496411.115	  10.876	8049
59902.749774	2216496409.615	  12.414	8049
59902.749890	2216496408.515	   9.333	8049
59902.750006	2216496406.615	   8.590	8049
59902.750122	2216496405.615	  12.761	8049
59902.750238	2216496404.515	  10.426	8049
59902.750353	2216496403.100	  14.157	8049
59902.750469	2216496401.415	  12.509	8049
59902.750585	2216496400.315	  18.132	8049
59902.750700	2216496399.115	   7.391	8049
59902.750816	2216496397.115	  12.914	8049
59902.750932	2216496396.215	   9.511	8049
59902.751048	2216496394.815	   7.882	8049
59902.751163	2216496393.315	  18.842	8049
59902.751279	2216496391.700	  12.534	8049
59902.751395	2216496390.715	   8.833	8049
59902.751511	2216496389.315	  13.529	8049
59902.751626	2216496387.815	   8.532	8049
59902.751742	2216496386.600	  14.006	8049
59902.751858	2216496385.200	  15.073	8049
59902.751973	2216496383.700	   8.572	8049
59902.752089	2216496382.315	   9.383	8049
59902.752205	2216496380.915	  16.597	8049
59902.752321	2216496379.800	  13.747	8049
59902.752436	2216496378.100	  10.277	8049
59902.752552	2216496376.815	  11.096	8049
59902.752668	2216496375.700	  14.842	8049
59902.752784	2216496374.215	   8.235	8049
59902.752900	2216496372.700	  10.432	8049
59902.753015	2216496371.300	  14.955	8049
59902.753131	2216496369.815	  14.390	8049
59902.753247	2216496368.800	  11.981	8049
59902.753362	2216496367.215	  11.626	8049
59902.753478	2216496366.215	  16.479	8049
59902.753594	2216496364.615	  11.989	8049
59902.753710	2216496363.500	  11.076	8049
59902.753825	2216496361.600	  13.075	8049
59902.753941	2216496360.515	  14.908	8049
59902.754057	2216496359.115	  16.041	8049
59902.754173	2216496357.900	  11.175	8049
59902.754288	2216496356.115	  11.963	8049
59902.754404	2216496354.715	   9.994	8049
59902.754520	2216496353.500	  14.602	8049
59902.754635	2216496352.200	  15.038	8049
59902.754751	2216496350.815	  14.949	8049
59902.754867	2216496349.515	   9.034	8049
59902.754983	2216496347.815	  10.505	8049
59902.755099	2216496346.815	  10.073	8049
59902.755214	2216496345.115	  10.543	8049
59902.755330	2216496343.815	   9.120	8049
59902.755446	2216496342.715	  13.996	8049
59902.755561	2216496341.215	   9.251	8049
59902.755677	2216496339.815	  11.836	8049
59902.755793	2216496338.400	   7.491	8049
59902.755909	2216496337.015	  11.650	8049
59902.756024	2216496335.800	  13.044	8049
59902.756140	2216496334.015	  10.161	8049
59902.756256	2216496333.315	  11.725	8049
59902.756372	2216496331.700	  11.788	8049
59902.756487	2216496330.515	  11.021	8049
59902.756603	2216496328.815	   8.396	8049
59902.756719	2216496327.615	   8.598	8049
59902.756835	2216496326.315	  10.122	8049
59902.756950	2216496325.015	  16.249	8049
59902.757066	2216496323.315	  15.518	8049
59902.757182	2216496322.300	  11.546	8049
59902.757298	2216496320.900	  10.142	8049
59902.757413	2216496319.715	  14.395	8049
59902.757529	2216496318.500	  13.871	8049
59902.757645	2216496317.100	  18.249	8049
59902.757761	2216496315.400	  11.123	8049
59902.757876	2216496314.200	  11.675	8049
59902.757992	2216496312.315	  10.224	8049
59902.758108	2216496311.415	  22.906	8049
59902.758223	2216496310.000	  11.403	8049
59902.758339	2216496308.415	  16.109	8049
59902.758455	2216496306.715	   9.967	8049
59902.758571	2216496305.015	   9.508	8049
59902.758687	2216496304.500	  10.646	8049
59902.758802	2216496302.415	   7.727	8049
59902.758918	2216496300.915	  11.956	8049
59902.759034	2216496299.915	   6.844	8049
59902.759149	2216496298.400	  10.546	8049
59902.759265	2216496297.200	   9.348	8049
59902.759381	2216496295.300	   6.018	8049
59902.759497	2216496294.015	  17.780	8049
59902.759612	2216496292.615	   8.859	8049
59902.759728	2216496291.000	   7.047	8049
59902.759844	2216496290.000	  14.535	8049
59902.759960	2216496288.400	   9.817	8049
59902.760075	2216496287.200	  11.476	8049
59902.760191	2216496285.600	  13.284	8049
59902.760307	2216496284.500	  14.582	8049
59902.760423	2216496283.100	  13.289	8049
59902.760538	2216496281.515	   8.217	8049
59902.760654	2216496280.000	  12.487	8049
59902.760770	2216496278.615	   8.953	8049
59902.760885	2216496277.400	  10.239	8049
59902.761001	2216496275.900	   9.079	8049
59902.761117	2216496274.700	  10.627	8049
59902.761233	2216496272.815	  14.635	8049
59902.761349	2216496271.615	   9.536	8049
59902.761464	2216496270.315	  10.702	8049
59902.761580	2216496268.415	  15.923	8049
59902.761696	2216496267.200	   7.150	8049
59902.761811	2216496266.315	   7.245	8049
59902.761927	2216496264.700	  13.916	8049
59902.762043	2216496263.100	   9.975	8049
59902.762159	2216496261.500	  10.732	8049
59902.762275	2216496260.300	  10.267	8049
59902.762390	2216496259.015	   8.688	8049
59902.762506	2216496257.500	   9.690	8049
59902.762622	2216496256.100	   8.237	8049
59902.762737	2216496254.900	  10.275	8049
59902.762853	2216496253.215	  13.923	8049
59902.762969	2216496251.815	  13.593	8049
59902.763085	2216496250.500	  11.399	8049
59902.763200	2216496248.800	  14.038	8049
59902.763316	2216496247.600	   9.181	8049
59902.763432	2216496246.300	  10.496	8049
59902.763548	2216496244.900	  10.857	8049
59902.763663	2216496243.500	  11.146	8049
59902.763779	2216496241.900	  12.886	8049
59902.763895	2216496240.600	   7.231	8049
59902.764011	2216496239.300	  12.252	8049
59902.764126	2216496237.715	  12.339	8049
59902.764242	2216496236.300	   9.618	8049
59902.764358	2216496235.115	   7.772	8049
59902.764473	2216496233.700	  13.586	8049
59902.764589	2216496232.200	  15.907	8049
59902.764705	2216496231.000	  11.768	8049
59902.764821	2216496229.500	   8.551	8049
59902.764937	2216496227.615	  10.805	8049
59902.765052	2216496226.600	  10.441	8049
59902.765168	2216496225.400	  16.546	8049
59902.765284	2216496223.700	   8.462	8049
59902.765400	2216496222.300	  14.262	8049
59902.765515	2216496220.800	   9.633	8049
59902.765631	2216496219.615	  15.898	8049
59902.765747	2216496217.900	   8.156	8049
59902.765862	2216496217.000	  12.506	8049
59902.765978	2216496215.215	   7.976	8049
59902.766094	2216496214.100	  10.826	8049
59902.766210	2216496212.615	   8.369	8049
59902.766325	2216496210.915	  12.102	8049
59902.766441	2216496210.200	   9.391	8049
59902.766557	2216496208.400	  10.227	8049
59902.766673	2216496207.015	  12.362	8049
59902.766788	2216496205.715	   9.742	8049
59902.766904	2216496204.300	  12.725	8049
59902.767020	2216496202.900	  12.903	8049
59902.767136	2216496201.315	  15.129	8049
59902.767251	2216496200.015	  16.701	8049
59902.767367	2216496198.700	  17.241	8049
59902.767483	2216496199.300	   8.378	8049
59902.767598	2216496197.615	   8.784	8049
59902.767714	2216496196.600	  11.131	8049
59902.767830	2216496194.915	  22.597	8049
59902.767946	2216496193.600	  11.738	8049
59902.768061	2216496192.015	  14.160	8049
59902.768177	2216496190.715	  10.618	8049
59902.768293	2216496189.815	   8.712	8049
59902.768409	2216496187.715	   8.430	8049
59902.768524	2216496186.615	  22.015	8049
59902.768640	2216496185.400	  14.451	8049
59902.768756	2216496183.415	  10.557	8049
59902.768872	2216496182.700	  11.505	8049
59902.768987	2216496181.100	  10.624	8049
59902.769103	2216496179.700	  10.583	8049
59902.769219	2216496178.300	  24.333	8049
59902.769335	2216496176.800	  13.248	8049
59902.769450	2216496175.415	   8.418	8049
59902.769566	2216496174.015	  10.827	8049
59902.769682	2216496172.400	   6.971	8049
59902.769798	2216496171.100	  15.252	8049
59902.769913	2216496169.800	   8.402	8049
59902.770029	2216496167.915	  10.434	8049
59902.770145	2216496167.200	  13.411	8049
59902.770261	2216496165.715	   8.857	8049
59902.770376	2216496164.315	   8.924	8049
59902.770492	2216496162.500	  12.816	8049
59902.770608	2216496161.015	  10.379	8049
59902.770724	2216496159.815	  14.426	8049
59902.770839	2216496158.215	  13.066	8049
59902.770955	2216496157.000	  11.204	8049
59902.771071	2216496155.615	   9.499	8049
59902.771187	2216496154.100	  12.481	8049
59902.771302	2216496152.715	  11.683	8049
59902.771418	2216496151.300	   6.789	8049
59902.771534	2216496149.800	  14.863	8049
59902.771650	2216496148.400	  13.354	8049
59902.771765	2216496147.100	   7.790	8049
59902.771881	2216496145.800	  10.265	8049
59902.771997	2216496144.500	   8.324	8049
59902.772112	2216496142.700	  12.400	8049
59902.772228	2216496141.015	  10.406	8049
59902.772344	2216496140.100	  11.681	8049
59902.772460	2216496138.415	   8.519	8049
59902.772575	2216496137.200	   9.136	8049
59902.772691	2216496135.500	   9.339	8049
59902.772807	2216496134.200	   7.159	8049
59902.772923	2216496132.515	  10.063	8049
59902.773038	2216496131.115	  13.484	8049
59902.773154	2216496129.500	   8.821	8049
59902.773270	2216496128.300	  14.080	8049
59902.773385	2216496127.200	  13.908	8049
59902.773501	2216496125.900	  11.986	8049
59902.773617	2216496124.115	  16.119	8049
59902.773733	2216496123.115	  16.932	8049
59902.773849	2216496121.915	  10.123	8049
59902.773964	2216496120.900	  12.600	8049
59902.774080	2216496119.015	  13.872	8049
59902.774196	2216496118.015	  11.687	8049
59902.774311	2216496116.500	  11.484	8049
59902.774427	2216496115.600	  21.660	8049
59902.774543	2216496113.915	  14.459	8049
59902.774659	2216496112.415	   9.984	8049
59902.774774	2216496111.415	  10.333	8049
59902.774890	2216496110.215	  10.936	8049
59902.775006	2216496108.600	   7.425	8049
59902.775122	2216496107.300	   8.009	8049
59902.775237	2216496105.815	   8.756	8049
59902.775353	2216496104.900	  11.676	8049
59902.775469	2216496103.615	  11.898	8049
59902.775585	2216496102.300	   9.414	8049
59902.775700	2216496101.100	  14.556	8049
59902.775816	2216496099.615	   9.742	8049
59902.775932	2216496098.400	  14.349	8049
59902.776047	2216496097.015	  12.245	8049
59902.776163	2216496095.515	  11.430	8049
59902.776279	2216496094.400	  15.568	8049
59902.776395	2216496092.800	  15.425	8049
59902.776511	2216496091.415	   8.995	8049
59902.776626	2216496090.315	  11.047	8049
59902.776742	2216496088.900	  15.203	8049
59902.776858	2216496088.000	  11.766	8049
59902.776974	2216496086.515	   9.754	8049
59902.777089	2216496084.815	   8.468	8049
59902.777205	2216496083.815	   9.623	8049
59902.777321	2216496082.415	   9.699	8049
59902.777436	2216496081.200	  11.319	8049
59902.777552	2216496079.615	   9.857	8049
59902.777668	2216496078.315	  10.911	8049
59902.777784	2216496077.300	  10.062	8049
59902.777899	2216496075.600	   8.245	8049
59902.778015	2216496074.115	  16.962	8049
59902.778131	2216496073.115	   8.935	8049
59902.778247	2216496071.415	  12.435	8049
59902.778362	2216496070.015	   8.320	8049
59902.778478	2216496068.900	  10.655	8049
59902.778594	2216496067.515	  17.363	8049
59902.778710	2216496066.215	  19.605	8049
59902.778825	2216496065.015	   9.014	8049
59902.778941	2216496063.415	  13.554	8049
59902.779057	2216496062.200	   9.117	8049
59902.779173	2216496060.815	  15.682	8049
59902.779288	2216496059.515	  11.202	8049
59902.779404	2216496058.215	   9.142	8049
59902.779520	2216496056.615	  11.097	8049
59902.779635	2216496055.415	  15.518	8049
59902.779751	2216496054.215	  14.946	8049
59902.779867	2216496052.515	  14.363	8049
59902.779983	2216496051.215	   9.993	8049
59902.780099	2216496049.915	   9.078	8049
59902.780214	2216496048.115	   9.121	8049
59902.780330	2216496047.100	  10.591	8049
59902.780446	2216496045.900	  11.461	8049
59902.780562	2216496044.615	   8.349	8049
59902.780677	2216496043.100	  12.285	8049
59902.780793	2216496041.700	  12.559	8049
59902.780909	2216496040.315	  11.675	8049
59902.781024	2216496039.300	   8.423	8049
59902.781140	2216496037.415	  13.688	8049
59902.781256	2216496036.115	  13.673	8049
59902.781372	2216496035.000	  17.395	8049
59902.781487	2216496033.600	  16.358	8049
59902.781603	2216496032.300	  10.783	8049
59902.781719	2216496030.615	  14.141	8049
59902.781835	2216496029.115	  13.226	8049
59902.781950	2216496028.000	  11.727	8049
59902.782066	2216496026.315	  11.386	8049
59902.782182	2216496025.600	   7.636	8049
59902.782298	2216496023.600	  10.734	8049
59902.782413	2216496022.415	  13.463	8049
59902.782529	2216496021.315	  11.219	8049
59902.782645	2216496019.800	   8.439	8049
59902.782761	2216496018.115	  10.187	8049
59902.782876	2216496017.200	  21.474	8049
59902.782992	2216496015.300	  20.681	8049
59902.783108	2216496014.500	   8.544	8049
59902.783224	2216496012.900	   9.975	8049
59902.783339	2216496011.200	   9.329	8049
59902.783455	2216496009.815	  14.417	8049
59902.783571	2216496008.600	  15.005	8049
59902.783687	2216496007.606	   0.005	8049
59902.783918	2216496004.306	   0.002	8049
59902.784034	2216496003.306	   0.004	8049
59902.784150	2216496001.506	   0.003	8049
59902.784265	2216496000.206	   0.009	8049
59902.784381	2216495999.006	   0.005	8049
59902.784497	2216495997.206	   0.004	8049
59902.784728	2216495994.415	   6.374	8049
59902.784844	2216495993.015	   6.600	8049
59902.784960	2216495991.515	   8.313	8049
59902.785075	2216495990.400	   6.400	8049
59902.785191	2216495988.715	   7.546	8049
59902.785307	2216495987.715	   5.246	8049
59902.785423	2216495985.915	   7.167	8049
59902.785538	2216495984.415	   9.156	8049
59902.785654	2216495983.315	  10.533	8049
59902.785770	2216495981.515	   6.285	8049
59902.785886	2216495980.515	   7.693	8049
59902.786001	2216495979.300	   5.216	8049
59902.786117	2216495977.500	   7.589	8049
59902.786233	2216495976.906	   0.003	8049
59902.786349	2216495975.115	  10.303	8049
59902.786464	2216495974.306	   0.002	8049
59902.786580	2216495972.400	   5.085	8049
59902.786696	2216495971.415	   8.167	8049
59902.786811	2216495970.215	   5.743	8049
59902.786927	2216495969.100	   7.170	8049
59902.787043	2216495967.800	   6.203	8049
59902.787159	2216495966.315	   9.889	8049
59902.787274	2216495965.215	  10.920	8049
59902.787390	2216495963.515	  10.418	8049
59902.787506	2216495962.400	  13.710	8049
59902.787622	2216495961.115	  14.229	8049
59902.787738	2216495959.815	  14.741	8049
59902.787853	2216495958.900	  16.213	8049
59902.787969	2216495957.215	  11.478	8049
59902.788085	2216495955.900	   9.418	8049
59902.788200	2216495954.400	   8.457	8049
59902.788316	2216495953.515	  11.246	8049
59902.788432	2216495951.715	   6.612	8049
59902.788548	2216495951.300	   7.735	8049
59902.788663	2216495949.500	  15.672	8049
59902.788779	2216495948.115	  10.880	8049
59902.788895	2216495947.215	  17.575	8049
59902.789011	2216495945.300	   8.745	8049
59902.789126	2216495944.515	  18.241	8049
59902.789242	2216495943.300	   9.353	8049
59902.789358	2216495942.015	  10.873	8049
59902.789474	2216495940.515	  14.687	8049
59902.789589	2216495939.315	  11.509	8049
59902.789705	2216495937.815	  12.250	8049
59902.789821	2216495936.500	  14.076	8049
59902.789936	2216495935.500	  14.738	8049
59902.790052	2216495934.115	  10.115	8049
59902.790168	2216495932.515	  14.120	8049
59902.790284	2216495931.515	  21.188	8049
59902.790399	2216495929.915	  10.430	8049
59902.790515	2216495928.800	  11.858	8049
59902.790631	2216495927.400	  11.799	8049
59902.790747	2216495926.300	  13.290	8049
59902.790862	2216495924.800	  17.589	8049
59902.790978	2216495923.715	   9.038	8049
59902.791094	2216495922.506	   0.002	8049
59902.791210	2216495920.900	   8.617	8049
59902.791325	2216495919.806	   0.006	8049
59902.791441	2216495918.015	   7.899	8049
59902.791557	2216495917.200	  11.102	8049
59902.791673	2216495916.106	   0.003	8049
59902.791788	2216495914.200	   6.594	8049
59902.791904	2216495913.006	   0.005	8049
59902.792020	2216495912.006	   0.003	8049
59902.792136	2216495910.706	   0.003	8049
59902.792251	2216495909.200	   6.856	8049
59902.792483	2216495906.600	   6.492	8049
59902.792599	2216495905.106	   0.004	8049
59902.792714	2216495904.206	   0.002	8049
59902.792946	2216495901.306	   0.004	8049
59902.793177	2216495898.606	   0.003	8049
59902.793293	2216495897.206	   0.004	8049
59902.793525	2216495894.606	   0.003	8049
59902.793756	2216495891.906	   0.004	8049
59902.793872	2216495890.706	   0.003	8049
59902.794103	2216495887.706	   0.003	8049
59902.794335	2216495884.906	   0.002	8049
59902.794682	2216495881.206	   0.002	8049
59902.794798	2216495879.606	   0.003	8049
59902.794913	2216495878.206	   0.005	8049
59902.795029	2216495877.106	   0.004	8049
59902.795145	2216495875.506	   0.002	8049
59902.795261	2216495874.306	   0.003	8049
59902.795376	2216495873.006	   0.003	8049
59902.795492	2216495871.406	   0.003	8049
59902.795608	2216495870.306	   0.002	8049
59902.795724	2216495868.906	   0.004	8049
59902.795839	2216495867.506	   0.002	8049
59902.795955	2216495866.006	   0.003	8049
59902.796186	2216495863.306	   0.002	8049
59902.796534	2216495859.406	   0.003	8049
59902.796650	2216495857.806	   0.004	8049
59902.796765	2216495856.906	   0.002	8049
59902.797112	2216495852.706	   0.006	8049
59902.797228	2216495851.306	   0.004	8049
59902.797460	2216495848.706	   0.003	8049
59902.797575	2216495847.206	   0.003	8049
59902.797807	2216495844.406	   0.002	8049
59902.798038	2216495841.406	   0.004	8049
59902.798154	2216495840.406	   0.003	8049
59902.798270	2216495838.806	   0.003	8049
59902.798501	2216495835.506	   0.002	8049
59902.798617	2216495834.506	   0.003	8049
59902.798964	2216495830.906	   0.003	8049
59902.799080	2216495829.606	   0.005	8049
59902.799196	2216495828.306	   0.004	8049
59902.799312	2216495827.106	   0.003	8049
59902.799427	2216495826.406	   0.003	8049
59902.799543	2216495824.706	   0.003	8049
59902.799775	2216495822.206	   0.004	8049
59902.800006	2216495819.706	   0.005	8049
59902.800122	2216495818.506	   0.008	8049
59902.800353	2216495816.106	   0.005	8049
59902.800469	2216495814.906	   0.004	8049
59902.800585	2216495813.506	   0.003	8049
59902.800701	2216495812.406	   0.004	8049
59902.800816	2216495811.006	   0.004	8049
59902.800932	2216495809.706	   0.004	8049
59902.801048	2216495808.406	   0.003	8049
59902.801163	2216495807.206	   0.003	8049
59902.801279	2216495805.906	   0.004	8049
59902.801511	2216495803.606	   0.004	8049
59902.801626	2216495802.406	   0.004	8049
59902.801742	2216495801.106	   0.004	8049
59902.801858	2216495799.906	   0.003	8049
59902.801974	2216495798.506	   0.003	8049
59902.802089	2216495797.306	   0.003	8049
59902.802205	2216495796.206	   0.002	8049
59902.802321	2216495794.706	   0.008	8049
59902.802436	2216495793.506	   0.006	8049
59902.802552	2216495792.006	   0.002	8049
59902.802668	2216495790.906	   0.004	8049
59902.802784	2216495789.406	   0.002	8049
59902.802900	2216495788.406	   0.003	8049
59902.803015	2216495787.106	   0.002	8049
59902.803131	2216495785.606	   0.002	8049
59902.803247	2216495784.306	   0.002	8049
59902.803478	2216495781.706	   0.002	8049
59902.803594	2216495780.906	   0.004	8049
59902.803710	2216495779.306	   0.002	8049
59902.803825	2216495778.406	   0.003	8049
59902.803941	2216495776.706	   0.005	8049
59902.804173	2216495774.406	   0.003	8049
59902.804288	2216495772.906	   0.003	8049
59902.804404	2216495771.906	   0.003	8049
59902.804520	2216495770.406	   0.005	8049
59902.804636	2216495769.106	   0.002	8049
59902.804751	2216495767.606	   0.005	8049
59902.804867	2216495766.906	   0.004	8049
59902.804983	2216495765.706	   0.002	8049
59902.805214	2216495763.006	   0.004	8049
59902.805330	2216495761.406	   0.004	8049
59902.805446	2216495760.306	   0.003	8049
59902.805562	2216495758.806	   0.005	8049
59902.805677	2216495758.006	   0.004	8049
59902.805793	2216495756.606	   0.003	8049
59902.805909	2216495755.206	   0.002	8049
59902.806024	2216495753.806	   0.006	8049
59902.806140	2216495752.806	   0.003	8049
59902.806256	2216495751.506	   0.002	8049
59902.806372	2216495749.906	   0.004	8049
59902.806488	2216495748.906	   0.003	8049
59902.806603	2216495747.006	   0.003	8049
59902.806719	2216495746.106	   0.002	8049
59902.806835	2216495744.706	   0.006	8049
59902.806950	2216495743.406	   0.002	8049
59902.807066	2216495742.306	   0.003	8049
59902.807182	2216495740.806	   0.003	8049
59902.807298	2216495739.606	   0.003	8049
59902.807876	2216495733.106	   0.002	8049
59902.807992	2216495731.706	   0.003	8049
59902.808224	2216495729.306	   0.002	8049
59902.808455	2216495726.206	   0.003	8049
59902.808571	2216495725.306	   0.003	8049
59902.808687	2216495723.706	   0.003	8049
59902.808802	2216495722.506	   0.006	8049
59902.808918	2216495721.206	   0.004	8049
59902.809034	2216495718.900	   6.387	8049
59902.809265	2216495717.306	   0.002	8049
59902.809381	2216495715.700	   5.676	8049
59902.809497	2216495714.706	   0.002	8049
59902.809612	2216495713.406	   0.002	8049
59902.809728	2216495712.406	   0.002	8049
59902.809844	2216495710.500	   7.674	8049
59902.809960	2216495708.900	   8.093	8049
59902.810075	2216495708.100	  11.951	8049
59902.810191	2216495706.500	   7.859	8049
59902.810307	2216495705.300	   7.949	8049
59902.810423	2216495704.100	   7.600	8049
59902.810538	2216495702.700	  13.176	8049
59902.810654	2216495701.400	   8.729	8049
59902.810770	2216495699.800	  10.290	8049
59902.810886	2216495698.400	   8.371	8049
59902.811001	2216495697.400	   8.840	8049
59902.811117	2216495696.000	   7.293	8049
59902.811233	2216495694.400	   9.576	8049
59902.811349	2216495693.200	   9.076	8049
59902.811464	2216495692.000	   8.618	8049
59902.811580	2216495691.000	  10.327	8049
59902.811696	2216495689.500	  13.103	8049
59902.811812	2216495688.300	   8.705	8049
59902.811927	2216495687.100	   9.031	8049
59902.812043	2216495685.700	   9.213	8049
59902.812159	2216495685.200	   9.912	8049
59902.812274	2216495683.700	  10.917	8049
59902.812390	2216495682.300	  10.063	8049
59902.812506	2216495681.300	  10.416	8049
59902.812622	2216495679.900	   9.530	8049
59902.812738	2216495678.900	  13.338	8049
59902.812853	2216495677.600	  13.780	8049
59902.812969	2216495676.200	  10.033	8049
59902.813085	2216495675.100	  13.802	8049
59902.813200	2216495674.000	  15.376	8049
59902.813316	2216495673.000	   8.019	8049
59902.813432	2216495671.400	   6.300	8049
59902.813548	2216495670.600	   9.897	8049
59902.813663	2216495669.400	  11.837	8049
59902.813779	2216495668.200	  12.721	8049
59902.813895	2216495666.900	  10.216	8049
59902.814011	2216495665.700	  11.993	8049
59902.814126	2216495664.400	  10.493	8049
59902.814242	2216495663.100	  12.746	8049
59902.814358	2216495662.400	   8.354	8049
59902.814474	2216495660.900	  14.770	8049
59902.814589	2216495659.600	  14.543	8049
59902.814705	2216495658.500	   8.157	8049
59902.814821	2216495657.200	  12.770	8049
59902.814936	2216495656.100	  15.418	8049
59902.815052	2216495654.600	   9.003	8049
59902.815168	2216495653.300	  10.127	8049
59902.815284	2216495652.100	  16.656	8049
59902.815400	2216495651.300	  13.671	8049
59902.815515	2216495649.500	   9.838	8049
59902.815631	2216495648.600	   7.877	8049
59902.815747	2216495647.506	   0.007	8049
59902.815863	2216495646.600	   8.285	8049
59902.815978	2216495645.100	   9.595	8049
59902.816094	2216495643.800	  16.333	8049
59902.816210	2216495642.600	   7.074	8049
59902.816325	2216495641.100	  10.494	8049
59902.816441	2216495640.400	   7.818	8049
59902.816557	2216495639.000	  16.750	8049
59902.816673	2216495637.700	  10.525	8049
59902.816788	2216495636.800	   8.812	8049
59902.816904	2216495634.900	   9.993	8049
59902.817020	2216495634.500	   7.574	8049
59902.817136	2216495632.700	   6.065	8049
59902.817251	2216495631.800	   6.127	8049
59902.817367	2216495630.300	  13.326	8049
59902.817483	2216495629.100	  13.876	8049
59902.817599	2216495627.900	  13.943	8049
59902.817714	2216495626.600	  18.498	8049
59902.817830	2216495625.400	  10.080	8049
59902.817946	2216495624.100	  10.017	8049
59902.818062	2216495623.006	   0.006	8049
59902.818177	2216495621.700	  11.565	8049
59902.818293	2216495620.600	  13.581	8049
59902.818409	2216495619.400	   7.830	8049
59902.818524	2216495618.200	  17.502	8049
59902.818640	2216495617.000	  16.269	8049
59902.818756	2216495615.800	   8.554	8049
59902.818872	2216495614.300	   9.254	8049
59902.818987	2216495613.000	  11.545	8049
59902.819103	2216495611.700	  12.511	8049
59902.819219	2216495610.400	  10.284	8049
59902.819335	2216495609.300	  11.190	8049
59902.819450	2216495608.000	  12.195	8049
59902.819566	2216495607.000	  13.516	8049
59902.819682	2216495606.100	   8.528	8049
59902.819798	2216495604.300	  14.855	8049
59902.819913	2216495603.000	  11.096	8049
59902.820029	2216495601.600	   9.275	8049
59902.820145	2216495600.600	  10.800	8049
59902.820261	2216495599.500	   9.162	8049
59902.820376	2216495598.100	  11.612	8049
59902.820492	2216495597.100	   7.978	8049
59902.820608	2216495595.600	   9.488	8049
59902.820724	2216495594.400	  15.859	8049
59902.820839	2216495593.000	   6.798	8049
59902.820955	2216495591.900	   9.190	8049
59902.821071	2216495590.500	   5.504	8049
59902.821186	2216495589.500	  16.793	8049
59902.821302	2216495588.200	   7.224	8049
59902.821418	2216495587.000	  15.320	8049
59902.821534	2216495585.700	  11.802	8049
59902.821649	2216495584.300	   8.651	8049
59902.821765	2216495582.800	  11.336	8049
59902.821881	2216495582.300	   8.939	8049
59902.821997	2216495580.800	  12.774	8049
59902.822112	2216495579.600	  11.152	8049
59902.822228	2216495578.200	  11.108	8049
59902.822344	2216495576.500	   8.536	8049
59902.822460	2216495575.400	   9.798	8049
59902.822575	2216495574.400	  12.619	8049
59902.822691	2216495573.000	   7.644	8049
59902.822807	2216495571.800	  10.825	8049
59902.822923	2216495570.500	   9.353	8049
59902.823038	2216495569.200	   7.635	8049
59902.823154	2216495568.000	   9.061	8049
59902.823270	2216495566.800	   6.015	8049
59902.823386	2216495565.400	   9.356	8049
59902.823501	2216495564.300	   9.206	8049
59902.823617	2216495562.706	   0.007	8049
59902.823733	2216495561.700	  11.811	8049
59902.823849	2216495560.600	  10.332	8049
59902.823964	2216495559.000	   8.396	8049
59902.824080	2216495557.900	   6.975	8049
59902.824196	2216495556.700	  11.480	8049
59902.824311	2216495555.500	  12.788	8049
59902.824427	2216495554.300	   8.102	8049
59902.824543	2216495552.700	  19.934	8049
59902.824659	2216495551.800	  16.210	8049
59902.824774	2216495550.200	  13.709	8049
59902.824890	2216495549.500	   9.377	8049
59902.825006	2216495548.100	  12.380	8049
59902.825122	2216495547.000	  11.557	8049
59902.825237	2216495545.800	   9.876	8049
59902.825353	2216495544.700	  13.454	8049
59902.825469	2216495543.500	  10.806	8049
59902.825585	2216495542.600	  11.535	8049
59902.825700	2216495541.100	   8.721	8049
59902.825816	2216495540.100	  19.241	8049
59902.825932	2216495538.700	   5.024	8049
59902.826048	2216495537.700	   8.782	8049
59902.826163	2216495536.800	  14.846	8049
59902.826279	2216495535.400	   9.655	8049
59902.826395	2216495534.600	  11.813	8049
59902.826511	2216495533.200	   5.604	8049
59902.826626	2216495532.400	   8.400	8049
59902.826742	2216495531.000	   8.343	8049
59902.826858	2216495529.800	   7.928	8049
59902.826974	2216495528.700	   8.720	8049
59902.827089	2216495527.500	   8.055	8049
59902.827205	2216495526.800	   6.541	8049
59902.827321	2216495525.300	  14.600	8049
59902.827436	2216495524.100	  10.121	8049
59902.827552	2216495523.400	   5.421	8049
59902.827668	2216495522.000	  12.211	8049
59902.827784	2216495520.800	   9.370	8049
59902.827900	2216495519.800	   5.599	8049
59902.828015	2216495518.500	  12.804	8049
59902.828131	2216495517.400	   6.190	8049
59902.828247	2216495516.300	   8.929	8049
59902.828363	2216495514.900	  10.017	8049
59902.828478	2216495513.700	   8.591	8049
59902.828594	2216495512.800	   7.796	8049
59902.828710	2216495511.600	  10.134	8049
59902.828825	2216495510.600	   5.439	8049
59902.828941	2216495509.300	   7.998	8049
59902.829057	2216495508.000	   7.997	8049
59902.829173	2216495507.106	   0.002	8049
59902.829288	2216495506.100	   8.271	8049
59902.829404	2216495504.700	  10.808	8049
59902.829520	2216495503.400	  14.453	8049
59902.829636	2216495502.300	   7.826	8049
59902.829751	2216495501.300	   8.667	8049
59902.829867	2216495500.306	   0.004	8049
59902.829983	2216495499.000	  10.882	8049
59902.830099	2216495497.800	  10.563	8049
59902.830214	2216495496.800	   8.230	8049
59902.830330	2216495495.000	   9.391	8049
59902.830446	2216495494.300	   7.209	8049
59902.830562	2216495493.100	   9.666	8049
59902.830677	2216495491.700	   7.891	8049
59902.830909	2216495489.300	   6.972	8049
59902.831025	2216495488.200	   7.710	8049
59902.831140	2216495487.500	   6.420	8049
59902.831256	2216495485.900	  17.147	8049
59902.831372	2216495485.000	  11.047	8049
59902.831487	2216495483.506	   0.005	8049
59902.831603	2216495482.600	   5.215	8049
59902.831719	2216495481.200	   9.772	8049
59902.831835	2216495480.000	  11.404	8049
59902.831950	2216495479.200	   5.104	8049
59902.832066	2216495477.800	   8.347	8049
59902.832182	2216495476.706	   0.004	8049
59902.832298	2216495475.300	  10.321	8049
59902.832413	2216495473.900	   6.306	8049
59902.832529	2216495473.200	   5.109	8049
59902.832645	2216495471.900	  11.952	8049
59902.832761	2216495470.600	   7.810	8049
59902.832876	2216495469.600	   7.917	8049
59902.832992	2216495468.100	   8.749	8049
59902.833108	2216495466.900	  10.174	8049
59902.833224	2216495466.100	   9.951	8049
59902.833339	2216495464.700	   5.359	8049
59902.833455	2216495463.700	  14.173	8049
59902.833571	2216495462.600	   6.296	8049
59902.833686	2216495461.300	   7.468	8049
59902.833802	2216495460.000	  10.723	8049
59902.833918	2216495459.300	   6.655	8049
59902.834034	2216495457.700	   7.956	8049
59902.834150	2216495456.800	   6.993	8049
59902.834265	2216495455.400	   8.363	8049
59902.834381	2216495454.000	   8.625	8049
59902.834497	2216495452.800	   5.562	8049
59902.834612	2216495451.706	   0.006	8049
59902.834728	2216495450.900	  11.908	8049
59902.834844	2216495449.500	   7.752	8049
59902.834960	2216495448.200	  11.362	8049
59902.835075	2216495447.100	   8.747	8049
59902.835191	2216495445.600	   7.817	8049
59902.835307	2216495444.900	   6.481	8049
59902.835423	2216495443.500	   7.620	8049
59902.835538	2216495442.300	  10.108	8049
59902.835654	2216495441.200	   6.012	8049
59902.835770	2216495439.900	  10.877	8049
59902.835886	2216495438.900	  13.257	8049
59902.836001	2216495437.700	  11.420	8049
59902.836117	2216495436.300	  12.621	8049
59902.836233	2216495435.300	   8.805	8049
59902.836349	2216495433.900	  11.670	8049
59902.836464	2216495433.100	  13.694	8049
59902.836580	2216495431.500	  14.664	8049
59902.836696	2216495430.600	   9.915	8049
59902.836811	2216495428.900	   6.752	8049
59902.836927	2216495427.800	  13.064	8049
59902.837043	2216495426.700	   9.285	8049
59902.837159	2216495425.400	   7.491	8049
59902.837274	2216495424.200	   7.995	8049
59902.837390	2216495423.300	  10.589	8049
59902.837506	2216495422.000	  10.051	8049
59902.837622	2216495420.600	   9.202	8049
59902.837738	2216495419.300	   9.153	8049
59902.837853	2216495418.600	   9.926	8049
59902.837969	2216495417.400	   6.802	8049
59902.838085	2216495415.900	   8.144	8049
59902.838200	2216495415.000	   8.981	8049
59902.838316	2216495414.200	  10.242	8049
59902.838432	2216495413.000	  13.451	8049
59902.838548	2216495411.800	   6.860	8049
59902.838663	2216495410.800	   8.921	8049
59902.838779	2216495409.800	  11.829	8049
59902.838895	2216495408.800	  11.209	8049
59902.839011	2216495407.700	   8.116	8049
59902.839126	2216495407.106	   0.003	8049
59902.839242	2216495405.400	   7.358	8049
59902.839358	2216495404.500	   7.285	8049
59902.839474	2216495403.100	   5.456	8049
59902.839589	2216495402.306	   0.005	8049
59902.839705	2216495401.300	   7.855	8049
59902.839821	2216495400.100	   8.667	8049
59902.839937	2216495398.800	  11.646	8049
59902.840052	2216495398.100	   5.704	8049
59902.840168	2216495396.800	   8.688	8049
59902.840284	2216495395.900	   8.466	8049
59902.840400	2216495395.006	   0.011	8049
59902.840515	2216495393.600	  11.633	8049
59902.840631	2216495392.600	   6.844	8049
59902.840747	2216495391.400	   6.528	8049
59902.840863	2216495390.700	  12.396	8049
59902.840978	2216495389.400	   6.331	8049
59902.841094	2216495388.406	   0.005	8049
59902.841210	2216495387.200	   9.395	8049
59902.841325	2216495386.000	  10.542	8049
59902.841441	2216495385.100	   6.545	8049
59902.841557	2216495383.900	   7.514	8049
59902.841673	2216495382.906	   0.003	8049
59902.841788	2216495381.700	  12.359	8049
59902.841904	2216495380.600	   6.355	8049
59902.842020	2216495379.906	   0.002	8049
59902.848617	2216495317.506	   0.002	8049
59902.848849	2216495315.206	   0.002	8049
59902.849196	2216495311.806	   0.002	8049
59902.849659	2216495307.106	   0.003	8049
59902.849774	2216495306.006	   0.003	8049
59902.849890	2216495305.006	   0.003	8049
59902.850122	2216495303.206	   0.002	8049
59902.850237	2216495302.106	   0.003	8049
59902.850469	2216495299.506	   0.003	8049
59902.850585	2216495298.206	   0.003	8049
59902.851048	2216495293.906	   0.004	8049
59902.851396	2216495290.706	   0.003	8049
59902.851627	2216495288.406	   0.003	8049
59902.851742	2216495287.406	   0.003	8049
59902.851858	2216495286.306	   0.002	8049
59902.851974	2216495285.106	   0.005	8049
59902.852089	2216495284.406	   0.006	8049
59902.852321	2216495282.406	   0.003	8049
59902.852784	2216495278.506	   0.004	8049
59902.853015	2216495276.506	   0.003	8049
59902.853825	2216495269.506	   0.005	8049
59902.854636	2216495262.406	   0.003	8049
59902.854867	2216495260.506	   0.003	8049
59902.855099	2216495258.806	   0.003	8049
59902.855330	2216495256.706	   0.002	8049
59902.855446	2216495255.700	   6.234	8049
59902.855562	2216495254.700	  11.376	8049
59902.855677	2216495253.700	  14.469	8049
59902.855793	2216495252.500	   9.565	8049
59902.855909	2216495251.300	   7.889	8049
59902.856025	2216495250.600	   7.199	8049
59902.856140	2216495249.600	  10.265	8049
59902.856256	2216495248.000	   5.180	8049
59902.856372	2216495247.500	  10.311	8049
59902.856487	2216495246.500	  14.113	8049
59902.856603	2216495245.600	   8.749	8049
59902.856719	2216495244.700	  14.158	8049
59902.856835	2216495243.700	  14.069	8049
59902.856950	2216495242.700	  18.036	8049
59902.857066	2216495241.700	  18.437	8049
59902.857182	2216495240.500	  17.393	8049
59902.857298	2216495239.500	  15.591	8049
59902.857413	2216495238.500	  14.917	8049
59902.857529	2216495237.700	  11.327	8049
59902.857645	2216495236.600	  12.227	8049
59902.857761	2216495235.500	   7.719	8049
59902.857876	2216495234.700	  11.076	8049
59902.857992	2216495233.600	  13.235	8049
59902.858108	2216495232.700	   9.910	8049
59902.858224	2216495231.700	  12.560	8049
59902.858339	2216495230.400	   8.764	8049
59902.858455	2216495229.600	  14.475	8049
59902.858571	2216495228.300	   7.606	8049
59902.858686	2216495227.600	  10.393	8049
59902.858802	2216495226.500	  10.627	8049
59902.858918	2216495225.800	  19.608	8049
59902.859034	2216495224.800	  10.359	8049
59902.859150	2216495223.600	  10.425	8049
59902.859265	2216495222.900	   8.302	8049
59902.859381	2216495221.400	  14.072	8049
59902.859497	2216495220.600	   9.274	8049
59902.859613	2216495219.400	  15.918	8049
59902.859728	2216495218.300	   5.606	8049
59902.859844	2216495217.500	  12.751	8049
59902.859960	2216495216.500	  10.554	8049
59902.860075	2216495215.400	   7.757	8049
59902.860191	2216495214.500	   8.752	8049
59902.860307	2216495213.200	  14.165	8049
59902.860423	2216495212.600	  12.700	8049
59902.860538	2216495211.400	  24.877	8049
59902.860654	2216495210.400	   8.993	8049
59902.860770	2216495209.700	   7.473	8049
59902.860886	2216495208.400	  19.759	8049
59902.861002	2216495207.300	   9.899	8049
59902.861117	2216495206.200	  12.240	8049
59902.861233	2216495205.500	  19.824	8049
59902.861349	2216495204.600	   9.379	8049
59902.861464	2216495203.500	   9.023	8049
59902.861580	2216495202.300	   8.611	8049
59902.861696	2216495201.300	  11.813	8049
59902.861812	2216495200.100	  12.163	8049
59902.861927	2216495199.300	   5.048	8049
59902.862043	2216495198.300	  10.195	8049
59902.862159	2216495197.406	   0.004	8049
59902.862275	2216495196.200	  11.896	8049
59902.862390	2216495195.200	   9.966	8049
59902.862506	2216495194.500	   5.788	8049
59902.862622	2216495193.400	  19.164	8049
59902.862737	2216495192.100	  12.371	8049
59902.862853	2216495191.306	   0.007	8049
59902.862969	2216495190.000	  11.296	8049
59902.863085	2216495189.200	   9.840	8049
59902.863200	2216495188.200	  15.647	8049
59902.863316	2216495187.100	   9.922	8049
59902.863432	2216495185.800	   8.269	8049
59902.863548	2216495185.100	   7.593	8049
59902.863663	2216495184.200	   8.548	8049
59902.863779	2216495183.106	   0.004	8049
59902.864242	2216495179.306	   0.003	8049
59902.864358	2216495177.600	   5.478	8049
59902.864474	2216495177.000	  12.637	8049
59902.864589	2216495176.100	   8.413	8049
59902.864705	2216495175.100	   6.971	8049
59902.864821	2216495173.800	   8.483	8049
59902.864936	2216495172.800	  10.892	8049
59902.865052	2216495172.000	  10.510	8049
59902.865168	2216495170.700	   7.363	8049
59902.865284	2216495169.800	  12.310	8049
59902.865400	2216495168.800	   5.318	8049
59902.865515	2216495167.800	  15.900	8049
59902.865631	2216495166.600	  11.443	8049
59902.865747	2216495166.000	  11.146	8049
59902.865863	2216495164.500	   8.552	8049
59902.865978	2216495163.700	  10.328	8049
59902.866094	2216495162.600	  11.057	8049
59902.866210	2216495162.000	   6.932	8049
59902.866326	2216495160.900	  12.861	8049
59902.866442	2216495159.900	  15.565	8049
59902.866557	2216495159.100	  13.150	8049
59902.866673	2216495158.200	  14.957	8049
59902.866789	2216495157.200	  10.692	8049
59902.866905	2216495156.300	  21.794	8049
59902.867020	2216495155.600	  13.497	8049
59902.867136	2216495154.800	  11.446	8049
59902.867251	2216495153.600	  12.349	8049
59902.867367	2216495152.700	  12.427	8049
59902.867483	2216495151.800	   5.770	8049
59902.867599	2216495151.300	  12.602	8049
59902.867714	2216495150.100	  12.736	8049
59902.867830	2216495149.000	   6.260	8049
59902.867946	2216495148.300	   8.955	8049
59902.868062	2216495147.400	   7.521	8049
59902.868177	2216495146.600	  10.845	8049
59902.868293	2216495145.800	  10.544	8049
59902.868409	2216495144.800	  10.981	8049
59902.868525	2216495144.200	   7.624	8049
59902.868640	2216495142.900	  15.886	8049
59902.868756	2216495141.900	  11.855	8049
59902.868872	2216495141.400	  10.401	8049
59902.868987	2216495140.400	  13.070	8049
59902.869103	2216495139.500	  12.505	8049
59902.869219	2216495138.400	  16.839	8049
59902.869335	2216495137.700	  21.683	8049
59902.869450	2216495136.800	  16.341	8049
59902.869566	2216495135.700	  20.265	8049
59902.869682	2216495134.900	   8.323	8049
59902.869798	2216495133.900	  34.726	8049
59902.869913	2216495133.200	  15.976	8049
59902.870029	2216495132.100	  16.234	8049
59902.870145	2216495131.200	  18.102	8049
59902.870261	2216495130.500	   8.820	8049
59902.870376	2216495129.600	  14.552	8049
59902.870492	2216495128.700	  14.086	8049
59902.870608	2216495127.800	  10.934	8049
59902.870723	2216495126.800	  28.519	8049
59902.870839	2216495126.100	  15.152	8049
59902.870955	2216495125.100	  12.858	8049
59902.871071	2216495124.200	  13.715	8049
59902.871186	2216495123.400	   9.567	8049
59902.871302	2216495122.500	  11.321	8049
59902.871418	2216495121.600	   6.358	8049
59902.871534	2216495120.600	  10.121	8049
59902.871649	2216495119.900	  13.404	8049
59902.871765	2216495118.700	  11.711	8049
59902.871881	2216495117.700	  11.616	8049
59902.871997	2216495117.100	   7.247	8049
59902.872112	2216495116.100	  14.912	8049
59902.872228	2216495114.900	  11.525	8049
59902.872344	2216495114.200	  18.832	8049
59902.872460	2216495113.500	   8.793	8049
59902.872575	2216495112.400	  19.600	8049
59902.872691	2216495111.300	   9.349	8049
59902.872807	2216495110.600	  11.759	8049
59902.872923	2216495109.600	  13.297	8049
59902.873038	2216495108.900	   7.466	8049
59902.873154	2216495107.700	   8.223	8049
59902.873270	2216495107.000	   8.220	8049
59902.873386	2216495106.400	   8.213	8049
59902.873501	2216495105.400	  13.968	8049
59902.873617	2216495104.200	  15.719	8049
59902.873733	2216495103.400	   8.792	8049
59902.873848	2216495102.500	   9.565	8049
59902.873964	2216495101.600	  12.802	8049
59902.874080	2216495100.700	  18.314	8049
59902.874196	2216495100.000	  16.234	8049
59902.874311	2216495099.000	  13.467	8049
59902.874427	2216495098.200	   9.100	8049
59902.874543	2216495097.100	   7.731	8049
59902.874659	2216495096.000	   8.813	8049
59902.874774	2216495095.200	   8.782	8049
59902.874890	2216495094.200	  11.314	8049
59902.875006	2216495093.500	  10.706	8049
59902.875122	2216495092.500	   6.294	8049
59902.875237	2216495091.700	  11.861	8049
59902.875353	2216495090.700	  14.275	8049
59902.875469	2216495089.700	   9.211	8049
59902.875585	2216495089.000	  13.343	8049
59902.875701	2216495088.100	  18.349	8049
59902.875817	2216495087.000	   7.292	8049
59902.875932	2216495086.200	  18.333	8049
59902.876048	2216495085.300	  14.730	8049
59902.876164	2216495084.100	  13.990	8049
59902.876279	2216495083.200	  10.378	8049
59902.876395	2216495082.200	   8.714	8049
59902.876858	2216495079.006	   0.003	8049
59902.877321	2216495075.406	   0.003	8049
59902.877552	2216495073.706	   0.003	8049
59902.878015	2216495069.706	   0.004	8049
59902.878131	2216495068.806	   0.003	8049
59902.878247	2216495067.806	   0.005	8049
59902.878478	2216495066.106	   0.002	8049
59902.878825	2216495063.606	   0.003	8049
59902.878941	2216495062.906	   0.003	8049
59902.879057	2216495061.706	   0.003	8049
59902.879635	2216495057.306	   0.003	8049
59902.879867	2216495055.406	   0.003	8049
59902.879983	2216495054.406	   0.003	8049
59902.880099	2216495053.706	   0.003	8049
59902.880446	2216495050.806	   0.003	8049
59902.880793	2216495048.106	   0.004	8049
59902.882182	2216495038.306	   0.002	8049
59902.882992	2216495032.906	   0.003	8049
59902.883339	2216495030.506	   0.004	8049
