59904.609792	2216508230.227	   5.862	8049
59904.609913	2216508222.627	   6.489	8049
59904.610398	2216508192.727	   6.807	8049
59904.610519	2216508186.327	   8.031	8049
59904.610640	2216508177.827	   6.458	8049
59904.611004	2216508152.727	   5.197	8049
59904.611125	2216508146.327	   7.095	8049
59904.611247	2216508139.627	   7.969	8049
59904.611368	2216508132.127	   5.163	8049
59904.611490	2216508124.227	   5.560	8049
59904.611611	2216508117.927	   6.661	8049
59904.611732	2216508108.127	   5.684	8049
59904.612096	2216508086.227	   7.905	8049
59904.612218	2216508077.627	   7.867	8049
59904.612339	2216508070.527	   6.455	8049
59904.612460	2216508061.927	   7.283	8049
59904.612581	2216508057.227	  10.987	8049
59904.612702	2216508049.327	   7.266	8049
59904.612823	2216508041.927	   8.663	8049
59904.612945	2216508035.727	   8.067	8049
59904.613067	2216508027.027	   5.226	8049
59904.613309	2216508012.127	   5.220	8049
59904.613430	2216508006.827	   5.739	8049
59904.613552	2216507998.427	  11.213	8049
59904.613673	2216507992.527	   8.974	8049
59904.613794	2216507984.627	   7.217	8049
59904.613915	2216507977.827	   5.920	8049
59904.614036	2216507971.427	   8.116	8049
59904.614158	2216507964.027	   9.513	8049
59904.614279	2216507957.327	   7.545	8049
59904.614401	2216507950.927	   8.120	8049
59904.614765	2216507929.727	   8.334	8049
59904.614887	2216507922.027	   5.245	8049
59904.615129	2216507907.727	   5.627	8049
59904.615250	2216507901.127	  10.000	8049
59904.615492	2216507886.827	   7.585	8049
59904.615613	2216507881.527	   6.074	8049
59904.615856	2216507864.827	   8.401	8049
59904.615977	2216507855.227	   6.647	8049
59904.616098	2216507850.527	   7.164	8049
59904.616219	2216507846.127	   6.545	8049
59904.634541	2216506917.027	   5.938	8049
59904.634783	2216506907.327	   8.524	8049
59904.634905	2216506901.027	   9.847	8049
59904.635026	2216506896.227	   8.825	8049
59904.635147	2216506890.927	   7.665	8049
59904.635268	2216506886.427	   6.546	8049
59904.635390	2216506880.127	   6.068	8049
59904.635511	2216506873.627	  13.863	8049
59904.635632	2216506868.527	   6.478	8049
59904.635875	2216506860.827	   7.842	8049
59904.635997	2216506851.027	   5.041	8049
59904.636482	2216506829.427	   8.472	8049
59904.636603	2216506824.727	   6.918	8049
59904.636967	2216506811.427	   5.796	8049
59904.637088	2216506802.627	  10.730	8049
59904.637331	2216506792.027	   6.450	8049
59904.637452	2216506787.427	   6.167	8049
59904.637574	2216506780.727	   7.224	8049
59904.637695	2216506775.727	  10.056	8049
59904.637816	2216506771.027	   6.367	8049
59904.637938	2216506763.727	   5.159	8049
59904.638060	2216506761.127	   9.511	8049
59904.638182	2216506753.827	   8.111	8049
59904.638303	2216506748.627	   9.476	8049
59904.638425	2216506744.027	   7.186	8049
59904.638546	2216506737.727	   6.014	8049
59904.638789	2216506729.027	  10.152	8049
59904.638910	2216506722.527	   7.084	8049
59904.639031	2216506717.027	   6.532	8049
59904.639152	2216506713.127	   7.613	8049
59904.639273	2216506706.427	   5.009	8049
59904.639395	2216506701.627	   6.757	8049
59904.639516	2216506697.127	   6.576	8049
59904.639637	2216506691.427	   8.938	8049
59904.639758	2216506687.627	   8.132	8049
59904.639879	2216506681.527	  11.123	8049
59904.640000	2216506676.527	   6.844	8049
59904.640121	2216506671.427	   7.787	8049
59904.640242	2216506667.527	   6.104	8049
59904.640363	2216506660.927	   6.752	8049
59904.640485	2216506656.927	   8.279	8049
59904.640606	2216506651.327	   7.581	8049
59904.640728	2216506645.927	   8.838	8049
59904.640849	2216506641.027	  10.080	8049
59904.640970	2216506636.427	   9.663	8049
59904.641092	2216506631.527	   9.450	8049
59904.641213	2216506626.427	   8.260	8049
59904.641334	2216506622.427	   6.226	8049
59904.641456	2216506616.227	   6.791	8049
59904.641577	2216506610.727	   6.771	8049
59904.641699	2216506600.827	   5.923	8049
59904.641821	2216506599.627	   5.462	8049
59904.642185	2216506584.727	   8.108	8049
59904.642306	2216506579.627	   6.401	8049
59904.642427	2216506575.627	   5.454	8049
59904.642549	2216506569.027	   9.666	8049
59904.642792	2216506558.427	   6.232	8049
59904.642913	2216506553.327	   5.835	8049
59904.643035	2216506549.327	   8.371	8049
59904.643157	2216506544.027	   6.403	8049
59904.643278	2216506533.927	   5.852	8049
59904.643764	2216506517.227	   6.872	8049
59904.644249	2216506498.027	   8.013	8049
59904.644371	2216506497.327	   5.807	8049
59904.644493	2216506488.227	   5.821	8049
59904.644614	2216506483.227	  10.554	8049
59904.644735	2216506477.927	   6.791	8049
59904.644857	2216506473.727	  10.000	8049
59904.645099	2216506463.827	   8.566	8049
59904.645220	2216506458.027	   8.707	8049
59904.645341	2216506453.927	   9.210	8049
59904.645462	2216506448.427	   7.245	8049
59904.645584	2216506443.627	  10.000	8049
59904.645705	2216506437.627	   5.552	8049
59904.645827	2216506434.327	   9.800	8049
59904.646069	2216506424.627	   8.859	8049
59904.646191	2216506419.627	   6.654	8049
59904.646312	2216506412.627	   5.378	8049
59904.646434	2216506410.527	   6.131	8049
59904.646555	2216506405.727	   5.353	8049
59904.646676	2216506400.427	   6.643	8049
59904.646797	2216506396.627	   6.895	8049
59904.646919	2216506391.227	   5.912	8049
59904.647040	2216506385.927	  11.596	8049
59904.647161	2216506382.127	  10.312	8049
59904.647282	2216506376.327	   9.799	8049
59904.647404	2216506372.527	   7.291	8049
59904.647525	2216506366.927	   7.614	8049
59904.652015	2216506190.827	   9.774	8049
59904.652137	2216506184.727	   7.034	8049
59904.652258	2216506180.527	   8.801	8049
59904.652379	2216506175.627	  10.812	8049
59904.652501	2216506171.127	   9.740	8049
59904.652622	2216506165.800	   8.435	8049
59904.652743	2216506161.927	  10.218	8049
59904.652865	2216506157.327	  10.482	8049
59904.652986	2216506153.000	  12.817	8049
59904.653107	2216506147.900	   7.207	8049
59904.653228	2216506143.427	  10.110	8049
59904.653349	2216506139.327	   7.565	8049
59904.653470	2216506134.727	   9.889	8049
59904.653592	2216506130.427	  10.439	8049
59904.653713	2216506125.427	   8.988	8049
59904.653834	2216506121.427	   9.403	8049
59904.653956	2216506117.227	  11.719	8049
59904.654077	2216506112.127	   7.843	8049
59904.654199	2216506107.627	  10.869	8049
59904.654320	2216506103.127	   7.353	8049
59904.654441	2216506099.400	  10.891	8049
59904.654563	2216506094.327	   8.660	8049
59904.654684	2216506089.227	   6.625	8049
59904.654805	2216506085.227	   8.554	8049
59904.654926	2216506081.027	   6.577	8049
59904.655048	2216506076.727	   8.966	8049
59904.655169	2216506073.627	   6.358	8049
59904.660024	2216505894.927	   6.750	8049
59904.660146	2216505890.727	   5.457	8049
59904.661237	2216505848.527	   6.105	8049
59904.661601	2216505835.827	   6.821	8049
59904.661845	2216505827.127	   5.161	8049
59904.661966	2216505822.727	   5.082	8049
59904.662572	2216505803.827	   5.120	8049
59904.662694	2216505797.627	   7.235	8049
59904.663543	2216505764.127	   7.105	8049
59904.663664	2216505760.327	   6.754	8049
59904.664271	2216505742.327	   6.554	8049
59904.664392	2216505738.427	   5.146	8049
59904.666938	2216505647.727	   6.007	8049
59904.667666	2216505623.127	   8.556	8049
59904.668151	2216505606.427	   6.440	8049
59904.669849	2216505549.727	   6.309	8049
59904.669971	2216505544.627	   5.881	8049
59904.670092	2216505540.127	   8.826	8049
59904.670214	2216505536.727	   7.040	8049
59904.670335	2216505532.527	   8.311	8049
59904.671184	2216505504.227	   6.535	8049
59904.671306	2216505496.827	   6.713	8049
59904.677860	2216505283.027	  10.232	8049
59904.677981	2216505279.700	  13.146	8049
59904.678103	2216505276.027	  11.635	8049
59904.678224	2216505272.527	  10.150	8049
59904.678345	2216505268.127	  16.454	8049
59904.678466	2216505264.727	  10.284	8049
59904.678587	2216505259.900	  11.662	8049
59904.678708	2216505255.800	   7.125	8049
59904.678830	2216505253.000	  16.908	8049
59904.678951	2216505248.627	   8.007	8049
59904.679073	2216505244.627	   8.887	8049
59904.679194	2216505241.427	   8.180	8049
59904.679315	2216505237.327	   5.953	8049
59904.679437	2216505233.327	   9.312	8049
59904.679559	2216505229.900	  11.774	8049
59904.679681	2216505226.027	   8.670	8049
59904.679802	2216505221.500	  10.034	8049
59904.679923	2216505217.700	   9.350	8049
59904.680045	2216505214.227	   7.027	8049
59904.680166	2216505211.000	  12.060	8049
59904.680287	2216505206.400	   8.776	8049
59904.680408	2216505203.127	   9.629	8049
59904.680529	2216505199.400	  12.127	8049
59904.680650	2216505195.700	  15.647	8049
59904.680771	2216505191.000	  14.882	8049
59904.680893	2216505188.000	  13.291	8049
59904.681014	2216505183.627	   9.150	8049
59904.681136	2216505180.900	   8.931	8049
59904.681257	2216505176.200	  10.787	8049
59904.681378	2216505173.427	  10.673	8049
59904.681500	2216505169.527	  11.031	8049
59904.681621	2216505165.127	   9.799	8049
59904.681742	2216505161.727	  11.192	8049
59904.681864	2216505157.527	  10.496	8049
59904.681985	2216505153.900	  10.593	8049
59904.682106	2216505150.627	  11.508	8049
59904.682227	2216505146.327	  11.902	8049
59904.682349	2216505141.827	   6.672	8049
59904.682470	2216505138.427	  11.091	8049
59904.682592	2216505135.127	  11.400	8049
59904.682713	2216505131.027	   7.775	8049
59904.682834	2216505126.227	   8.696	8049
59904.682955	2216505123.127	   7.661	8049
59904.683076	2216505119.027	   7.115	8049
59904.683198	2216505115.127	  10.418	8049
59904.683319	2216505111.127	   9.114	8049
59904.683440	2216505106.927	   7.537	8049
59904.683561	2216505103.500	   9.942	8049
59904.683683	2216505100.127	   9.649	8049
59904.683804	2216505095.300	   9.609	8049
59904.683925	2216505091.927	   7.270	8049
59904.684046	2216505087.827	  13.799	8049
59904.684168	2216505083.827	  11.844	8049
59904.684289	2216505080.627	   7.630	8049
59904.684410	2216505076.827	   8.515	8049
59904.684531	2216505072.500	   8.320	8049
59904.684653	2216505068.900	   9.155	8049
59904.684775	2216505064.827	   9.500	8049
59904.684896	2216505061.627	   8.514	8049
59904.685017	2216505057.127	   8.436	8049
59904.685139	2216505053.327	   9.532	8049
59904.685261	2216505050.027	   8.398	8049
59904.685382	2216505046.127	   8.044	8049
59904.685503	2216505042.627	   9.510	8049
59904.685625	2216505037.927	   7.463	8049
59904.685746	2216505034.527	   7.732	8049
59904.685868	2216505030.600	  13.206	8049
59904.685989	2216505026.827	   8.696	8049
59904.686111	2216505023.200	   9.844	8049
59904.686233	2216505019.227	  10.134	8049
59904.686354	2216505015.127	   7.762	8049
59904.686476	2216505011.927	  10.653	8049
59904.686597	2216505007.927	   9.383	8049
59904.686719	2216505003.827	  10.036	8049
59904.686840	2216505000.327	   9.376	8049
59904.686962	2216504996.400	  13.119	8049
59904.687084	2216504993.127	   8.448	8049
59904.687205	2216504989.027	   9.335	8049
59904.687326	2216504985.700	   7.103	8049
59904.687448	2216504982.600	  11.209	8049
59904.687569	2216504978.300	   8.766	8049
59904.687690	2216504974.627	  10.878	8049
59904.687811	2216504971.527	   9.146	8049
59904.687933	2216504966.827	   9.527	8049
59904.688054	2216504963.427	  10.308	8049
59904.688176	2216504959.527	  11.996	8049
59904.688297	2216504955.700	  15.052	8049
59904.688418	2216504952.127	  11.914	8049
59904.688539	2216504948.427	  10.092	8049
59904.688661	2216504945.200	   8.224	8049
59904.688782	2216504940.927	  13.336	8049
59904.688904	2216504937.127	  11.356	8049
59904.689026	2216504933.900	   8.451	8049
59904.689148	2216504929.500	   8.700	8049
59904.689269	2216504926.027	   8.991	8049
59904.689391	2216504922.227	  10.142	8049
59904.689512	2216504918.400	  10.878	8049
59904.689633	2216504915.500	  13.175	8049
59904.689755	2216504912.227	   7.302	8049
59904.689876	2216504907.800	  12.680	8049
59904.689998	2216504904.100	   8.038	8049
59904.690119	2216504900.900	   8.164	8049
59904.690240	2216504897.427	   8.192	8049
59904.690362	2216504894.200	   9.247	8049
59904.690483	2216504889.527	   9.506	8049
59904.690605	2216504886.700	   9.270	8049
59904.690727	2216504882.827	  15.206	8049
59904.690849	2216504878.500	  10.210	8049
59904.690971	2216504875.400	  11.139	8049
59904.691092	2216504872.027	   8.203	8049
59904.691214	2216504867.927	   8.456	8049
59904.691334	2216504864.500	   8.443	8049
59904.691455	2216504861.300	  10.963	8049
59904.691576	2216504857.000	  11.251	8049
59904.691698	2216504854.027	   9.086	8049
59904.691819	2216504850.300	  15.825	8049
59904.691941	2216504846.427	   9.764	8049
59904.692063	2216504842.927	   9.164	8049
59904.692185	2216504840.127	   8.514	8049
59904.692306	2216504836.427	  10.587	8049
59904.692428	2216504832.627	   8.824	8049
59904.692549	2216504828.827	   9.086	8049
59904.692670	2216504824.627	   8.864	8049
59904.692792	2216504821.127	   8.069	8049
59904.692914	2216504817.727	  12.028	8049
59904.693035	2216504813.727	   9.382	8049
59904.693157	2216504811.027	  10.198	8049
59904.693278	2216504806.327	   8.724	8049
59904.693402	2216504803.227	  14.949	8049
59904.693527	2216504798.927	  11.415	8049
59904.693650	2216504795.427	  11.711	8049
59904.693773	2216504791.527	   8.960	8049
59904.693895	2216504787.627	   6.509	8049
59904.694018	2216504784.427	   9.614	8049
59904.694141	2216504780.927	  13.848	8049
59904.694262	2216504776.127	   7.784	8049
59904.694384	2216504773.000	  10.003	8049
59904.694506	2216504769.627	   8.982	8049
59904.694627	2216504765.427	   8.997	8049
59904.694748	2216504761.827	  17.400	8049
59904.694870	2216504758.927	   8.769	8049
59904.694992	2216504754.927	   9.128	8049
59904.695113	2216504751.227	  10.588	8049
59904.695235	2216504746.927	   8.613	8049
59904.695356	2216504743.900	   9.913	8049
59904.695478	2216504740.527	  11.324	8049
59904.695599	2216504736.227	  12.868	8049
59904.695721	2216504732.327	  10.200	8049
59904.695842	2216504729.300	  11.983	8049
59904.695963	2216504725.427	  11.547	8049
59904.696085	2216504721.700	  10.018	8049
59904.696207	2216504718.427	  11.152	8049
59904.696329	2216504714.627	  10.263	8049
59904.696450	2216504710.327	  12.498	8049
59904.696572	2216504707.527	   7.844	8049
59904.696694	2216504703.627	   9.831	8049
59904.696815	2216504700.327	  13.046	8049
59904.696937	2216504696.027	   8.878	8049
59904.697058	2216504693.127	   9.587	8049
59904.697180	2216504689.327	  11.894	8049
59904.697302	2216504685.427	  11.218	8049
59904.697424	2216504681.727	   7.204	8049
59904.697545	2216504678.827	   9.609	8049
59904.697666	2216504674.827	   7.996	8049
59904.697787	2216504671.327	  14.272	8049
59904.697909	2216504667.427	   8.823	8049
59904.698030	2216504664.227	   9.870	8049
59904.698152	2216504660.827	  12.000	8049
59904.698274	2216504656.827	   7.581	8049
59904.698396	2216504653.927	   8.186	8049
59904.698518	2216504649.927	  10.238	8049
59904.698640	2216504646.127	   8.464	8049
59904.698761	2216504642.727	   8.958	8049
59904.698883	2216504639.300	  10.227	8049
59904.699004	2216504640.100	   9.230	8049
59904.699126	2216504632.427	  10.960	8049
59904.699247	2216504629.327	  10.517	8049
59904.699368	2216504625.527	  12.020	8049
59904.699490	2216504621.627	   8.498	8049
59904.699611	2216504618.527	   8.579	8049
59904.699733	2216504615.227	  13.865	8049
59904.699854	2216504611.727	   8.776	8049
59904.699975	2216504607.927	   9.048	8049
59904.700096	2216504604.227	   8.175	8049
59904.700218	2216504600.827	   8.415	8049
59904.700339	2216504597.227	  13.762	8049
59904.700461	2216504594.127	   9.341	8049
59904.700582	2216504590.527	  10.070	8049
59904.700703	2216504587.127	   8.878	8049
59904.700825	2216504582.700	  11.947	8049
59904.700946	2216504580.400	   9.113	8049
59904.701068	2216504576.600	   9.808	8049
59904.701189	2216504572.727	   8.426	8049
59904.701311	2216504569.527	   8.404	8049
59904.701433	2216504566.427	   9.265	8049
59904.701555	2216504563.327	   8.293	8049
59904.701676	2216504559.027	   8.834	8049
59904.701798	2216504555.227	   9.511	8049
59904.701919	2216504552.127	   8.131	8049
59904.702041	2216504548.627	   8.172	8049
59904.702163	2216504545.927	   8.658	8049
59904.702284	2216504541.427	   8.398	8049
59904.702406	2216504538.500	   7.818	8049
59904.702527	2216504535.227	   8.147	8049
59904.702648	2216504531.727	  10.346	8049
59904.702770	2216504528.527	   9.407	8049
59904.702892	2216504524.927	   8.440	8049
59904.703015	2216504520.827	  12.404	8049
59904.703137	2216504517.527	   9.907	8049
59904.703259	2216504515.300	   9.296	8049
59904.703380	2216504511.127	   8.457	8049
59904.703501	2216504507.327	  10.628	8049
59904.703622	2216504504.427	   7.915	8049
59904.703744	2216504500.500	   8.999	8049
59904.703866	2216504497.427	   7.746	8049
59904.703987	2216504493.727	   6.666	8049
59904.704108	2216504491.000	  11.201	8049
59904.704230	2216504487.327	   9.574	8049
59904.704351	2216504483.627	   5.973	8049
59904.704473	2216504480.027	   9.642	8049
59904.704594	2216504476.727	   9.948	8049
59904.704716	2216504473.627	   6.976	8049
59904.704837	2216504469.227	  10.476	8049
59904.704959	2216504466.427	  12.318	8049
59904.705081	2216504462.527	  13.468	8049
59904.705203	2216504458.727	   8.745	8049
59904.705326	2216504455.227	   7.734	8049
59904.705448	2216504451.727	  11.170	8049
59904.705570	2216504448.327	   9.715	8049
59904.705692	2216504444.627	  11.832	8049
59904.705814	2216504440.527	   8.552	8049
59904.705935	2216504437.127	   9.762	8049
59904.706056	2216504433.927	  10.646	8049
59904.706178	2216504430.427	   9.638	8049
59904.706299	2216504427.427	  10.105	8049
59904.706421	2216504423.027	   7.957	8049
59904.706543	2216504419.927	  14.004	8049
59904.706665	2216504416.527	   8.817	8049
59904.706786	2216504412.627	   9.516	8049
59904.706908	2216504409.227	   8.848	8049
59904.707029	2216504406.027	  12.063	8049
59904.707152	2216504402.827	  11.884	8049
59904.707273	2216504399.327	  10.637	8049
59904.707396	2216504395.927	   7.998	8049
59904.707518	2216504391.727	  11.300	8049
59904.707640	2216504389.427	  10.502	8049
59904.707762	2216504385.327	   9.215	8049
59904.707884	2216504381.727	   7.867	8049
59904.708006	2216504378.127	   9.082	8049
59904.708128	2216504374.927	   9.849	8049
59904.708250	2216504371.127	   9.585	8049
59904.708371	2216504367.427	   9.423	8049
59904.708493	2216504364.627	   8.582	8049
59904.708615	2216504360.827	   8.520	8049
59904.708738	2216504357.027	   8.870	8049
59904.708863	2216504353.827	  11.419	8049
59904.708987	2216504350.927	  11.228	8049
59904.709110	2216504347.427	   8.820	8049
59904.709233	2216504343.727	   8.057	8049
59904.709356	2216504340.927	   6.861	8049
59904.709479	2216504337.027	  11.455	8049
59904.709602	2216504333.027	  10.814	8049
59904.709725	2216504329.500	  10.472	8049
59904.709848	2216504326.527	  12.201	8049
59904.709970	2216504323.327	   7.622	8049
59904.710093	2216504319.827	   8.823	8049
59904.710214	2216504316.327	   8.992	8049
59904.710336	2216504312.927	  12.761	8049
59904.710457	2216504308.827	  12.422	8049
59904.710579	2216504305.927	   9.308	8049
59904.710700	2216504302.627	  11.222	8049
59904.710822	2216504299.827	  11.288	8049
59904.710943	2216504296.027	  14.139	8049
59904.711065	2216504292.727	   8.713	8049
59904.711187	2216504288.927	  10.816	8049
59904.711310	2216504285.927	   6.703	8049
59904.711432	2216504282.927	   7.590	8049
59904.711554	2216504279.900	  10.331	8049
59904.711675	2216504276.200	  11.169	8049
59904.711797	2216504272.827	  11.008	8049
59904.711918	2216504269.027	   7.469	8049
59904.712040	2216504266.227	   8.101	8049
59904.712161	2216504261.827	  10.700	8049
59904.712283	2216504259.727	   8.589	8049
59904.712404	2216504255.427	   7.609	8049
59904.712526	2216504252.800	   8.856	8049
59904.712649	2216504249.227	   7.907	8049
59904.712771	2216504245.027	   9.669	8049
59904.712892	2216504242.727	  10.232	8049
59904.713014	2216504238.927	  10.881	8049
59904.713136	2216504235.827	  10.105	8049
59904.713257	2216504232.027	   8.197	8049
59904.713379	2216504229.427	   9.588	8049
59904.713501	2216504225.727	   8.014	8049
59904.713622	2216504222.700	  10.441	8049
59904.713744	2216504218.527	   9.037	8049
59904.713865	2216504215.827	   8.951	8049
59904.713987	2216504212.200	  10.491	8049
59904.714108	2216504209.827	  10.248	8049
59904.714230	2216504206.427	   8.645	8049
59904.714352	2216504202.900	  10.323	8049
59904.714474	2216504199.227	   9.169	8049
59904.714596	2216504195.527	   7.633	8049
59904.714718	2216504193.327	   9.884	8049
59904.714841	2216504189.327	   9.173	8049
59904.714964	2216504186.427	   9.800	8049
59904.715086	2216504182.827	  15.950	8049
59904.715207	2216504179.827	   9.147	8049
59904.715329	2216504176.227	  11.227	8049
59904.715451	2216504173.427	   8.532	8049
59904.715574	2216504169.527	  12.515	8049
59904.715696	2216504166.627	  10.643	8049
59904.715817	2216504163.227	  10.522	8049
59904.715939	2216504160.327	  10.299	8049
59904.716061	2216504156.127	  15.563	8049
59904.716184	2216504153.527	   9.963	8049
59904.716306	2216504150.400	   8.328	8049
59904.716428	2216504147.200	   9.608	8049
59904.716549	2216504143.427	  11.910	8049
59904.716671	2216504140.100	  11.251	8049
59904.716793	2216504135.800	  15.936	8049
59904.716914	2216504133.327	  13.257	8049
59904.717035	2216504129.927	   8.154	8049
59904.717157	2216504126.827	   9.015	8049
59904.717278	2216504123.727	   7.951	8049
59904.717400	2216504119.727	  15.049	8049
59904.717521	2216504116.800	  15.693	8049
59904.717642	2216504113.727	   8.888	8049
59904.717764	2216504110.927	   9.249	8049
59904.717886	2216504106.327	   8.091	8049
59904.718007	2216504102.527	  10.268	8049
59904.718129	2216504099.427	  12.443	8049
59904.718251	2216504096.627	   7.636	8049
59904.718372	2216504093.127	  11.509	8049
59904.718494	2216504089.727	  10.676	8049
59904.718616	2216504086.127	  11.334	8049
59904.718738	2216504083.027	   9.177	8049
59904.718859	2216504079.827	   5.046	8049
59904.718980	2216504076.427	   8.270	8049
59904.719102	2216504073.327	   7.997	8049
59904.719224	2216504070.027	   8.921	8049
59904.719348	2216504065.927	   9.348	8049
59904.719471	2216504063.127	   9.011	8049
59904.719593	2216504059.227	  13.371	8049
59904.719715	2216504056.427	   7.561	8049
59904.719838	2216504053.327	   6.228	8049
59904.719960	2216504049.627	  11.548	8049
59904.720082	2216504047.327	   5.891	8049
59904.720812	2216504025.000	   6.382	8049
59904.721176	2216504015.927	   5.097	8049
59904.721418	2216504009.927	   8.598	8049
59904.721540	2216504007.227	   9.813	8049
59904.721662	2216504003.027	   6.263	8049
59904.721784	2216504000.127	   8.867	8049
59904.721905	2216503996.727	  11.104	8049
59904.722027	2216503993.827	   7.287	8049
59904.722148	2216503990.927	   7.623	8049
59904.722270	2216503987.727	   5.957	8049
59904.722877	2216503970.027	   6.352	8049
59904.723362	2216503958.027	   6.047	8049
59904.723604	2216503951.327	   6.695	8049
59904.723726	2216503948.127	  14.461	8049
59904.723848	2216503945.127	  12.041	8049
59904.724335	2216503932.700	   5.450	8049
59904.724578	2216503925.227	   5.258	8049
59904.724700	2216503923.027	   7.408	8049
59904.724822	2216503919.527	   5.093	8049
59904.724944	2216503915.700	   8.429	8049
59904.725065	2216503913.900	   5.641	8049
59904.725188	2216503909.027	   7.531	8049
59904.725310	2216503906.700	   9.893	8049
59904.725432	2216503903.127	  10.595	8049
59904.725555	2216503899.827	   6.585	8049
59904.725677	2216503896.800	   6.804	8049
59904.726285	2216503881.200	   5.905	8049
59904.726407	2216503877.727	   9.835	8049
59904.726529	2216503874.927	  11.121	8049
59904.726651	2216503871.227	   9.604	8049
59904.726772	2216503869.027	   8.045	8049
59904.726894	2216503864.827	   6.350	8049
59904.727016	2216503861.227	   6.252	8049
59904.727137	2216503858.327	   8.083	8049
59904.727258	2216503855.227	   5.687	8049
59904.727501	2216503850.127	  10.320	8049
59904.727744	2216503843.827	   6.306	8049
59904.727987	2216503838.127	   5.743	8049
59904.728230	2216503830.627	   6.213	8049
59904.728351	2216503827.427	   5.631	8049
59904.728473	2216503825.127	   7.847	8049
59904.728594	2216503821.827	   9.072	8049
59904.728716	2216503817.927	   6.299	8049
59904.728838	2216503815.427	   7.491	8049
59904.728960	2216503812.627	   6.147	8049
59904.729324	2216503802.727	   8.433	8049
59904.729446	2216503799.327	  10.932	8049
59904.729568	2216503796.327	  10.604	8049
59904.729690	2216503793.227	   5.863	8049
59904.729811	2216503790.127	   8.331	8049
59904.730054	2216503784.127	   5.423	8049
59904.730176	2216503779.827	   5.057	8049
59904.730419	2216503773.627	   8.143	8049
59904.731272	2216503751.727	   5.875	8049
59904.731762	2216503739.227	   5.697	8049
59904.732005	2216503732.127	  10.027	8049
59904.732127	2216503728.327	   6.135	8049
59904.732370	2216503722.127	   5.965	8049
59904.732615	2216503715.827	   8.691	8049
59904.732858	2216503710.127	   7.937	8049
59904.733101	2216503700.727	   5.654	8049
59904.733223	2216503703.100	   7.486	8049
59904.733344	2216503696.727	   6.875	8049
59904.733466	2216503693.727	   9.136	8049
59904.733587	2216503690.327	  10.507	8049
59904.733709	2216503686.927	  10.150	8049
59904.733830	2216503684.427	   9.508	8049
59904.733952	2216503681.600	  10.737	8049
59904.734073	2216503678.227	  10.849	8049
59904.734194	2216503674.727	   9.568	8049
59904.734316	2216503671.927	  12.410	8049
59904.734438	2216503668.000	  12.877	8049
59904.734559	2216503665.427	  10.355	8049
59904.734681	2216503662.027	  11.785	8049
59904.734803	2216503659.127	   9.928	8049
59904.734925	2216503656.127	  11.568	8049
59904.735047	2216503652.727	  10.314	8049
59904.735168	2216503649.627	  10.187	8049
59904.735290	2216503646.327	  11.261	8049
59904.735411	2216503643.200	   8.126	8049
59904.735533	2216503640.727	   8.707	8049
59904.735654	2216503637.427	  12.407	8049
59904.735776	2216503634.527	  11.082	8049
59904.735898	2216503631.127	  14.309	8049
59904.736020	2216503627.627	   7.991	8049
59904.736141	2216503625.027	   8.646	8049
59904.736262	2216503621.227	   9.322	8049
59904.736384	2216503618.400	  11.021	8049
59904.736505	2216503616.000	  10.491	8049
59904.736627	2216503612.427	  12.218	8049
59904.736748	2216503609.827	  10.604	8049
59904.736870	2216503606.227	  12.772	8049
59904.736991	2216503603.127	  10.029	8049
59904.737113	2216503600.200	  11.196	8049
59904.737234	2216503596.700	   8.373	8049
59904.737356	2216503594.027	  12.839	8049
59904.737478	2216503590.400	  10.274	8049
59904.737599	2216503587.927	  10.860	8049
59904.737721	2216503584.427	   9.136	8049
59904.737842	2216503581.627	  11.318	8049
59904.737964	2216503578.727	   7.139	8049
59904.738085	2216503575.827	   8.520	8049
59904.738207	2216503572.227	   9.098	8049
59904.738329	2216503569.027	  12.682	8049
59904.738451	2216503566.027	  11.233	8049
59904.738573	2216503562.627	   8.706	8049
59904.738694	2216503560.000	  10.685	8049
59904.738816	2216503557.127	   9.812	8049
59904.738938	2216503553.827	  12.308	8049
59904.739059	2216503551.227	  10.164	8049
59904.739181	2216503548.227	   9.356	8049
59904.739303	2216503544.927	  13.203	8049
59904.739425	2216503541.927	   8.717	8049
59904.739547	2216503538.827	  11.441	8049
59904.739669	2216503535.727	   8.389	8049
59904.739791	2216503532.727	  10.580	8049
59904.739912	2216503529.127	   9.004	8049
59904.740034	2216503526.627	   7.858	8049
59904.740155	2216503523.627	  11.416	8049
59904.740277	2216503521.127	   9.022	8049
59904.740398	2216503516.827	   9.572	8049
59904.740519	2216503514.327	  13.823	8049
59904.740641	2216503511.527	   8.758	8049
59904.740762	2216503507.927	   8.744	8049
59904.740883	2216503505.027	   9.930	8049
59904.741005	2216503502.427	   8.894	8049
59904.741126	2216503499.227	  10.696	8049
59904.741247	2216503496.127	   9.100	8049
59904.741368	2216503493.527	  13.128	8049
59904.741490	2216503490.327	  10.309	8049
59904.741611	2216503487.327	  10.862	8049
59904.741733	2216503484.527	  11.268	8049
59904.741854	2216503481.427	   8.258	8049
59904.741976	2216503478.127	  13.343	8049
59904.742097	2216503474.927	  11.748	8049
59904.742219	2216503471.727	  11.980	8049
59904.742341	2216503468.927	  10.632	8049
59904.742463	2216503466.227	   9.927	8049
59904.742585	2216503463.427	  11.576	8049
59904.742706	2216503460.527	  13.441	8049
59904.742828	2216503457.327	  12.924	8049
59904.742950	2216503453.727	   7.710	8049
59904.743071	2216503450.727	   8.659	8049
59904.743193	2216503448.127	   7.370	8049
59904.743315	2216503444.800	   9.648	8049
59904.743437	2216503442.227	  12.109	8049
59904.743558	2216503439.327	   7.141	8049
59904.743680	2216503435.900	   8.915	8049
59904.743801	2216503432.927	  10.774	8049
59904.743922	2216503430.327	  16.874	8049
59904.744044	2216503426.627	  14.017	8049
59904.744165	2216503424.027	  10.591	8049
59904.744287	2216503421.027	   9.804	8049
59904.744408	2216503417.827	   7.537	8049
59904.744530	2216503414.500	  13.011	8049
59904.744651	2216503411.427	   9.832	8049
59904.744773	2216503409.000	  13.551	8049
59904.744895	2216503405.527	   8.825	8049
59904.745017	2216503402.927	   8.047	8049
59904.745138	2216503399.327	   9.961	8049
59904.745260	2216503396.127	  10.111	8049
59904.745382	2216503392.927	  10.750	8049
59904.745503	2216503389.827	  12.644	8049
59904.745625	2216503386.927	   9.237	8049
59904.745746	2216503384.127	   9.353	8049
59904.745868	2216503380.927	   8.478	8049
59904.745989	2216503377.400	   7.616	8049
59904.746111	2216503374.627	   8.353	8049
59904.746233	2216503372.127	  16.677	8049
59904.746354	2216503368.927	  10.740	8049
59904.746476	2216503365.327	  14.462	8049
59904.746597	2216503362.327	   8.519	8049
59904.746719	2216503359.827	  19.275	8049
59904.746841	2216503356.727	   8.127	8049
59904.746963	2216503353.027	   9.288	8049
59904.747084	2216503350.727	  12.223	8049
59904.747206	2216503347.100	   9.465	8049
59904.747328	2216503344.500	   8.223	8049
59904.747449	2216503341.027	   7.263	8049
59904.747571	2216503338.000	  10.042	8049
59904.747692	2216503335.300	  12.502	8049
59904.747814	2216503331.527	   8.123	8049
59904.747935	2216503329.527	  11.542	8049
59904.748056	2216503325.927	  11.170	8049
59904.748178	2216503323.327	  13.024	8049
59904.748299	2216503319.600	   9.215	8049
59904.748421	2216503316.900	  10.494	8049
59904.748543	2216503313.900	  11.328	8049
59904.748664	2216503310.727	  15.724	8049
59904.748786	2216503307.900	  11.317	8049
59904.748907	2216503305.027	  10.224	8049
59904.749029	2216503301.827	  11.563	8049
59904.749150	2216503298.927	  15.859	8049
59904.749272	2216503296.127	  10.837	8049
59904.749394	2216503292.600	  13.188	8049
59904.749516	2216503290.327	  12.190	8049
59904.749637	2216503286.727	   8.500	8049
59904.749759	2216503284.427	  10.060	8049
59904.749881	2216503280.527	   9.535	8049
59904.750002	2216503278.327	   8.163	8049
59904.750124	2216503275.027	  14.299	8049
59904.750245	2216503271.727	   8.035	8049
59904.750366	2216503269.527	   8.493	8049
59904.750488	2216503266.527	  12.960	8049
59904.750609	2216503263.127	  10.995	8049
59904.750731	2216503259.827	  11.674	8049
59904.750852	2216503257.027	  10.197	8049
59904.750974	2216503253.827	  10.427	8049
59904.751096	2216503251.400	  12.164	8049
59904.751218	2216503248.327	  10.400	8049
59904.751340	2216503245.200	  10.512	8049
59904.751462	2216503242.427	   9.240	8049
59904.751583	2216503239.427	  10.458	8049
59904.751705	2216503237.000	   8.882	8049
59904.751827	2216503233.127	   9.774	8049
59904.751949	2216503230.400	  13.113	8049
59904.752071	2216503227.627	  11.668	8049
59904.752193	2216503224.527	   8.856	8049
59904.752314	2216503221.200	   9.159	8049
59904.752436	2216503218.400	  11.502	8049
59904.752558	2216503215.227	   9.779	8049
59904.752679	2216503213.027	  17.919	8049
59904.752801	2216503210.327	   9.235	8049
59904.752922	2216503206.927	   8.911	8049
59904.753043	2216503203.727	  11.248	8049
59904.753165	2216503201.127	   9.541	8049
59904.753287	2216503198.227	  12.273	8049
59904.753409	2216503194.627	   9.473	8049
59904.753530	2216503191.600	  11.322	8049
59904.753652	2216503189.127	   8.889	8049
59904.753775	2216503186.527	   9.382	8049
59904.753897	2216503183.200	  10.971	8049
59904.754019	2216503180.400	  10.746	8049
59904.754141	2216503177.327	  12.040	8049
59904.754263	2216503174.927	  13.233	8049
59904.754385	2216503171.927	  17.228	8049
59904.754507	2216503168.627	  10.808	8049
59904.754629	2216503166.027	   8.404	8049
59904.754750	2216503162.827	  12.368	8049
59904.754873	2216503160.427	  13.368	8049
59904.754995	2216503157.327	  13.489	8049
59904.755117	2216503154.227	   9.971	8049
59904.755238	2216503151.827	  14.599	8049
59904.755360	2216503148.227	  12.474	8049
59904.755481	2216503145.927	   9.665	8049
59904.755603	2216503143.327	  11.449	8049
59904.755725	2216503139.927	  10.782	8049
59904.755846	2216503137.500	  13.459	8049
59904.755968	2216503133.600	   8.625	8049
59904.756090	2216503131.727	  11.839	8049
59904.756211	2216503128.700	  11.638	8049
59904.756333	2216503125.727	  17.413	8049
59904.756454	2216503122.727	   8.311	8049
59904.756576	2216503119.127	   9.788	8049
59904.756697	2216503116.827	  10.539	8049
59904.756819	2216503114.227	   8.416	8049
59904.756941	2216503111.027	   8.307	8049
59904.757062	2216503108.000	  10.518	8049
59904.757183	2216503105.300	  12.296	8049
59904.757305	2216503102.427	   8.881	8049
59904.757426	2216503099.327	   7.740	8049
59904.757548	2216503097.427	  13.740	8049
59904.757669	2216503093.500	  10.270	8049
59904.757791	2216503091.200	  12.741	8049
59904.757912	2216503088.400	   9.842	8049
59904.758033	2216503085.427	   8.338	8049
59904.758155	2216503082.727	   7.229	8049
59904.758276	2216503079.627	  11.490	8049
59904.758398	2216503076.727	  11.788	8049
59904.758520	2216503073.827	  11.218	8049
59904.758642	2216503070.900	  10.018	8049
59904.758763	2216503067.427	  10.034	8049
59904.758885	2216503065.027	  10.216	8049
59904.759007	2216503061.627	  11.455	8049
59904.759129	2216503058.427	  13.030	8049
59904.759250	2216503055.727	  11.186	8049
59904.759371	2216503052.400	  11.924	8049
59904.759493	2216503050.327	   8.383	8049
59904.759614	2216503046.827	   9.730	8049
59904.759736	2216503043.827	  11.465	8049
59904.759858	2216503041.127	  11.699	8049
59904.759979	2216503038.100	  11.624	8049
59904.760101	2216503035.200	  10.300	8049
59904.760224	2216503032.327	   7.676	8049
59904.760346	2216503029.227	  13.061	8049
59904.760468	2216503025.500	  14.397	8049
59904.760590	2216503023.427	   8.090	8049
59904.760712	2216503019.700	  10.113	8049
59904.760834	2216503018.000	   8.371	8049
59904.760955	2216503014.800	   8.834	8049
59904.761077	2216503011.600	   8.772	8049
59904.761199	2216503008.327	  12.494	8049
59904.761320	2216503005.627	  12.613	8049
59904.761442	2216503002.600	  10.785	8049
59904.761564	2216502999.627	   9.055	8049
59904.761686	2216502996.927	  11.055	8049
59904.761808	2216502993.727	  10.612	8049
59904.761929	2216502990.927	  15.182	8049
59904.762050	2216502987.727	  12.365	8049
59904.762172	2216502985.027	   9.095	8049
59904.762293	2216502982.700	   8.919	8049
59904.762415	2216502979.700	  10.742	8049
59904.762536	2216502976.300	  10.219	8049
59904.762658	2216502973.227	  11.329	8049
59904.762780	2216502970.527	   9.710	8049
59904.762901	2216502967.800	  12.211	8049
59904.763023	2216502965.000	  12.570	8049
59904.763144	2216502961.727	  10.769	8049
59904.763266	2216502959.427	   9.666	8049
59904.763387	2216502956.400	  12.102	8049
59904.763509	2216502953.500	  13.961	8049
59904.763630	2216502950.427	   9.391	8049
59904.763752	2216502947.800	  12.248	8049
59904.763873	2216502944.627	   8.018	8049
59904.763994	2216502942.300	   9.326	8049
59904.764116	2216502939.227	  13.825	8049
59904.764238	2216502936.027	  11.959	8049
59904.764359	2216502933.327	   8.130	8049
59904.764481	2216502930.500	  14.331	8049
59904.764602	2216502927.627	   8.986	8049
59904.764724	2216502924.227	  12.361	8049
59904.764846	2216502921.627	  10.201	8049
59904.764967	2216502918.727	   9.885	8049
59904.765088	2216502916.027	  12.217	8049
59904.765210	2216502913.400	   9.779	8049
59904.765332	2216502910.400	  13.430	8049
59904.765454	2216502907.600	   9.591	8049
59904.765576	2216502904.600	  14.103	8049
59904.765697	2216502902.027	  12.005	8049
59904.765819	2216502899.100	  16.014	8049
59904.765941	2216502896.100	   9.457	8049
59904.766064	2216502892.900	   9.431	8049
59904.766187	2216502890.600	   8.776	8049
59904.766309	2216502888.000	  10.798	8049
59904.766431	2216502885.200	  11.006	8049
59904.766553	2216502881.927	  18.348	8049
59904.766675	2216502879.100	  11.621	8049
59904.766796	2216502876.100	  13.906	8049
59904.766919	2216502873.600	   9.492	8049
59904.767041	2216502870.427	   8.972	8049
59904.767163	2216502867.827	  11.923	8049
59904.767286	2216502865.827	  11.308	8049
59904.767408	2216502862.400	  15.097	8049
59904.767529	2216502859.927	   8.093	8049
59904.767651	2216502856.900	   9.770	8049
59904.767772	2216502853.727	  18.890	8049
59904.767894	2216502851.100	  10.678	8049
59904.768016	2216502848.227	  13.099	8049
59904.768138	2216502846.027	  14.091	8049
59904.768259	2216502842.500	   8.130	8049
59904.768381	2216502839.500	   8.715	8049
59904.768502	2216502836.827	  13.613	8049
59904.768623	2216502834.400	  11.982	8049
59904.768744	2216502831.800	  11.380	8049
59904.768866	2216502828.827	  12.488	8049
59904.768988	2216502826.527	   8.333	8049
59904.769109	2216502823.200	  11.392	8049
59904.769231	2216502820.627	   9.386	8049
59904.769352	2216502817.527	  16.373	8049
59904.769474	2216502814.400	  10.680	8049
59904.769595	2216502811.700	   9.790	8049
59904.769717	2216502809.300	  12.781	8049
59904.769838	2216502806.200	   7.575	8049
59904.769959	2216502804.127	   9.621	8049
59904.770081	2216502801.127	   9.148	8049
59904.770202	2216502798.027	  13.041	8049
59904.770324	2216502795.827	  12.002	8049
59904.770445	2216502792.600	   9.465	8049
59904.770567	2216502789.927	  11.168	8049
59904.770689	2216502787.027	  13.752	8049
59904.770810	2216502784.300	  16.080	8049
59904.770932	2216502783.827	  15.425	8049
59904.771054	2216502781.027	   9.318	8049
59904.771176	2216502778.027	  10.204	8049
59904.771297	2216502775.200	   9.759	8049
59904.771419	2216502772.900	  16.489	8049
59904.771540	2216502769.527	  17.417	8049
59904.771662	2216502766.627	  11.621	8049
59904.771783	2216502764.527	   9.940	8049
59904.771905	2216502761.527	  10.461	8049
59904.772027	2216502758.627	  19.755	8049
59904.772148	2216502755.700	   8.274	8049
59904.772269	2216502752.900	  15.284	8049
59904.772391	2216502749.800	  10.865	8049
59904.772512	2216502747.127	   9.792	8049
59904.772634	2216502744.427	  11.575	8049
59904.772756	2216502741.200	  10.505	8049
59904.772877	2216502738.527	  10.903	8049
59904.772999	2216502735.427	  12.353	8049
59904.773120	2216502733.127	  12.717	8049
59904.773242	2216502730.000	  11.658	8049
59904.773363	2216502727.100	  10.368	8049
59904.773485	2216502724.727	  12.751	8049
59904.773606	2216502721.500	  10.182	8049
59904.773727	2216502718.827	  10.628	8049
59904.773849	2216502716.027	  12.290	8049
59904.773971	2216502713.327	  14.110	8049
59904.774093	2216502710.727	   8.064	8049
59904.774215	2216502707.627	  10.117	8049
59904.774337	2216502704.527	  14.880	8049
59904.774458	2216502701.800	   9.821	8049
59904.774580	2216502699.027	  15.558	8049
59904.774702	2216502696.200	  11.042	8049
59904.774823	2216502693.400	  11.353	8049
59904.774945	2216502691.027	  10.267	8049
59904.775066	2216502688.100	   7.973	8049
59904.775188	2216502685.327	  10.437	8049
59904.775310	2216502682.427	   8.727	8049
59904.775431	2216502679.700	  11.598	8049
59904.775553	2216502676.600	  11.445	8049
59904.775675	2216502673.600	   8.904	8049
59904.775796	2216502670.727	  10.608	8049
59904.775918	2216502668.200	   9.698	8049
59904.776040	2216502665.227	  12.529	8049
59904.776162	2216502662.427	  11.761	8049
59904.776284	2216502660.027	  11.763	8049
59904.776406	2216502657.027	   9.220	8049
59904.776527	2216502654.527	   9.160	8049
59904.776649	2216502651.827	  11.772	8049
59904.776772	2216502649.000	  13.845	8049
59904.776893	2216502646.227	  12.510	8049
59904.777015	2216502644.027	  11.482	8049
59904.777137	2216502641.327	  11.354	8049
59904.777259	2216502638.100	  11.455	8049
59904.777381	2216502636.127	  10.521	8049
59904.777502	2216502632.600	  11.541	8049
59904.777624	2216502630.100	  10.563	8049
59904.777745	2216502627.300	  14.253	8049
59904.777867	2216502624.500	  12.084	8049
59904.777989	2216502621.700	  13.947	8049
59904.778110	2216502619.100	  13.503	8049
59904.778232	2216502616.600	  11.287	8049
59904.778353	2216502613.027	   8.475	8049
59904.778475	2216502610.900	   8.811	8049
59904.778598	2216502607.900	  10.229	8049
59904.778719	2216502605.600	  11.309	8049
59904.778840	2216502602.800	  13.168	8049
59904.778962	2216502600.100	  10.014	8049
59904.779083	2216502597.800	   8.877	8049
59904.779205	2216502595.100	  13.279	8049
59904.779326	2216502592.300	   8.525	8049
59904.779448	2216502588.900	   7.399	8049
59904.779569	2216502587.100	   6.812	8049
59904.779691	2216502584.100	   9.051	8049
59904.779812	2216502581.300	  11.549	8049
59904.779935	2216502578.400	   9.881	8049
59904.780059	2216502575.900	  12.130	8049
59904.780183	2216502573.300	   8.334	8049
59904.780307	2216502570.400	   9.953	8049
59904.780430	2216502567.200	  10.049	8049
59904.780553	2216502564.427	  16.163	8049
59904.780676	2216502562.127	   9.380	8049
59904.780798	2216502559.727	  10.396	8049
59904.780920	2216502557.100	  10.157	8049
59904.781041	2216502553.827	   9.604	8049
59904.781163	2216502551.327	  13.507	8049
59904.781284	2216502548.827	  14.159	8049
59904.781405	2216502546.400	   9.725	8049
59904.781527	2216502543.600	  11.772	8049
59904.781648	2216502540.427	  13.071	8049
59904.781769	2216502537.700	   8.177	8049
59904.781891	2216502535.027	  16.805	8049
59904.782012	2216502532.527	  14.178	8049
59904.782134	2216502529.600	   9.948	8049
59904.782256	2216502527.027	  10.400	8049
59904.782378	2216502524.327	  12.337	8049
59904.782500	2216502521.227	   9.345	8049
59904.782622	2216502519.427	  10.036	8049
59904.782743	2216502516.527	  14.019	8049
59904.782865	2216502513.727	   8.992	8049
59904.782987	2216502511.027	   7.244	8049
59904.783108	2216502507.700	  10.319	8049
59904.783230	2216502505.600	  13.382	8049
59904.783352	2216502502.727	   8.499	8049
59904.783474	2216502500.227	   7.933	8049
59904.783595	2216502497.727	  11.691	8049
59904.783718	2216502494.527	  14.604	8049
59904.783840	2216502491.727	   7.482	8049
59904.783961	2216502489.900	  10.604	8049
59904.784083	2216502486.927	   7.366	8049
59904.784205	2216502483.727	  11.542	8049
59904.784326	2216502480.827	  13.205	8049
59904.784448	2216502478.900	   9.832	8049
59904.784570	2216502476.227	   7.721	8049
59904.784692	2216502472.927	  12.261	8049
59904.784813	2216502470.327	  11.777	8049
59904.784935	2216502468.027	   9.881	8049
59904.785056	2216502465.227	  12.855	8049
59904.785178	2216502462.600	  10.625	8049
59904.785300	2216502459.527	  11.425	8049
59904.785421	2216502457.427	   9.381	8049
59904.785543	2216502454.727	  16.280	8049
59904.785665	2216502451.627	  13.463	8049
59904.785786	2216502449.127	  10.985	8049
59904.785908	2216502446.727	   9.158	8049
59904.786029	2216502443.327	  10.602	8049
59904.786151	2216502441.527	  10.276	8049
59904.786272	2216502438.300	   9.304	8049
59904.786394	2216502435.627	  10.614	8049
59904.786517	2216502432.727	   9.166	8049
59904.786638	2216502429.927	  11.218	8049
59904.786759	2216502427.927	   9.610	8049
59904.786881	2216502425.200	  15.772	8049
59904.787002	2216502422.627	  11.774	8049
59904.787123	2216502419.400	  10.523	8049
59904.787245	2216502416.600	   7.747	8049
59904.787366	2216502414.227	   9.875	8049
59904.787488	2216502411.200	  10.034	8049
59904.787609	2216502408.527	  12.453	8049
59904.787730	2216502406.500	  11.928	8049
59904.787852	2216502403.227	   9.996	8049
59904.787974	2216502401.200	  11.379	8049
59904.788095	2216502398.327	   9.867	8049
59904.788217	2216502394.900	  10.392	8049
59904.788338	2216502393.227	   7.088	8049
59904.788460	2216502390.027	  14.356	8049
59904.788583	2216502387.500	   9.266	8049
59904.788707	2216502384.927	  11.962	8049
59904.788831	2216502382.527	   9.778	8049
59904.788954	2216502378.700	   8.306	8049
59904.789077	2216502376.527	   8.019	8049
59904.789199	2216502374.127	   9.320	8049
59904.789322	2216502370.700	  11.148	8049
59904.789445	2216502368.100	  11.095	8049
59904.789567	2216502365.400	   9.839	8049
59904.789688	2216502362.800	   8.988	8049
59904.789809	2216502360.327	  12.789	8049
59904.789930	2216502357.927	   9.602	8049
59904.790051	2216502354.800	  11.260	8049
59904.790173	2216502352.700	  12.320	8049
59904.790294	2216502350.127	  11.928	8049
59904.790415	2216502347.427	   8.646	8049
59904.790538	2216502344.500	  11.767	8049
59904.790661	2216502341.600	  16.706	8049
59904.790786	2216502339.027	   9.067	8049
59904.790910	2216502336.027	   8.243	8049
59904.791032	2216502333.827	  11.821	8049
59904.791155	2216502330.900	   7.958	8049
59904.791278	2216502328.727	   8.467	8049
59904.791401	2216502326.100	  10.810	8049
59904.791523	2216502323.027	  10.564	8049
59904.791645	2216502320.427	  12.344	8049
59904.791766	2216502317.327	   8.841	8049
59904.791887	2216502315.127	  10.934	8049
59904.792008	2216502312.027	  12.120	8049
59904.792129	2216502309.427	  15.053	8049
59904.792250	2216502306.827	  15.738	8049
59904.792372	2216502304.227	  10.888	8049
59904.792493	2216502301.427	   8.432	8049
59904.792614	2216502298.600	  14.955	8049
59904.792736	2216502295.900	  11.392	8049
59904.792857	2216502293.827	   9.406	8049
59904.792979	2216502291.127	  15.805	8049
59904.793100	2216502288.127	  12.679	8049
59904.793222	2216502286.027	  12.273	8049
59904.793343	2216502283.300	  13.470	8049
59904.793464	2216502280.927	   9.261	8049
59904.793586	2216502277.427	  14.588	8049
59904.793707	2216502274.627	  11.760	8049
59904.793829	2216502272.027	   9.997	8049
59904.793951	2216502269.600	  10.047	8049
59904.794072	2216502267.427	  12.243	8049
59904.794193	2216502264.527	  12.588	8049
59904.794315	2216502261.727	  12.132	8049
59904.794436	2216502258.727	  13.558	8049
59904.794557	2216502256.327	   8.829	8049
59904.794678	2216502253.327	   9.375	8049
59904.794799	2216502251.227	  11.996	8049
59904.794920	2216502248.527	  11.049	8049
59904.795042	2216502245.627	  11.763	8049
59904.795164	2216502243.127	  11.065	8049
59904.795286	2216502240.127	  12.095	8049
59904.795407	2216502237.927	  15.354	8049
59904.795529	2216502235.227	  18.531	8049
59904.795651	2216502232.500	  14.757	8049
59904.795773	2216502229.427	  12.364	8049
59904.795894	2216502227.527	  14.245	8049
59904.796017	2216502224.927	  10.825	8049
59904.796140	2216502221.527	  16.663	8049
59904.796261	2216502219.700	   8.739	8049
59904.796383	2216502216.627	  11.613	8049
59904.796504	2216502213.927	  10.784	8049
59904.796626	2216502211.227	  14.100	8049
59904.796748	2216502208.327	   9.502	8049
59904.796870	2216502206.227	  10.386	8049
59904.796992	2216502203.727	   9.699	8049
59904.797114	2216502200.927	  12.137	8049
59904.797236	2216502197.927	  10.362	8049
59904.797358	2216502196.127	  14.688	8049
59904.797480	2216502193.327	   9.953	8049
59904.797601	2216502190.627	  12.276	8049
59904.797723	2216502188.227	  12.074	8049
59904.797844	2216502185.727	  13.830	8049
59904.797966	2216502183.327	  12.370	8049
59904.798087	2216502181.027	   9.265	8049
59904.798210	2216502177.827	  10.000	8049
59904.798332	2216502175.827	   8.899	8049
59904.798454	2216502173.200	  10.244	8049
59904.798576	2216502170.227	  13.128	8049
59904.798699	2216502167.727	  12.802	8049
59904.798821	2216502165.227	   9.944	8049
59904.798943	2216502162.427	   8.284	8049
59904.799065	2216502160.027	   9.631	8049
59904.799187	2216502157.627	  11.238	8049
59904.799309	2216502155.300	  10.105	8049
59904.799431	2216502152.527	  14.202	8049
59904.799552	2216502150.027	  12.731	8049
59904.799674	2216502147.527	  13.728	8049
59904.799796	2216502144.427	   8.866	8049
59904.799917	2216502142.427	  10.486	8049
59904.800039	2216502139.727	   9.474	8049
59904.800161	2216502137.500	  10.497	8049
59904.800282	2216502134.727	  14.530	8049
59904.800403	2216502132.200	  10.973	8049
59904.800525	2216502129.727	  12.419	8049
59904.800647	2216502126.827	   8.975	8049
59904.800769	2216502124.427	  10.835	8049
59904.800892	2216502122.027	  10.203	8049
59904.801015	2216502119.400	  11.524	8049
59904.801138	2216502117.027	  13.716	8049
59904.801260	2216502114.527	   8.003	8049
59904.801382	2216502111.627	   8.565	8049
59904.801504	2216502109.627	   9.134	8049
59904.801626	2216502106.427	   8.025	8049
59904.801747	2216502104.627	   9.580	8049
59904.801869	2216502101.900	  11.907	8049
59904.801991	2216502099.227	  10.489	8049
59904.802113	2216502096.527	  10.438	8049
59904.802234	2216502094.127	  13.770	8049
59904.802356	2216502091.727	   8.755	8049
59904.802478	2216502089.127	  10.115	8049
59904.802600	2216502086.127	   7.870	8049
59904.802722	2216502083.527	  11.077	8049
59904.802843	2216502081.327	  17.775	8049
59904.802964	2216502078.627	   9.382	8049
59904.803086	2216502076.027	  11.653	8049
59904.803208	2216502073.327	   9.073	8049
59904.803329	2216502071.527	   8.859	8049
59904.803450	2216502068.727	  11.060	8049
59904.803572	2216502066.000	   8.641	8049
59904.803694	2216502063.500	  14.067	8049
59904.803815	2216502060.827	  10.838	8049
59904.803937	2216502058.927	  12.165	8049
59904.804059	2216502055.427	   9.823	8049
59904.804181	2216502053.427	  10.589	8049
59904.804304	2216502051.100	   9.265	8049
59904.804425	2216502048.427	   9.054	8049
59904.804547	2216502045.927	  12.318	8049
59904.804669	2216502043.027	   8.539	8049
59904.804791	2216502040.327	  13.494	8049
59904.804913	2216502037.827	  11.854	8049
59904.805034	2216502035.927	   9.519	8049
59904.805156	2216502033.127	   8.864	8049
59904.805278	2216502030.527	  11.960	8049
59904.805400	2216502028.027	  15.482	8049
59904.805522	2216502025.127	   6.427	8049
59904.805643	2216502022.527	  17.919	8049
59904.805765	2216502020.627	  11.570	8049
59904.805886	2216502018.327	  15.586	8049
59904.806007	2216502015.827	   9.490	8049
59904.806129	2216502012.927	  10.449	8049
59904.806251	2216502010.327	  18.601	8049
59904.806373	2216502008.127	   7.951	8049
59904.806495	2216502004.927	  11.122	8049
59904.806616	2216502003.027	  11.007	8049
59904.806739	2216501999.727	   6.781	8049
59904.806861	2216501997.727	  13.305	8049
59904.806983	2216501995.127	  11.785	8049
59904.807105	2216501992.527	  10.530	8049
59904.807227	2216501990.327	   8.404	8049
59904.807348	2216501987.827	  12.303	8049
59904.807470	2216501985.127	  12.975	8049
59904.807592	2216501982.727	  11.768	8049
59904.807713	2216501979.527	  11.229	8049
59904.807835	2216501977.727	   8.590	8049
59904.807957	2216501974.727	  10.119	8049
59904.808078	2216501972.927	   6.762	8049
59904.808200	2216501969.927	  11.265	8049
59904.808322	2216501966.927	   5.847	8049
59904.808444	2216501964.327	   5.816	8049
59904.808565	2216501962.627	   7.618	8049
59904.808687	2216501958.827	   6.042	8049
59904.808809	2216501957.227	   7.789	8049
59904.808931	2216501955.127	   9.006	8049
59904.809173	2216501949.327	   7.648	8049
59904.809294	2216501947.527	   9.926	8049
59904.809416	2216501945.327	   8.532	8049
59904.809537	2216501942.227	  18.679	8049
59904.809659	2216501939.527	   7.791	8049
59904.809780	2216501937.327	   8.480	8049
59904.809901	2216501934.227	   7.504	8049
59904.810023	2216501931.727	   7.936	8049
59904.810145	2216501929.927	   8.665	8049
59904.810268	2216501927.327	   8.972	8049
59904.810392	2216501924.227	   6.551	8049
59904.810515	2216501922.227	   7.586	8049
59904.810637	2216501919.527	   9.117	8049
59904.810759	2216501917.027	   6.417	8049
59904.810881	2216501914.427	   6.678	8049
59904.811003	2216501911.627	   7.466	8049
59904.811125	2216501909.527	   8.633	8049
59904.811246	2216501906.927	  10.489	8049
59904.811368	2216501904.027	   7.320	8049
59904.811489	2216501902.527	   5.807	8049
59904.811611	2216501898.727	   5.232	8049
59904.811732	2216501897.127	   6.439	8049
59904.811854	2216501894.027	   7.820	8049
59904.811976	2216501891.427	   7.090	8049
59904.812097	2216501889.327	   6.892	8049
59904.812219	2216501887.027	  11.264	8049
59904.812341	2216501883.827	   5.803	8049
59904.812462	2216501881.827	   6.240	8049
59904.812584	2216501879.027	   7.220	8049
59904.812705	2216501876.327	  17.160	8049
59904.812827	2216501873.727	  10.754	8049
59904.812948	2216501871.527	  10.542	8049
59904.813070	2216501868.827	  12.697	8049
59904.813191	2216501866.527	  10.161	8049
59904.813312	2216501864.027	  13.917	8049
59904.813433	2216501861.727	   7.113	8049
59904.813555	2216501859.227	  11.746	8049
59904.813676	2216501856.927	   8.724	8049
59904.813798	2216501853.727	   7.718	8049
59904.813920	2216501850.827	   5.620	8049
59904.814043	2216501848.627	   8.655	8049
59904.814166	2216501845.927	  12.361	8049
59904.814289	2216501843.927	   9.176	8049
59904.814411	2216501841.127	  13.867	8049
59904.814532	2216501839.527	   9.685	8049
59904.814654	2216501836.427	   9.693	8049
59904.814776	2216501833.927	  10.724	8049
59904.814897	2216501831.727	   5.714	8049
59904.815018	2216501829.427	   6.845	8049
59904.815139	2216501826.427	  12.459	8049
59904.815261	2216501824.127	   7.263	8049
59904.815382	2216501821.027	  14.487	8049
59904.815503	2216501818.727	   8.310	8049
59904.815624	2216501815.827	   6.562	8049
59904.815746	2216501813.427	  11.869	8049
59904.815867	2216501811.627	   8.988	8049
59904.815988	2216501809.127	   8.113	8049
59904.816109	2216501806.927	   8.482	8049
59904.816231	2216501803.727	   8.876	8049
59904.816352	2216501801.827	   8.554	8049
59904.816596	2216501797.327	  10.522	8049
59904.816717	2216501794.427	  10.799	8049
59904.816839	2216501792.327	   8.250	8049
59904.816960	2216501789.827	  14.577	8049
59904.817082	2216501787.627	  11.029	8049
59904.817204	2216501785.427	  10.032	8049
59904.817326	2216501782.827	   8.168	8049
59904.817447	2216501780.027	  13.383	8049
59904.817569	2216501777.727	   9.766	8049
59904.817690	2216501775.627	   8.571	8049
59904.817811	2216501773.027	   7.320	8049
59904.817933	2216501770.227	   8.549	8049
59904.818054	2216501767.827	  10.818	8049
59904.818175	2216501766.127	  12.600	8049
59904.818297	2216501764.027	   7.162	8049
59904.818418	2216501761.227	  10.216	8049
59904.818539	2216501758.527	  13.508	8049
59904.818661	2216501756.327	   8.806	8049
59904.818782	2216501754.227	  10.509	8049
59904.818904	2216501751.227	  13.541	8049
59904.819025	2216501748.827	  10.750	8049
59904.819146	2216501747.227	   8.762	8049
59904.819267	2216501744.627	  18.431	8049
59904.819388	2216501742.127	   9.223	8049
59904.819509	2216501739.727	  10.187	8049
59904.819631	2216501737.127	   9.919	8049
59904.819874	2216501732.727	   7.046	8049
59904.819995	2216501730.627	  20.439	8049
59904.820117	2216501727.527	   7.182	8049
59904.820238	2216501724.927	  10.863	8049
59904.820359	2216501722.627	   8.292	8049
59904.820481	2216501720.527	   9.507	8049
59904.820602	2216501718.627	   8.152	8049
59904.820724	2216501715.927	  12.093	8049
59904.820845	2216501713.827	   7.422	8049
59904.820966	2216501711.027	  13.025	8049
59904.821087	2216501709.227	  10.079	8049
59904.821208	2216501705.927	   9.942	8049
59904.821329	2216501704.027	  14.577	8049
59904.821451	2216501701.927	   9.436	8049
59904.821572	2216501699.327	  15.528	8049
59904.821694	2216501696.627	   8.858	8049
59904.821815	2216501694.227	   8.494	8049
59904.821937	2216501692.327	   8.922	8049
59904.822059	2216501689.827	  11.490	8049
59904.822180	2216501687.727	   8.357	8049
59904.822301	2216501685.127	  12.185	8049
59904.822423	2216501683.127	  10.340	8049
59904.822544	2216501679.927	   8.958	8049
59904.822665	2216501678.027	  10.385	8049
59904.822787	2216501675.627	  15.638	8049
59904.822909	2216501672.927	  10.415	8049
59904.823030	2216501670.627	   7.884	8049
59904.823151	2216501667.827	   9.033	8049
59904.823272	2216501665.927	  10.056	8049
59904.823394	2216501663.427	  11.646	8049
59904.823515	2216501661.027	  10.187	8049
59904.823636	2216501658.827	  12.163	8049
59904.823758	2216501656.327	  11.943	8049
59904.823879	2216501654.027	   7.256	8049
59904.824000	2216501651.727	  10.677	8049
59904.824122	2216501649.227	  11.594	8049
59904.824243	2216501646.927	  11.909	8049
59904.824364	2216501644.427	  12.503	8049
59904.824485	2216501642.227	   9.749	8049
59904.824606	2216501640.027	   6.718	8049
59904.824728	2216501637.527	  11.120	8049
59904.824849	2216501634.827	  10.022	8049
59904.824970	2216501633.227	   9.467	8049
59904.825092	2216501630.227	  10.182	8049
59904.825213	2216501628.227	  16.619	8049
59904.825335	2216501625.527	  11.130	8049
59904.825456	2216501622.827	   9.818	8049
59904.825578	2216501620.927	  12.613	8049
59904.825699	2216501618.927	   8.522	8049
59904.825820	2216501615.427	   7.640	8049
59904.825941	2216501613.527	   8.463	8049
59904.826063	2216501611.427	  12.082	8049
59904.826185	2216501609.127	  14.018	8049
59904.826306	2216501606.727	  15.425	8049
59904.826427	2216501604.427	   9.025	8049
59904.826548	2216501601.727	   7.065	8049
59904.826669	2216501599.627	   9.482	8049
59904.826790	2216501597.127	   7.495	8049
59904.826911	2216501594.327	   5.489	8049
59904.827032	2216501592.627	   6.764	8049
59904.827154	2216501590.327	   7.120	8049
59904.827275	2216501587.827	   9.233	8049
59904.827396	2216501585.527	   9.134	8049
59904.827518	2216501582.427	   5.644	8049
59904.827639	2216501580.827	   5.548	8049
59904.827761	2216501577.927	  11.201	8049
59904.827882	2216501575.527	  16.237	8049
59904.828004	2216501573.727	  10.197	8049
59904.828125	2216501571.027	   7.292	8049
59904.828246	2216501569.027	   9.387	8049
59904.828368	2216501566.427	  15.501	8049
59904.828489	2216501563.827	   9.845	8049
59904.828611	2216501561.727	   6.957	8049
59904.828732	2216501559.127	   6.977	8049
59904.828854	2216501556.927	  12.899	8049
59904.828976	2216501554.427	  10.015	8049
59904.829097	2216501552.227	  11.374	8049
59904.829218	2216501549.627	   9.721	8049
59904.829340	2216501547.327	  10.746	8049
59904.829461	2216501544.527	   5.609	8049
59904.829583	2216501542.527	   9.036	8049
59904.829825	2216501537.727	  13.252	8049
59904.829947	2216501535.727	  16.889	8049
59904.830068	2216501532.927	  12.038	8049
59904.830190	2216501531.027	   5.738	8049
59904.830555	2216501524.127	  10.305	8049
59904.830798	2216501518.927	   5.865	8049
59904.830920	2216501516.027	   5.953	8049
59904.831042	2216501513.627	   5.705	8049
59904.831408	2216501506.727	   6.220	8049
59904.831530	2216501506.127	   8.007	8049
59904.831651	2216501502.727	   5.668	8049
59904.831772	2216501500.427	   8.904	8049
59904.832016	2216501495.027	   5.631	8049
59904.832137	2216501492.827	   7.718	8049
59904.832258	2216501490.527	  10.429	8049
59904.832380	2216501488.127	  14.049	8049
59904.832502	2216501485.727	   8.632	8049
59904.832623	2216501483.427	   7.553	8049
59904.832744	2216501481.027	   9.000	8049
59904.832866	2216501478.627	  11.405	8049
59904.832987	2216501476.127	  14.425	8049
59904.833230	2216501471.727	  14.781	8049
59904.833351	2216501469.627	  10.548	8049
59904.833473	2216501467.027	  10.064	8049
59904.833594	2216501464.527	   6.857	8049
59904.833715	2216501462.227	   6.144	8049
59904.833836	2216501460.227	  11.059	8049
59904.833958	2216501457.427	  13.929	8049
59904.834079	2216501455.327	  12.384	8049
59904.834200	2216501452.827	   5.716	8049
59904.834322	2216501450.827	   8.585	8049
59904.834443	2216501448.127	   9.572	8049
59904.834564	2216501446.427	   9.862	8049
59904.834685	2216501443.927	  11.291	8049
59904.834807	2216501442.027	   8.487	8049
59904.834928	2216501439.427	  10.316	8049
59904.835171	2216501435.327	   7.512	8049
59904.835293	2216501432.827	   6.240	8049
59904.835414	2216501430.827	   9.723	8049
59904.835535	2216501428.627	  11.055	8049
59904.835657	2216501425.727	   9.609	8049
59904.835778	2216501424.027	   8.532	8049
59904.835900	2216501421.427	   8.773	8049
59904.836022	2216501419.527	   7.849	8049
59904.836143	2216501417.127	  10.365	8049
59904.836265	2216501415.127	   6.925	8049
59904.836386	2216501412.527	   7.140	8049
59904.836751	2216501406.327	  10.069	8049
59904.836872	2216501403.527	   8.035	8049
59904.836993	2216501401.227	  13.890	8049
59904.837237	2216501396.827	   8.309	8049
59904.837601	2216501390.027	   7.023	8049
59904.837724	2216501388.027	   8.153	8049
59904.837845	2216501385.327	   7.043	8049
59904.837967	2216501383.027	  12.236	8049
59904.838088	2216501381.427	   6.031	8049
59904.838210	2216501379.427	   7.593	8049
59904.838332	2216501376.627	   8.961	8049
59904.838575	2216501371.927	   7.552	8049
59904.838696	2216501370.127	  10.924	8049
59904.838817	2216501368.227	   9.343	8049
59904.838938	2216501365.227	   8.437	8049
59904.839059	2216501363.427	   8.917	8049
59904.839181	2216501361.327	   7.626	8049
59904.839302	2216501358.827	   6.930	8049
59904.839423	2216501356.327	  11.189	8049
59904.839545	2216501354.727	   6.489	8049
59904.839666	2216501352.427	   7.998	8049
59904.839788	2216501350.027	   6.701	8049
59904.840030	2216501345.627	   8.123	8049
59904.840152	2216501343.627	  11.185	8049
59904.840274	2216501341.027	  10.119	8049
59904.840395	2216501338.527	  10.920	8049
59904.840516	2216501336.827	   9.438	8049
59904.840638	2216501334.427	  11.915	8049
59904.840759	2216501332.127	  10.501	8049
59904.840881	2216501329.527	  13.921	8049
59904.841002	2216501327.527	  12.584	8049
59904.841124	2216501325.427	   7.438	8049
59904.841245	2216501322.527	   7.289	8049
59904.841366	2216501320.727	   6.195	8049
59904.841487	2216501318.427	   6.559	8049
59904.841609	2216501316.527	   9.271	8049
59904.841730	2216501314.127	  11.121	8049
59904.841852	2216501312.127	   7.084	8049
59904.841973	2216501309.527	   6.707	8049
59904.842095	2216501307.527	  11.894	8049
59904.842460	2216501301.127	   5.708	8049
59904.842703	2216501297.527	   5.526	8049
59904.842824	2216501293.027	   6.296	8049
59904.842945	2216501291.927	   9.700	8049
59904.843067	2216501291.127	   6.450	8049
59904.843310	2216501285.527	   8.121	8049
59904.843673	2216501279.027	   7.841	8049
59904.843795	2216501276.627	   8.554	8049
59904.844037	2216501271.727	   7.640	8049
59904.844159	2216501270.027	  11.032	8049
59904.844645	2216501260.927	   5.459	8049
59904.844766	2216501258.627	   5.596	8049
59904.845010	2216501254.027	   6.627	8049
59904.845253	2216501249.827	   6.535	8049
59904.845374	2216501247.727	   6.869	8049
59904.845739	2216501240.927	   8.529	8049
59904.846345	2216501229.027	   6.882	8049
