59913.934566	2216502795.800	   9.344	8049
59913.934682	2216502794.900	   8.803	8049
59913.934797	2216502794.400	   7.265	8049
59913.934913	2216502793.400	   8.743	8049
59913.935029	2216502792.000	   6.816	8049
59913.935145	2216502791.500	   9.754	8049
59913.935260	2216502790.600	  10.199	8049
59913.935608	2216502787.900	   9.609	8049
59913.935723	2216502786.900	   7.300	8049
59913.935839	2216502786.500	  11.178	8049
59913.935955	2216502785.000	  14.150	8049
59913.936071	2216502784.500	  10.715	8049
59913.936186	2216502783.800	  14.635	8049
59913.936302	2216502782.800	   8.076	8049
59913.936418	2216502782.100	  16.128	8049
59913.936534	2216502781.400	   8.905	8049
59913.936649	2216502780.600	  24.834	8049
59913.936765	2216502780.100	   9.353	8049
59913.936881	2216502779.000	  11.839	8049
59913.936996	2216502778.200	  22.645	8049
59913.937112	2216502777.700	  12.247	8049
59913.937228	2216502777.000	  12.214	8049
59913.937344	2216502776.200	  10.796	8049
59913.937460	2216502775.400	  17.344	8049
59913.937575	2216502774.600	  10.768	8049
59913.937691	2216502773.800	  10.639	8049
59913.937807	2216502772.900	  11.001	8049
59913.937922	2216502772.000	   7.993	8049
59913.938038	2216502771.400	  16.821	8049
59913.938154	2216502770.500	  13.006	8049
59913.938270	2216502769.800	  10.807	8049
59913.938386	2216502768.900	  10.521	8049
59913.938501	2216502768.200	  21.361	8049
59913.938617	2216502767.200	  10.024	8049
59913.938733	2216502766.400	   5.367	8049
59913.938848	2216502765.700	  12.669	8049
59913.938964	2216502764.800	  10.484	8049
59913.939080	2216502764.100	   9.786	8049
59913.939196	2216502763.300	  12.765	8049
59913.939311	2216502762.700	  16.256	8049
59913.939427	2216502761.700	  12.989	8049
59913.939543	2216502760.900	  10.673	8049
59913.939659	2216502760.200	  20.114	8049
59913.939774	2216502759.100	  16.359	8049
59913.939890	2216502758.400	  18.564	8049
59913.940006	2216502757.500	  17.148	8049
59913.940121	2216502757.000	  11.801	8049
59913.940237	2216502755.800	  17.382	8049
59913.940353	2216502755.100	   9.545	8049
59913.940469	2216502754.100	  14.760	8049
59913.940585	2216502753.600	  14.789	8049
59913.940700	2216502752.700	  10.502	8049
59913.940816	2216502752.000	  14.457	8049
59913.940932	2216502751.000	  15.442	8049
59913.941047	2216502750.000	   9.512	8049
59913.941163	2216502749.500	  11.313	8049
59913.941279	2216502748.800	   7.452	8049
59913.941395	2216502747.700	  15.852	8049
59913.941510	2216502746.900	  12.885	8049
59913.941626	2216502746.100	  12.040	8049
59913.941742	2216502745.200	  13.210	8049
59913.941858	2216502744.200	  18.966	8049
59913.941973	2216502743.600	  13.455	8049
59913.942089	2216502742.700	  17.006	8049
59913.942205	2216502741.800	  11.764	8049
59913.942321	2216502741.000	  14.014	8049
59913.942436	2216502739.800	  33.267	8049
59913.942552	2216502739.000	  21.027	8049
59913.942668	2216502738.400	  13.561	8049
59913.942784	2216502737.300	  11.737	8049
59913.942899	2216502736.600	  13.731	8049
59913.943015	2216502735.600	  15.167	8049
59913.943131	2216502734.800	  16.646	8049
59913.943247	2216502734.000	  10.393	8049
59913.943362	2216502733.000	  10.193	8049
59913.943478	2216502732.400	  16.957	8049
59913.943594	2216502731.600	   9.206	8049
59913.943709	2216502730.500	  14.814	8049
59913.943825	2216502729.700	   8.444	8049
59913.943941	2216502728.900	  16.312	8049
59913.944057	2216502728.000	  12.424	8049
59913.944172	2216502727.100	  15.487	8049
59913.944288	2216502725.900	  14.449	8049
59913.944404	2216502725.200	  10.725	8049
59913.944520	2216502724.300	  13.601	8049
59913.944635	2216502723.400	  21.899	8049
59913.944751	2216502722.600	  15.841	8049
59913.944867	2216502721.500	   8.146	8049
59913.944983	2216502720.700	  14.123	8049
59913.945098	2216502719.900	  19.804	8049
59913.945793	2216502714.200	  10.438	8049
59913.945909	2216502713.500	   6.582	8049
59913.946024	2216502712.500	   8.210	8049
59913.946140	2216502711.700	   7.817	8049
59913.946256	2216502710.900	  14.037	8049
59913.946372	2216502709.900	  11.242	8049
59913.946487	2216502709.200	   8.452	8049
59913.946603	2216502707.900	   8.130	8049
59913.946719	2216502707.100	  17.460	8049
59913.946834	2216502706.300	  11.843	8049
59913.946950	2216502705.400	  17.277	8049
59913.947066	2216502704.400	  12.622	8049
59913.947182	2216502703.400	  16.599	8049
59913.947297	2216502702.200	  18.674	8049
59913.947413	2216502701.600	  11.133	8049
59913.947529	2216502700.600	  14.547	8049
59913.947645	2216502699.800	  15.594	8049
59913.947760	2216502698.600	  12.953	8049
59913.947876	2216502697.800	  10.002	8049
59913.947992	2216502696.700	  13.650	8049
59913.948108	2216502695.800	  11.043	8049
59913.948223	2216502694.800	  11.588	8049
59913.948339	2216502693.900	  11.342	8049
59913.948455	2216502693.000	  20.681	8049
59913.948571	2216502692.100	  10.546	8049
59913.948686	2216502691.100	  15.418	8049
59913.948802	2216502690.400	   9.521	8049
59913.948918	2216502689.200	  16.843	8049
59913.949034	2216502688.300	   7.061	8049
59913.949149	2216502687.100	  10.482	8049
59913.949265	2216502686.300	   6.699	8049
59913.949381	2216502685.400	  29.731	8049
59913.949496	2216502684.200	   9.505	8049
59913.949612	2216502683.300	  14.575	8049
59913.949728	2216502682.300	   9.393	8049
59913.949844	2216502681.400	   9.490	8049
59913.949959	2216502680.300	  10.795	8049
59913.950075	2216502679.300	  23.890	8049
59913.950191	2216502678.500	  14.392	8049
59913.950307	2216502677.600	  13.958	8049
59913.950423	2216502676.600	  12.781	8049
59913.950538	2216502675.400	  11.737	8049
59913.950654	2216502674.500	  14.537	8049
59913.950770	2216502673.300	   7.739	8049
59913.950885	2216502672.700	  15.696	8049
59913.951001	2216502671.700	   9.655	8049
59913.951117	2216502670.700	  11.568	8049
59913.951233	2216502669.800	  11.890	8049
59913.951348	2216502668.800	  12.265	8049
59913.951464	2216502667.700	  12.519	8049
59913.951580	2216502666.700	  11.247	8049
59913.951696	2216502666.000	  18.726	8049
59913.951811	2216502665.100	  12.274	8049
59913.951927	2216502664.100	  32.186	8049
59913.952043	2216502663.300	  13.906	8049
59913.952159	2216502662.300	  12.951	8049
59913.952274	2216502661.700	  13.374	8049
59913.952390	2216502660.500	  19.029	8049
59913.952506	2216502659.800	  11.407	8049
59913.952622	2216502658.900	  12.359	8049
59913.952737	2216502658.000	  17.866	8049
59913.952853	2216502657.100	  16.119	8049
59913.952969	2216502656.000	   9.291	8049
59913.953085	2216502655.300	  14.298	8049
59913.953200	2216502654.300	   8.218	8049
59913.953316	2216502653.900	   8.274	8049
59913.953432	2216502652.500	   6.772	8049
59913.953548	2216502651.700	  14.502	8049
59913.953663	2216502650.800	  10.166	8049
59913.953779	2216502649.900	  18.706	8049
59913.953895	2216502648.800	  11.216	8049
59913.954011	2216502648.000	  11.388	8049
59913.954126	2216502647.200	   9.703	8049
59913.954242	2216502646.400	  12.410	8049
59913.954358	2216502645.400	  14.851	8049
59913.954473	2216502644.400	  15.514	8049
59913.954589	2216502643.600	  11.062	8049
59913.954705	2216502642.700	  10.675	8049
59913.954821	2216502641.600	  18.735	8049
59913.954936	2216502640.800	  14.613	8049
59913.955052	2216502639.800	  15.974	8049
59913.955168	2216502638.900	  12.879	8049
59913.955284	2216502638.300	  14.567	8049
59913.964427	2216502559.645	   5.326	8049
59913.964774	2216502556.545	   6.140	8049
59913.965006	2216502554.645	   8.643	8049
59913.965237	2216502552.145	  10.961	8049
59913.965353	2216502551.345	   5.355	8049
59913.965584	2216502548.845	   5.054	8049
59913.965816	2216502546.945	  13.627	8049
59913.965932	2216502546.045	   7.582	8049
59913.966048	2216502544.945	   7.128	8049
59913.966163	2216502543.845	   8.911	8049
59913.966279	2216502542.945	   5.007	8049
59913.966395	2216502541.445	   6.483	8049
59913.966510	2216502540.145	   6.527	8049
59913.966626	2216502539.145	   6.555	8049
59913.966742	2216502538.545	   8.583	8049
59913.966858	2216502536.945	   6.351	8049
59913.966973	2216502536.145	  11.642	8049
59913.967089	2216502534.845	  10.679	8049
59913.967205	2216502534.145	   7.093	8049
59913.967436	2216502531.945	   7.994	8049
59913.967552	2216502530.745	   7.627	8049
59913.967668	2216502529.745	   7.160	8049
59913.967783	2216502528.545	  10.931	8049
59913.967899	2216502527.145	   5.846	8049
59913.968015	2216502526.445	   7.135	8049
59913.968131	2216502525.445	   7.428	8049
59913.968246	2216502524.145	   6.104	8049
59913.968362	2216502523.445	   8.479	8049
59913.968478	2216502522.345	   6.005	8049
59913.968594	2216502521.445	   7.763	8049
59913.968710	2216502520.445	   9.429	8049
59913.968825	2216502519.145	   7.076	8049
59913.968941	2216502518.345	   7.510	8049
59913.970098	2216502508.245	   6.027	8049
59913.970445	2216502505.345	   7.547	8049
59913.970561	2216502504.445	   8.083	8049
59913.970677	2216502503.345	   7.462	8049
59913.970793	2216502502.245	   6.612	8049
59913.970908	2216502500.945	   9.580	8049
59913.971256	2216502498.445	   7.010	8049
59913.971372	2216502497.145	   7.362	8049
59913.971487	2216502496.345	   6.060	8049
59913.971603	2216502494.845	   8.592	8049
59913.971835	2216502493.045	   9.656	8049
59913.971950	2216502492.245	   7.155	8049
59913.972182	2216502490.145	   7.687	8049
59913.972413	2216502487.745	   5.654	8049
59913.972645	2216502485.945	   6.968	8049
59913.972876	2216502483.745	   8.549	8049
59913.973223	2216502480.645	   7.117	8049
59913.973339	2216502479.645	  11.793	8049
59913.973455	2216502478.645	   7.641	8049
59913.973571	2216502477.245	   7.652	8049
59913.973686	2216502475.745	   7.213	8049
59913.973802	2216502475.345	   9.282	8049
59913.974033	2216502473.145	   8.203	8049
59913.974149	2216502471.845	   8.531	8049
59913.974265	2216502471.145	   5.125	8049
59913.974381	2216502469.945	   6.943	8049
59913.974496	2216502468.845	   6.839	8049
59913.974612	2216502467.745	   9.594	8049
59913.974728	2216502466.645	  11.856	8049
59913.974844	2216502465.745	  13.706	8049
59913.975075	2216502463.445	  11.540	8049
59913.975191	2216502462.245	  10.189	8049
59913.975307	2216502461.345	  10.077	8049
59913.975423	2216502460.245	  11.257	8049
59913.975538	2216502459.145	  18.178	8049
59913.975654	2216502458.045	   7.796	8049
59913.975770	2216502457.045	  11.327	8049
59913.975885	2216502455.845	   8.841	8049
59913.976001	2216502455.045	   9.408	8049
59913.976117	2216502453.945	   9.735	8049
59913.976233	2216502452.545	   9.156	8049
59913.976348	2216502451.745	  10.753	8049
59913.976464	2216502450.245	  16.209	8049
59913.976580	2216502449.345	  13.747	8049
59913.976695	2216502448.445	  10.057	8049
59913.976811	2216502447.145	  19.397	8049
59913.976927	2216502446.145	  13.620	8049
59913.977043	2216502445.145	   8.111	8049
59913.977159	2216502443.945	   9.723	8049
59913.977274	2216502442.445	  10.149	8049
59913.977390	2216502441.645	  11.243	8049
59913.977506	2216502440.545	  12.080	8049
59913.977622	2216502439.245	   8.049	8049
59913.977737	2216502438.345	  12.023	8049
59913.977853	2216502437.245	  20.825	8049
59913.977969	2216502435.945	  10.031	8049
59913.978084	2216502435.145	  14.249	8049
59913.978200	2216502433.845	   7.030	8049
59913.978316	2216502432.545	   7.237	8049
59913.978432	2216502431.645	  10.082	8049
59913.978548	2216502430.545	  11.951	8049
59913.978663	2216502429.345	  12.625	8049
59913.978779	2216502428.345	   8.769	8049
59913.978895	2216502426.945	   8.433	8049
59913.979010	2216502425.945	  16.624	8049
59913.979126	2216502425.145	   8.848	8049
59913.979242	2216502423.745	   7.944	8049
59913.979358	2216502422.545	   8.509	8049
59913.979474	2216502421.645	   8.042	8049
59913.979589	2216502420.645	   6.344	8049
59913.979705	2216502419.345	  10.326	8049
59913.979821	2216502418.045	  10.752	8049
59913.979936	2216502416.845	  11.046	8049
59913.980052	2216502415.645	   7.973	8049
59913.980168	2216502414.645	  12.465	8049
59913.980284	2216502413.845	   7.522	8049
59913.980399	2216502412.545	   7.819	8049
59913.980515	2216502411.445	  10.150	8049
59913.980631	2216502410.145	  13.521	8049
59913.980747	2216502409.045	   8.303	8049
59913.980862	2216502407.645	   6.007	8049
59913.980978	2216502406.545	  10.997	8049
59913.981094	2216502405.445	  11.942	8049
59913.981209	2216502404.645	   5.948	8049
59913.981325	2216502402.945	   5.943	8049
59913.981441	2216502402.145	   9.839	8049
59913.981557	2216502400.945	  11.453	8049
59913.981672	2216502399.545	   5.038	8049
59913.981788	2216502398.645	   7.727	8049
59913.982020	2216502396.145	   5.616	8049
59913.982135	2216502395.145	   9.906	8049
59913.982251	2216502394.145	   7.845	8049
59913.982367	2216502392.545	   6.080	8049
59913.982598	2216502390.345	   7.472	8049
59913.982714	2216502389.445	   9.683	8049
59913.982946	2216502386.845	   9.053	8049
59913.983061	2216502385.845	   9.011	8049
59913.983177	2216502384.345	  11.492	8049
59913.983293	2216502383.245	  10.672	8049
59913.983409	2216502382.100	  10.685	8049
59913.983524	2216502381.145	  18.292	8049
59913.983640	2216502379.745	  15.468	8049
59913.983756	2216502378.845	   6.550	8049
59913.983872	2216502377.645	  10.740	8049
59913.983987	2216502376.045	   7.782	8049
59913.984103	2216502375.345	   8.136	8049
59913.984219	2216502373.945	   9.469	8049
59913.984334	2216502372.745	  11.174	8049
59913.984450	2216502371.945	  14.209	8049
59913.984566	2216502370.445	  10.642	8049
59913.984682	2216502369.145	   6.926	8049
59913.984798	2216502368.245	   9.189	8049
59913.984913	2216502366.945	  16.866	8049
59913.985029	2216502365.645	  12.175	8049
59913.985145	2216502364.545	   6.456	8049
59913.985260	2216502363.045	  11.736	8049
59913.985376	2216502361.845	   6.942	8049
59913.985492	2216502360.945	  10.681	8049
59913.985608	2216502359.545	   8.330	8049
59913.985723	2216502358.645	   6.265	8049
59913.985839	2216502357.445	   7.895	8049
59913.985955	2216502356.345	   8.420	8049
59913.986071	2216502355.445	   8.031	8049
59913.986187	2216502354.445	   8.280	8049
59913.986302	2216502353.545	   8.451	8049
59913.986418	2216502352.400	  10.617	8049
59913.986533	2216502351.545	   5.953	8049
59913.986649	2216502349.745	  10.296	8049
59913.986765	2216502348.745	  12.520	8049
59913.986881	2216502347.845	  11.186	8049
59913.986997	2216502346.745	  10.712	8049
59913.987112	2216502345.245	  10.972	8049
59913.987228	2216502344.545	  14.775	8049
59913.987344	2216502343.445	   9.155	8049
59913.987459	2216502342.245	  10.776	8049
59913.987575	2216502340.945	   7.211	8049
59913.987691	2216502339.845	  15.677	8049
59913.987807	2216502338.745	  10.983	8049
59913.987923	2216502337.645	  14.681	8049
59913.988038	2216502336.745	   8.572	8049
59913.988154	2216502335.545	   9.226	8049
59913.988270	2216502334.145	   7.161	8049
59913.988385	2216502333.045	   8.899	8049
59913.988501	2216502332.045	   9.156	8049
59913.988617	2216502330.845	   8.816	8049
59913.988733	2216502329.745	  14.235	8049
59913.988848	2216502328.945	   8.661	8049
59913.988964	2216502327.645	   8.868	8049
59913.989080	2216502326.945	   9.710	8049
59913.989196	2216502325.345	  12.608	8049
59913.989311	2216502324.145	   7.775	8049
59913.989427	2216502322.845	  11.315	8049
59913.989543	2216502321.945	  10.623	8049
59913.989659	2216502320.645	   8.509	8049
59913.989774	2216502319.845	  10.400	8049
59913.989890	2216502318.345	  12.151	8049
59913.990006	2216502317.245	  13.552	8049
59913.990121	2216502316.345	   9.080	8049
59913.990237	2216502314.945	  13.234	8049
59913.990353	2216502313.945	  11.826	8049
59913.990469	2216502312.445	  12.677	8049
59913.990584	2216502311.245	   8.660	8049
59913.990700	2216502310.345	  13.692	8049
59913.990816	2216502309.045	  10.689	8049
59913.990932	2216502308.045	  15.738	8049
59913.991048	2216502306.945	  11.913	8049
59913.991163	2216502305.945	  15.692	8049
59913.991279	2216502304.645	  10.838	8049
59913.991395	2216502303.745	  10.762	8049
59913.991510	2216502302.545	   9.868	8049
59913.991626	2216502301.245	   6.258	8049
59913.991742	2216502299.945	  11.153	8049
59913.991858	2216502298.845	   8.989	8049
59913.991974	2216502297.945	   8.414	8049
59913.992205	2216502295.645	   7.136	8049
59913.992321	2216502293.745	   5.436	8049
59913.992552	2216502291.745	   7.468	8049
59913.992668	2216502290.645	   9.203	8049
59913.992783	2216502289.545	  10.325	8049
59913.992899	2216502288.445	   8.236	8049
59913.993015	2216502287.445	   8.323	8049
59913.993131	2216502285.845	   6.914	8049
59913.993246	2216502284.545	   6.136	8049
59913.993362	2216502283.645	  13.574	8049
59913.993478	2216502282.545	  17.072	8049
59913.993594	2216502281.245	  13.311	8049
59913.993709	2216502279.845	  12.429	8049
59913.993825	2216502278.745	   9.038	8049
59913.993941	2216502277.545	   7.445	8049
59913.994057	2216502276.845	   6.216	8049
59913.994172	2216502275.445	   9.984	8049
59913.994288	2216502274.245	  17.880	8049
59913.994404	2216502272.945	  10.362	8049
59913.994520	2216502271.745	   9.385	8049
59913.994635	2216502270.445	  17.634	8049
59913.994751	2216502269.345	  10.826	8049
59913.994867	2216502267.945	  11.768	8049
59913.994983	2216502267.145	  10.038	8049
59913.995098	2216502265.645	  12.104	8049
59913.995214	2216502264.645	  12.594	8049
59913.995330	2216502263.145	  11.788	8049
59913.995445	2216502262.045	   9.547	8049
59913.995561	2216502260.945	  12.406	8049
59913.995677	2216502259.845	  10.504	8049
59913.995793	2216502258.445	   6.791	8049
59913.995909	2216502257.345	   9.772	8049
59913.996024	2216502256.345	   7.746	8049
59913.996140	2216502255.245	   8.516	8049
59913.996256	2216502253.745	   6.445	8049
59913.996371	2216502252.745	   6.380	8049
59913.996487	2216502251.245	   8.361	8049
59913.996603	2216502250.145	  15.876	8049
59913.996719	2216502248.745	  12.391	8049
59913.996834	2216502247.945	  11.994	8049
59913.996950	2216502246.400	  21.158	8049
59913.997066	2216502245.400	  11.406	8049
59913.997182	2216502243.745	   9.605	8049
59913.997298	2216502242.945	   7.423	8049
59913.997413	2216502241.745	   9.201	8049
59913.997529	2216502240.445	   5.320	8049
59913.997645	2216502239.145	   5.450	8049
59913.997760	2216502238.145	   9.493	8049
59913.997876	2216502236.645	  19.580	8049
59913.997992	2216502235.445	  10.261	8049
59913.998108	2216502234.445	   8.748	8049
59913.998223	2216502233.045	   6.950	8049
59913.998339	2216502231.745	  21.051	8049
59913.998455	2216502230.345	  10.985	8049
59913.998571	2216502229.145	   8.956	8049
59913.998686	2216502228.045	  12.139	8049
59913.998802	2216502226.745	   7.305	8049
59913.998918	2216502225.645	  11.360	8049
59913.999033	2216502224.445	   9.481	8049
59913.999265	2216502222.100	   8.663	8049
59913.999381	2216502220.645	  14.418	8049
59913.999496	2216502219.145	   7.555	8049
59913.999612	2216502217.945	   9.427	8049
59913.999728	2216502216.745	   9.789	8049
59913.999844	2216502215.545	   7.911	8049
59913.999959	2216502214.645	  13.088	8049
59914.000075	2216502213.045	  20.736	8049
59914.000191	2216502211.845	   7.362	8049
59914.000307	2216502210.545	  11.415	8049
59914.000422	2216502208.945	   7.122	8049
59914.000538	2216502207.945	  16.458	8049
59914.000654	2216502206.845	   7.798	8049
59914.000770	2216502205.545	   9.967	8049
59914.000885	2216502204.445	   6.376	8049
59914.001001	2216502203.445	   6.997	8049
59914.001117	2216502201.845	  10.151	8049
59914.001233	2216502200.245	   8.311	8049
59914.001348	2216502199.445	   9.308	8049
59914.001464	2216502197.945	   7.462	8049
59914.001580	2216502196.745	  10.077	8049
59914.001696	2216502195.545	  11.231	8049
59914.001811	2216502194.445	   8.511	8049
59914.001927	2216502192.945	  11.674	8049
59914.002043	2216502191.745	   8.033	8049
59914.002159	2216502190.445	   7.892	8049
59914.002274	2216502189.145	   9.347	8049
59914.002390	2216502188.045	  12.328	8049
59914.002506	2216502186.645	   8.113	8049
59914.002622	2216502185.345	  11.346	8049
59914.002737	2216502183.945	  13.922	8049
59914.002853	2216502182.945	  13.417	8049
59914.002969	2216502181.645	  10.624	8049
59914.003084	2216502180.345	  12.998	8049
59914.003200	2216502179.045	   8.478	8049
59914.003316	2216502177.745	   9.620	8049
59914.003432	2216502176.445	  12.585	8049
59914.003547	2216502175.245	  14.722	8049
59914.003663	2216502174.200	   7.886	8049
59914.003779	2216502172.745	   7.127	8049
59914.003895	2216502171.545	  11.444	8049
59914.004010	2216502169.845	  10.980	8049
59914.004126	2216502168.645	   6.096	8049
59914.004242	2216502167.445	  12.520	8049
59914.004358	2216502166.345	   9.337	8049
59914.004473	2216502165.145	  10.866	8049
59914.004589	2216502163.745	   8.125	8049
59914.004705	2216502162.545	  15.649	8049
59914.004821	2216502161.045	   8.360	8049
59914.005052	2216502158.845	  10.612	8049
59914.005168	2216502157.445	  11.410	8049
59914.005399	2216502155.145	   9.224	8049
59914.005631	2216502152.745	   8.756	8049
59914.005862	2216502150.245	   6.113	8049
59914.006094	2216502147.545	  12.715	8049
59914.006209	2216502146.345	   7.352	8049
59914.006325	2216502145.545	   7.085	8049
59914.006441	2216502144.545	  14.884	8049
59914.006557	2216502143.045	  12.923	8049
59914.006672	2216502142.245	   8.560	8049
59914.006788	2216502140.545	   7.723	8049
59914.006904	2216502139.745	  10.542	8049
59914.007020	2216502137.945	   8.822	8049
59914.007135	2216502137.145	  10.955	8049
59914.007251	2216502135.745	   9.264	8049
59914.007367	2216502134.445	   6.812	8049
59914.007483	2216502133.445	   6.887	8049
59914.007598	2216502132.345	   8.102	8049
59914.007714	2216502130.945	   6.041	8049
59914.007946	2216502128.345	  11.819	8049
59914.008061	2216502127.445	  10.971	8049
59914.008177	2216502126.245	   9.863	8049
59914.008293	2216502124.545	  11.344	8049
59914.008409	2216502123.645	  13.487	8049
59914.008524	2216502122.145	  11.795	8049
59914.008640	2216502121.245	   8.785	8049
59914.008756	2216502119.845	  14.437	8049
59914.008872	2216502118.645	   9.979	8049
59914.008987	2216502117.645	   6.698	8049
59914.009103	2216502116.045	   6.338	8049
59914.009219	2216502115.045	  14.000	8049
59914.009334	2216502113.945	   9.116	8049
59914.009450	2216502112.445	   7.608	8049
59914.009566	2216502111.145	  18.825	8049
59914.009682	2216502109.845	   7.544	8049
59914.009798	2216502108.745	   8.968	8049
59914.009913	2216502107.545	   6.676	8049
59914.010029	2216502105.945	  16.162	8049
59914.010145	2216502104.945	  10.242	8049
59914.010260	2216502104.045	   7.551	8049
59914.010376	2216502102.345	   7.618	8049
59914.010492	2216502101.045	   5.869	8049
59914.010608	2216502100.045	   6.952	8049
59914.010723	2216502098.445	   6.935	8049
59914.010839	2216502097.145	  11.791	8049
59914.010955	2216502096.245	   8.788	8049
59914.011071	2216502094.945	  14.332	8049
59914.011186	2216502093.545	   7.716	8049
59914.011302	2216502092.245	   9.312	8049
59914.011418	2216502091.345	   9.361	8049
59914.011534	2216502089.945	  13.698	8049
59914.011649	2216502088.545	  12.627	8049
59914.011765	2216502087.145	   8.846	8049
59914.011881	2216502086.045	   8.333	8049
59914.011997	2216502084.645	   6.526	8049
59914.012112	2216502083.645	   7.109	8049
59914.012228	2216502082.545	  12.488	8049
59914.012344	2216502081.545	   8.902	8049
59914.012460	2216502079.945	   7.010	8049
59914.012575	2216502078.545	  10.974	8049
59914.012691	2216502077.145	   8.238	8049
59914.012807	2216502075.845	  11.821	8049
59914.012922	2216502074.745	   9.961	8049
59914.013038	2216502073.445	   9.038	8049
59914.013154	2216502072.145	   9.604	8049
59914.013270	2216502070.945	   7.380	8049
59914.013385	2216502069.445	  14.050	8049
59914.013501	2216502068.445	   5.962	8049
59914.013617	2216502067.245	   6.975	8049
59914.013733	2216502065.845	  18.190	8049
59914.013848	2216502064.445	  12.654	8049
59914.013964	2216502063.045	   5.780	8049
59914.014080	2216502062.145	   6.215	8049
59914.014196	2216502060.645	   9.463	8049
59914.014311	2216502059.345	   9.081	8049
59914.014427	2216502058.445	   8.493	8049
59914.014543	2216502056.645	   9.361	8049
59914.014659	2216502055.545	  12.272	8049
59914.014774	2216502054.445	  11.479	8049
59914.014890	2216502053.045	  11.454	8049
59914.015006	2216502051.845	   9.193	8049
59914.015122	2216502050.245	   9.359	8049
59914.015237	2216502049.145	   9.359	8049
59914.015353	2216502048.045	  10.343	8049
59914.015469	2216502046.745	   6.498	8049
59914.015584	2216502045.245	  13.388	8049
59914.015700	2216502043.845	   8.363	8049
59914.015816	2216502042.945	   6.105	8049
59914.016048	2216502040.145	   7.611	8049
59914.016163	2216502038.845	  12.610	8049
59914.016279	2216502037.545	   7.408	8049
59914.016395	2216502036.145	   7.135	8049
59914.016510	2216502034.745	   6.739	8049
59914.016626	2216502033.645	   8.566	8049
59914.016742	2216502032.545	   9.215	8049
59914.016857	2216502030.945	   8.484	8049
59914.016973	2216502029.900	   8.629	8049
59914.017089	2216502028.345	  11.325	8049
59914.017205	2216502027.045	  14.904	8049
59914.017321	2216502025.745	  12.814	8049
59914.017436	2216502024.045	   9.756	8049
59914.017552	2216502023.145	  11.549	8049
59914.017668	2216502022.145	  15.903	8049
59914.017784	2216502020.945	   7.334	8049
59914.017899	2216502019.145	   8.890	8049
59914.018015	2216502018.245	  11.494	8049
59914.018131	2216502016.645	   6.410	8049
59914.018247	2216502015.545	   7.117	8049
59914.018362	2216502013.745	   8.540	8049
59914.018478	2216502012.745	  10.008	8049
59914.018594	2216502011.745	   7.007	8049
59914.018709	2216502010.245	   7.667	8049
59914.018825	2216502009.045	  13.043	8049
59914.018941	2216502007.745	  10.377	8049
59914.019057	2216502006.245	   6.184	8049
59914.019172	2216502004.845	   6.150	8049
59914.019288	2216502003.445	   5.396	8049
59914.019404	2216502002.445	   8.216	8049
59914.019520	2216502001.045	  10.143	8049
59914.019635	2216501999.745	   9.621	8049
59914.019751	2216501997.945	   8.822	8049
59914.019867	2216501996.545	   9.221	8049
59914.019983	2216501995.345	  14.399	8049
59914.020098	2216501994.445	  10.228	8049
59914.020214	2216501992.945	   9.391	8049
59914.020330	2216501991.645	  13.346	8049
59914.020446	2216501990.245	   8.256	8049
59914.020561	2216501988.700	   7.024	8049
59914.020677	2216501987.745	   5.741	8049
59914.020793	2216501986.445	  12.058	8049
59914.020909	2216501984.645	  11.924	8049
59914.021025	2216501983.645	  13.085	8049
59914.021140	2216501981.945	  11.543	8049
59914.021256	2216501981.045	  13.580	8049
59914.021372	2216501979.945	   8.616	8049
59914.021487	2216501978.245	   8.468	8049
59914.021603	2216501977.045	  12.024	8049
59914.021719	2216501975.845	   8.783	8049
59914.021834	2216501974.245	  13.857	8049
59914.021950	2216501973.045	   8.338	8049
59914.022066	2216501972.045	   8.135	8049
59914.022182	2216501970.545	   7.478	8049
59914.022297	2216501968.845	   9.831	8049
59914.022413	2216501967.745	  10.815	8049
59914.022529	2216501966.445	  14.409	8049
59914.022645	2216501964.845	  14.052	8049
59914.022761	2216501963.445	  13.250	8049
59914.022876	2216501962.145	  13.297	8049
59914.022992	2216501960.845	  13.279	8049
59914.023108	2216501959.845	  11.734	8049
59914.023339	2216501957.145	   5.392	8049
59914.023455	2216501955.545	   7.948	8049
59914.023686	2216501952.945	   8.168	8049
59914.023918	2216501950.045	   9.862	8049
59914.024034	2216501948.745	  10.496	8049
59914.024149	2216501947.445	   6.271	8049
59914.024265	2216501946.245	  12.323	8049
59914.024381	2216501942.845	   6.378	8049
59914.024496	2216501943.045	   6.370	8049
59914.024612	2216501942.345	   6.917	8049
59914.024728	2216501940.845	   9.104	8049
59914.024844	2216501939.645	   7.774	8049
59914.024960	2216501938.045	  10.331	8049
59914.025191	2216501934.945	   6.713	8049
59914.025307	2216501934.145	  12.584	8049
59914.025422	2216501932.145	  11.153	8049
59914.025538	2216501931.245	   8.286	8049
59914.025654	2216501929.745	   9.628	8049
59914.025770	2216501928.445	   8.722	8049
59914.025885	2216501927.045	   6.483	8049
59914.026001	2216501925.645	  11.305	8049
59914.026117	2216501924.445	  16.825	8049
59914.026233	2216501923.045	  12.275	8049
59914.026348	2216501921.745	   5.257	8049
59914.026464	2216501920.345	   8.759	8049
59914.026580	2216501918.945	   9.653	8049
59914.026696	2216501917.445	  11.792	8049
59914.026811	2216501916.145	   6.532	8049
59914.026927	2216501914.645	  10.568	8049
59914.027043	2216501913.545	   5.372	8049
59914.027159	2216501912.045	  12.508	8049
59914.027274	2216501910.845	   8.236	8049
59914.027390	2216501909.045	   7.273	8049
59914.027506	2216501908.045	   5.516	8049
59914.027622	2216501906.045	   6.086	8049
59914.027737	2216501905.345	   7.970	8049
59914.027853	2216501903.945	   9.904	8049
59914.027969	2216501902.145	   5.375	8049
59914.028084	2216501901.245	   5.731	8049
59914.028200	2216501899.845	   7.884	8049
59914.028316	2216501898.845	   9.253	8049
59914.028432	2216501897.445	  12.740	8049
59914.028547	2216501895.945	   8.097	8049
59914.028663	2216501895.045	  11.178	8049
59914.028779	2216501893.545	  14.922	8049
59914.028895	2216501892.045	   8.196	8049
59914.029010	2216501891.045	  10.447	8049
59914.029126	2216501889.645	  17.442	8049
59914.029242	2216501888.545	  15.902	8049
59914.029358	2216501887.045	   8.544	8049
59914.029473	2216501885.745	   6.563	8049
59914.029589	2216501884.345	   8.298	8049
59914.029705	2216501883.045	   7.981	8049
59914.029821	2216501881.745	  15.746	8049
59914.029936	2216501880.845	   7.993	8049
59914.030052	2216501878.945	   7.801	8049
59914.030168	2216501877.645	   8.364	8049
59914.030284	2216501876.445	   7.051	8049
59914.030399	2216501875.245	  12.707	8049
59914.030515	2216501873.845	  12.103	8049
59914.030631	2216501872.645	   7.175	8049
59914.030746	2216501871.045	  12.856	8049
59914.030862	2216501869.945	  11.620	8049
59914.030978	2216501868.645	   6.673	8049
59914.031094	2216501866.945	   8.726	8049
59914.031209	2216501865.745	   8.999	8049
59914.031325	2216501864.645	  10.077	8049
59914.031441	2216501862.945	   5.605	8049
59914.031557	2216501862.145	   9.844	8049
59914.031672	2216501860.645	   9.421	8049
59914.031788	2216501859.045	  16.039	8049
59914.032020	2216501856.745	   7.833	8049
59914.032135	2216501855.545	   6.493	8049
59914.032367	2216501852.545	   8.257	8049
59914.032483	2216501851.445	  10.700	8049
59914.032598	2216501849.745	   7.054	8049
59914.032714	2216501848.445	   7.866	8049
59914.032830	2216501847.345	   8.444	8049
59914.032946	2216501846.145	   8.727	8049
59914.033061	2216501844.645	  10.543	8049
59914.033177	2216501843.145	   7.708	8049
59914.033293	2216501841.945	   5.838	8049
59914.033524	2216501839.145	   8.408	8049
59914.033640	2216501837.645	   9.189	8049
59914.033756	2216501836.645	   6.082	8049
59914.033987	2216501833.845	   8.763	8049
59914.034103	2216501832.845	   7.463	8049
59914.034219	2216501831.445	   7.292	8049
59914.034334	2216501830.845	   7.847	8049
59914.034450	2216501828.945	   8.460	8049
59914.034566	2216501827.945	   6.164	8049
59914.034682	2216501825.945	   9.375	8049
59914.034798	2216501824.645	   8.372	8049
59914.035145	2216501820.245	  15.087	8049
59914.035608	2216501815.245	   7.767	8049
59914.035723	2216501813.745	  13.329	8049
59914.035839	2216501812.245	   7.310	8049
59914.035955	2216501811.845	   6.136	8049
59914.036071	2216501809.745	   5.430	8049
59914.036186	2216501808.645	   5.351	8049
59914.036302	2216501807.045	   8.461	8049
59914.036418	2216501805.245	   6.006	8049
59914.036534	2216501804.245	   7.531	8049
59914.036649	2216501803.245	  12.083	8049
59914.036765	2216501802.045	   8.863	8049
59914.036881	2216501800.145	  13.694	8049
59914.036996	2216501798.945	  12.959	8049
59914.037112	2216501797.945	   7.608	8049
59914.037228	2216501795.945	   7.306	8049
59914.037344	2216501794.945	  10.696	8049
59914.037460	2216501793.645	  13.234	8049
59914.037575	2216501792.145	  14.278	8049
59914.037691	2216501790.745	  15.699	8049
59914.037807	2216501789.345	  12.008	8049
59914.037922	2216501788.245	  16.883	8049
59914.038038	2216501786.645	  10.799	8049
59914.038154	2216501785.145	  14.250	8049
59914.038270	2216501784.045	   7.891	8049
59914.038385	2216501782.745	   9.068	8049
59914.038501	2216501780.845	   8.773	8049
59914.038617	2216501780.045	  11.485	8049
59914.038733	2216501778.445	   9.530	8049
59914.038848	2216501777.045	  10.686	8049
59914.038964	2216501775.645	   7.798	8049
59914.039080	2216501774.145	  11.409	8049
59914.039196	2216501772.945	   6.070	8049
59914.039312	2216501771.845	  10.994	8049
59914.039427	2216501770.345	   9.190	8049
59914.039543	2216501769.245	   7.576	8049
59914.039659	2216501767.745	  13.200	8049
59914.039774	2216501766.345	   8.403	8049
59914.039890	2216501764.945	  11.205	8049
59914.040006	2216501763.345	  19.553	8049
59914.040121	2216501762.045	   8.666	8049
59914.040237	2216501760.645	   9.511	8049
59914.040353	2216501759.245	   9.148	8049
59914.040469	2216501758.145	  11.243	8049
59914.040584	2216501756.845	   6.648	8049
59914.040700	2216501755.245	  11.358	8049
59914.040816	2216501754.145	  12.169	8049
59914.040932	2216501752.245	  15.134	8049
59914.041048	2216501750.845	   9.161	8049
59914.041163	2216501749.645	   7.996	8049
59914.041279	2216501748.245	  10.933	8049
59914.041395	2216501747.245	   9.177	8049
59914.041511	2216501745.645	  11.619	8049
59914.041626	2216501744.545	  11.896	8049
59914.041742	2216501742.845	  14.921	8049
59914.041858	2216501741.645	   7.955	8049
59914.041973	2216501739.700	   7.803	8049
59914.042089	2216501738.445	   6.764	8049
59914.042205	2216501737.545	   7.046	8049
59914.042321	2216501735.745	   7.551	8049
59914.042436	2216501734.845	  10.528	8049
59914.042552	2216501733.445	   7.869	8049
59914.042668	2216501732.145	   7.507	8049
59914.042784	2216501730.545	  12.768	8049
59914.042899	2216501729.045	   8.354	8049
59914.043015	2216501727.945	   5.203	8049
59914.043131	2216501726.045	   7.382	8049
59914.043246	2216501724.845	   6.679	8049
59914.043362	2216501723.645	   9.196	8049
59914.043478	2216501722.245	   5.948	8049
59914.043594	2216501720.845	   9.493	8049
59914.043709	2216501719.445	   9.459	8049
59914.043825	2216501718.045	   8.193	8049
59914.043941	2216501716.145	   8.780	8049
59914.044057	2216501715.145	   8.952	8049
59914.044172	2216501713.445	   8.198	8049
59914.044288	2216501712.445	   8.951	8049
59914.044404	2216501711.145	   8.915	8049
59914.044520	2216501709.545	  10.992	8049
59914.044635	2216501708.445	   8.544	8049
59914.044751	2216501706.945	  10.008	8049
59914.044867	2216501705.445	   9.889	8049
59914.044983	2216501704.445	   8.537	8049
59914.045098	2216501702.645	  12.855	8049
59914.045214	2216501701.345	   7.808	8049
59914.045330	2216501699.745	   7.520	8049
59914.045446	2216501698.345	  12.731	8049
59914.045561	2216501697.245	   8.819	8049
59914.045677	2216501696.145	   7.078	8049
59914.045793	2216501694.345	  14.973	8049
59914.045908	2216501692.945	  14.421	8049
59914.046024	2216501691.345	   7.521	8049
59914.046140	2216501690.145	   8.557	8049
59914.046256	2216501688.645	   9.215	8049
59914.046372	2216501687.045	  10.349	8049
59914.046487	2216501685.845	   9.517	8049
59914.046603	2216501684.545	   7.624	8049
59914.046719	2216501682.945	  12.380	8049
59914.046835	2216501681.645	   8.457	8049
59914.046950	2216501680.145	   7.506	8049
59914.047066	2216501679.045	  10.221	8049
59914.047182	2216501677.245	  10.793	8049
59914.047297	2216501676.345	  15.991	8049
59914.047413	2216501674.445	   9.929	8049
59914.047529	2216501673.045	   7.437	8049
59914.047645	2216501672.145	  12.451	8049
59914.047760	2216501670.145	   9.409	8049
59914.047876	2216501669.045	   6.875	8049
59914.047992	2216501667.745	  11.463	8049
59914.048108	2216501666.245	  17.874	8049
59914.048223	2216501665.145	   9.715	8049
59914.048339	2216501663.345	  16.909	8049
59914.048455	2216501662.145	  11.909	8049
59914.048571	2216501660.945	   9.806	8049
59914.048686	2216501659.145	  13.792	8049
59914.048802	2216501657.645	   7.989	8049
59914.048918	2216501656.745	  11.350	8049
59914.049033	2216501654.745	   8.325	8049
59914.049149	2216501653.745	   9.361	8049
59914.049265	2216501652.345	  10.058	8049
59914.049381	2216501650.645	   6.402	8049
59914.049496	2216501649.145	   7.050	8049
59914.049612	2216501647.745	   7.833	8049
59914.049728	2216501646.745	   9.212	8049
59914.049844	2216501645.245	  13.809	8049
59914.049960	2216501644.345	   7.902	8049
59914.050075	2216501642.545	  16.743	8049
59914.050191	2216501641.045	  13.341	8049
59914.050307	2216501639.645	   9.710	8049
59914.050422	2216501638.045	  11.095	8049
59914.050538	2216501636.745	  14.001	8049
59914.050654	2216501634.945	   7.995	8049
59914.050770	2216501634.045	   8.419	8049
59914.050886	2216501632.545	  11.208	8049
59914.051001	2216501630.945	  10.870	8049
59914.051117	2216501629.945	  12.589	8049
59914.051233	2216501627.845	  10.989	8049
59914.051348	2216501627.145	  12.249	8049
59914.051464	2216501625.545	  15.283	8049
59914.051580	2216501624.045	  15.728	8049
59914.051696	2216501622.745	  14.860	8049
59914.051811	2216501621.145	   8.045	8049
59914.051927	2216501620.045	   6.686	8049
59914.052043	2216501618.045	  12.878	8049
59914.052158	2216501616.645	   9.130	8049
59914.052274	2216501615.845	   8.331	8049
59914.052390	2216501614.345	   7.754	8049
59914.052506	2216501612.445	  11.524	8049
59914.052621	2216501611.145	   8.180	8049
59914.052737	2216501609.645	  14.418	8049
59914.052853	2216501608.500	  10.103	8049
59914.052969	2216501606.945	  16.597	8049
59914.053085	2216501605.245	  12.999	8049
59914.053200	2216501604.245	  16.370	8049
59914.053316	2216501602.700	  11.301	8049
59914.053432	2216501601.245	  11.257	8049
59914.053547	2216501599.845	   9.148	8049
59914.053663	2216501598.245	   7.182	8049
59914.053779	2216501596.545	  12.318	8049
59914.053895	2216501595.745	   9.514	8049
59914.054011	2216501594.045	  13.463	8049
59914.054126	2216501592.545	  15.380	8049
59914.054242	2216501591.145	   7.557	8049
59914.054358	2216501589.745	  14.585	8049
59914.054473	2216501588.445	   9.811	8049
59914.054589	2216501587.100	  10.685	8049
59914.054705	2216501585.345	  13.367	8049
59914.054821	2216501583.945	   8.965	8049
59914.054937	2216501582.345	   9.949	8049
59914.055052	2216501581.245	  10.471	8049
59914.055168	2216501579.545	   9.295	8049
59914.055283	2216501578.345	   9.625	8049
59914.055515	2216501575.445	  10.564	8049
59914.055631	2216501574.345	   6.709	8049
59914.055747	2216501573.045	   8.039	8049
59914.055862	2216501571.045	  12.851	8049
59914.055978	2216501570.145	   9.602	8049
59914.056094	2216501568.045	   8.063	8049
59914.056210	2216501566.945	   8.124	8049
59914.056325	2216501565.145	   8.835	8049
59914.056441	2216501563.945	  12.831	8049
59914.056673	2216501561.345	   8.440	8049
59914.056788	2216501560.145	   9.667	8049
59914.056904	2216501558.245	   6.963	8049
59914.057020	2216501556.845	  11.307	8049
59914.057135	2216501555.445	   8.833	8049
59914.057251	2216501554.045	  12.363	8049
59914.057367	2216501552.845	   8.611	8049
59914.057483	2216501550.945	  10.735	8049
59914.057598	2216501549.845	  11.233	8049
59914.057714	2216501548.445	   7.886	8049
59914.057830	2216501547.045	   7.006	8049
59914.057946	2216501545.245	   6.569	8049
59914.058061	2216501543.845	  12.877	8049
59914.058177	2216501542.545	   8.299	8049
59914.058293	2216501541.245	  12.562	8049
59914.058408	2216501539.645	   6.449	8049
59914.058524	2216501538.145	  11.896	8049
59914.058640	2216501536.545	  15.880	8049
59914.058756	2216501535.845	   7.963	8049
59914.058871	2216501533.845	  11.630	8049
59914.058987	2216501532.645	  15.132	8049
59914.059103	2216501530.745	  11.943	8049
59914.059219	2216501529.645	   9.805	8049
59914.059334	2216501528.445	  12.319	8049
59914.059450	2216501526.445	   9.065	8049
59914.059566	2216501525.145	  13.934	8049
59914.059682	2216501523.945	  12.397	8049
59914.059797	2216501522.845	   9.552	8049
59914.059913	2216501520.845	   9.286	8049
59914.060029	2216501519.745	   8.571	8049
59914.060145	2216501518.145	   8.051	8049
59914.060260	2216501516.845	   8.240	8049
59914.060376	2216501515.345	   8.725	8049
59914.060492	2216501514.445	   8.968	8049
59914.060608	2216501512.645	   8.031	8049
59914.060723	2216501511.145	  12.014	8049
59914.060839	2216501509.745	   8.654	8049
59914.060955	2216501508.445	   6.086	8049
59914.061071	2216501506.845	   9.093	8049
59914.061186	2216501505.445	   9.599	8049
59914.061302	2216501504.445	   7.174	8049
59914.061418	2216501502.445	  11.162	8049
59914.061534	2216501501.245	  10.124	8049
59914.061649	2216501499.945	  11.097	8049
59914.061765	2216501498.345	   7.949	8049
59914.061881	2216501496.845	  13.155	8049
59914.061996	2216501495.745	   9.393	8049
59914.062112	2216501493.600	   7.845	8049
59914.062228	2216501492.645	   9.618	8049
59914.062344	2216501491.445	   6.039	8049
59914.062459	2216501489.645	   9.371	8049
59914.062575	2216501487.800	  11.567	8049
59914.062691	2216501487.045	  12.011	8049
59914.062807	2216501485.945	   7.247	8049
59914.062923	2216501484.045	   6.998	8049
59914.063038	2216501482.800	   8.370	8049
59914.063154	2216501481.345	   8.653	8049
59914.063270	2216501479.945	  17.526	8049
59914.063385	2216501478.645	   8.107	8049
59914.063501	2216501477.000	   7.037	8049
59914.063617	2216501475.745	   9.520	8049
59914.063733	2216501474.045	   8.949	8049
59914.063848	2216501472.945	  15.648	8049
59914.063964	2216501471.345	  11.876	8049
59914.064080	2216501470.045	   7.884	8049
59914.064196	2216501468.645	  14.537	8049
59914.064311	2216501467.245	  10.101	8049
59914.064427	2216501465.345	   6.654	8049
59914.064543	2216501464.045	  12.029	8049
59914.064658	2216501462.945	  10.455	8049
59914.064774	2216501461.445	   7.429	8049
59914.064890	2216501459.645	  14.600	8049
59914.065006	2216501458.645	  12.199	8049
59914.065122	2216501457.145	  12.641	8049
59914.065237	2216501455.545	   7.182	8049
59914.065353	2216501454.045	   9.833	8049
59914.065469	2216501452.845	  14.073	8049
59914.065584	2216501451.445	  10.901	8049
59914.065700	2216501449.845	   6.758	8049
59914.065816	2216501448.645	   6.803	8049
59914.065932	2216501447.145	   9.320	8049
59914.066047	2216501445.745	   9.643	8049
59914.066163	2216501443.945	  14.062	8049
59914.066279	2216501442.845	  13.580	8049
59914.066395	2216501441.345	  13.432	8049
59914.066510	2216501439.845	  10.408	8049
59914.066626	2216501438.645	  12.539	8049
59914.066742	2216501437.245	  12.101	8049
59914.066858	2216501435.400	   7.476	8049
59914.066973	2216501434.245	  14.182	8049
59914.067089	2216501433.245	   8.776	8049
59914.067205	2216501431.345	  10.131	8049
59914.067321	2216501430.245	   7.644	8049
59914.067436	2216501428.645	  10.003	8049
59914.067552	2216501427.145	  10.019	8049
59914.067668	2216501425.545	  15.619	8049
59914.067784	2216501424.645	  10.624	8049
59914.067899	2216501422.845	  10.284	8049
59914.068015	2216501421.700	   8.812	8049
59914.068131	2216501419.945	  10.678	8049
59914.068246	2216501418.445	   9.909	8049
59914.068362	2216501417.145	   9.129	8049
59914.068478	2216501415.445	  12.135	8049
59914.068594	2216501414.745	   7.151	8049
59914.068710	2216501412.845	   7.027	8049
59914.068825	2216501411.645	   6.232	8049
59914.068941	2216501410.045	  10.341	8049
59914.069057	2216501408.345	  14.445	8049
59914.069172	2216501406.945	   6.920	8049
59914.069288	2216501405.645	   9.875	8049
59914.069404	2216501404.445	  12.477	8049
59914.069520	2216501402.845	   9.177	8049
59914.069635	2216501401.445	  10.309	8049
59914.069751	2216501400.045	  10.438	8049
59914.069867	2216501398.745	   7.362	8049
59914.069983	2216501397.445	  12.045	8049
59914.070098	2216501395.745	  14.765	8049
59914.070214	2216501394.045	  16.128	8049
59914.070330	2216501392.345	   7.030	8049
59914.070446	2216501391.345	  11.737	8049
59914.070561	2216501390.045	  11.759	8049
59914.070677	2216501388.545	  16.936	8049
59914.070793	2216501386.945	  10.286	8049
59914.070909	2216501385.645	   7.788	8049
59914.071024	2216501384.345	   9.628	8049
59914.071140	2216501383.045	  11.791	8049
59914.071256	2216501381.545	   9.556	8049
59914.071371	2216501380.045	   8.250	8049
59914.071487	2216501378.345	  11.049	8049
59914.071603	2216501377.245	   9.942	8049
59914.071719	2216501376.245	   8.704	8049
59914.071834	2216501374.445	   6.654	8049
59914.071950	2216501372.945	   7.600	8049
59914.072066	2216501371.245	  10.335	8049
59914.072182	2216501369.745	   9.120	8049
59914.072297	2216501368.345	   7.800	8049
59914.072413	2216501367.045	   7.080	8049
59914.072529	2216501365.845	  10.388	8049
59914.072645	2216501364.245	  11.161	8049
59914.072761	2216501362.945	   7.944	8049
59914.072876	2216501361.745	   5.471	8049
59914.072992	2216501360.345	   9.789	8049
59914.073223	2216501357.045	   8.609	8049
59914.073339	2216501355.645	   9.591	8049
59914.073455	2216501354.245	   7.534	8049
59914.073570	2216501352.845	  10.780	8049
59914.073686	2216501351.645	   7.938	8049
59914.073802	2216501350.045	  14.014	8049
59914.073918	2216501348.645	   8.671	8049
59914.074034	2216501347.045	  11.971	8049
59914.074149	2216501345.345	   8.216	8049
59914.074265	2216501343.845	   9.992	8049
59914.074381	2216501342.645	   8.777	8049
59914.074496	2216501341.345	  10.434	8049
59914.074612	2216501339.745	  13.776	8049
59914.074728	2216501338.445	   9.231	8049
59914.074844	2216501337.245	  13.132	8049
59914.074960	2216501335.545	   9.080	8049
59914.075075	2216501334.045	  17.714	8049
59914.075191	2216501332.545	  14.275	8049
59914.075307	2216501330.945	   7.710	8049
59914.075422	2216501329.945	   9.490	8049
59914.075538	2216501328.645	   9.390	8049
59914.075654	2216501327.045	  12.118	8049
59914.075770	2216501325.345	  11.792	8049
59914.075886	2216501324.445	  11.979	8049
59914.076001	2216501322.545	  11.141	8049
59914.076117	2216501321.345	   6.744	8049
59914.076233	2216501320.345	   9.458	8049
59914.076348	2216501318.345	   7.751	8049
59914.076464	2216501317.145	   9.286	8049
59914.076580	2216501315.545	  13.137	8049
59914.076696	2216501314.245	   7.782	8049
59914.076811	2216501312.745	  10.606	8049
59914.076927	2216501311.245	   9.397	8049
59914.077043	2216501309.745	  10.739	8049
59914.077158	2216501308.400	   8.484	8049
59914.077274	2216501307.100	   8.047	8049
59914.077390	2216501305.800	  11.657	8049
59914.077506	2216501304.145	  15.210	8049
59914.077622	2216501302.700	  14.416	8049
59914.077737	2216501301.345	   7.653	8049
59914.077853	2216501299.545	   9.903	8049
59914.077969	2216501298.545	   7.997	8049
59914.078085	2216501297.200	   9.177	8049
59914.078200	2216501295.300	   8.143	8049
59914.078316	2216501294.045	  10.462	8049
59914.078432	2216501292.645	  10.724	8049
59914.078547	2216501290.845	  14.880	8049
59914.078663	2216501289.745	  14.659	8049
59914.078779	2216501288.545	   7.153	8049
59914.078895	2216501287.145	  20.737	8049
59914.079011	2216501285.645	  15.406	8049
59914.079126	2216501283.745	   7.926	8049
59914.079242	2216501282.745	  10.633	8049
59914.079358	2216501280.845	  17.959	8049
59914.079473	2216501279.745	   8.878	8049
59914.079589	2216501278.445	   8.460	8049
59914.079705	2216501276.545	  11.655	8049
59914.079821	2216501275.500	  11.225	8049
59914.079936	2216501274.045	   9.406	8049
59914.080052	2216501272.345	  10.960	8049
59914.080168	2216501270.945	   9.056	8049
59914.080284	2216501269.945	   8.613	8049
59914.080399	2216501268.245	  17.213	8049
59914.080515	2216501266.900	  13.209	8049
59914.080631	2216501265.100	   8.618	8049
59914.080746	2216501263.945	  14.145	8049
59914.080862	2216501262.400	   8.839	8049
59914.080978	2216501261.045	  14.064	8049
59914.081094	2216501259.600	  11.470	8049
59914.081209	2216501258.145	  10.930	8049
59914.081325	2216501256.945	   7.824	8049
59914.081441	2216501255.100	  14.258	8049
59914.081557	2216501254.100	  16.786	8049
59914.081672	2216501252.545	  11.652	8049
59914.081788	2216501250.900	   9.741	8049
59914.081904	2216501249.645	  10.278	8049
59914.082020	2216501248.345	  12.449	8049
59914.082135	2216501246.545	   9.574	8049
59914.082251	2216501245.145	  14.103	8049
59914.082367	2216501244.145	  10.130	8049
59914.082483	2216501242.245	   8.148	8049
59914.082598	2216501240.845	  10.216	8049
59914.082714	2216501239.345	  16.130	8049
59914.082830	2216501237.645	  12.556	8049
59914.082946	2216501236.745	  10.134	8049
59914.083061	2216501234.945	  10.264	8049
59914.083177	2216501233.945	   8.419	8049
59914.083293	2216501232.245	   8.789	8049
59914.083409	2216501230.945	   9.042	8049
59914.083525	2216501229.445	   6.918	8049
59914.083641	2216501228.100	   9.742	8049
59914.083756	2216501226.500	  13.920	8049
59914.083872	2216501225.100	   8.928	8049
59914.083987	2216501223.545	  13.151	8049
59914.084103	2216501221.945	   7.886	8049
59914.084219	2216501220.845	   9.321	8049
59914.084335	2216501219.345	   6.918	8049
59914.084450	2216501217.945	  10.955	8049
59914.084566	2216501216.845	  15.713	8049
59914.084682	2216501215.345	   9.291	8049
59914.084797	2216501213.545	   9.987	8049
59914.084913	2216501212.545	  11.311	8049
59914.085029	2216501211.045	  12.802	8049
59914.085145	2216501209.545	   7.914	8049
59914.085260	2216501208.245	   7.025	8049
59914.085376	2216501206.645	  14.972	8049
59914.085492	2216501205.545	   7.379	8049
59914.085608	2216501203.545	   9.208	8049
59914.085723	2216501202.145	   8.341	8049
59914.085839	2216501201.145	  15.460	8049
59914.085955	2216501199.245	   9.495	8049
59914.086071	2216501198.445	   6.710	8049
59914.086186	2216501196.545	  12.676	8049
59914.086302	2216501195.045	   9.421	8049
59914.086418	2216501193.845	  15.862	8049
59914.086534	2216501192.645	  10.931	8049
59914.086649	2216501190.945	  16.651	8049
59914.086765	2216501189.445	   9.749	8049
59914.086881	2216501188.245	  13.060	8049
59914.086996	2216501186.745	  16.356	8049
59914.087112	2216501185.545	   9.963	8049
59914.087228	2216501183.845	  11.615	8049
59914.087344	2216501182.545	  11.416	8049
59914.087459	2216501180.845	   9.933	8049
59914.087575	2216501179.445	  10.829	8049
59914.087691	2216501178.145	  10.388	8049
59914.087807	2216501176.645	   9.000	8049
59914.087922	2216501175.345	  11.002	8049
59914.088038	2216501174.145	   7.863	8049
59914.088154	2216501172.345	  14.397	8049
59914.088270	2216501171.145	   9.281	8049
59914.088385	2216501169.445	  15.302	8049
59914.088501	2216501168.245	  13.587	8049
59914.088617	2216501166.945	   8.936	8049
59914.088733	2216501165.645	   8.211	8049
59914.088848	2216501163.645	  10.598	8049
59914.088964	2216501162.645	  12.515	8049
59914.089080	2216501160.645	   6.672	8049
59914.089196	2216501159.545	  12.258	8049
59914.089311	2216501157.845	  16.563	8049
59914.089427	2216501157.245	   6.131	8049
59914.089543	2216501155.145	  12.768	8049
59914.089659	2216501153.645	   9.461	8049
59914.089774	2216501152.445	   9.731	8049
59914.089890	2216501151.045	   8.422	8049
59914.090006	2216501149.345	   9.966	8049
59914.090121	2216501147.745	   6.887	8049
59914.090237	2216501146.745	   8.715	8049
59914.090353	2216501145.245	  18.174	8049
59914.090469	2216501143.845	  14.404	8049
59914.090584	2216501142.400	   9.893	8049
59914.090700	2216501140.645	  11.898	8049
59914.090816	2216501139.600	  11.507	8049
59914.090932	2216501138.500	  15.934	8049
59914.091048	2216501136.745	   9.965	8049
59914.091163	2216501135.045	   7.365	8049
59914.091279	2216501134.045	   8.625	8049
59914.091395	2216501133.045	  10.084	8049
59914.091510	2216501130.945	  12.759	8049
59914.091626	2216501129.345	  11.343	8049
59914.091742	2216501127.945	   8.917	8049
59914.091858	2216501127.000	   9.239	8049
59914.091974	2216501125.445	  11.130	8049
59914.092089	2216501123.945	  12.409	8049
59914.092205	2216501122.545	   7.553	8049
59914.092320	2216501121.145	  11.935	8049
59914.092436	2216501119.845	  14.535	8049
59914.092552	2216501118.445	  10.318	8049
59914.092668	2216501116.945	  13.381	8049
59914.092784	2216501115.445	  12.905	8049
59914.092899	2216501114.145	  14.045	8049
59914.093015	2216501112.445	  10.595	8049
59914.093131	2216501111.545	   8.025	8049
59914.093247	2216501110.045	  11.440	8049
59914.093362	2216501108.600	   8.584	8049
59914.093478	2216501107.045	  14.874	8049
59914.093594	2216501105.445	   8.987	8049
59914.093709	2216501103.945	   8.313	8049
59914.093825	2216501102.345	  11.377	8049
59914.093941	2216501100.945	  12.763	8049
59914.094057	2216501099.845	  11.154	8049
59914.094172	2216501097.945	   9.002	8049
59914.094288	2216501096.645	  11.962	8049
59914.094404	2216501095.145	  11.746	8049
59914.094520	2216501093.845	  13.571	8049
59914.094635	2216501092.200	  12.044	8049
59914.094751	2216501091.045	  12.312	8049
59914.094867	2216501089.345	   8.535	8049
59914.094983	2216501087.845	  11.633	8049
59914.095098	2216501086.445	  13.806	8049
59914.095214	2216501084.845	  12.815	8049
59914.095330	2216501083.900	   9.420	8049
59914.095446	2216501081.900	  13.031	8049
59914.095561	2216501080.745	  10.472	8049
59914.095677	2216501079.145	  15.060	8049
59914.095793	2216501077.645	   9.564	8049
59914.095908	2216501076.145	  10.602	8049
59914.096024	2216501074.445	  11.522	8049
59914.096140	2216501072.945	  10.477	8049
59914.096256	2216501071.845	   9.098	8049
59914.096371	2216501070.145	   7.079	8049
59914.096487	2216501068.745	   8.517	8049
59914.096603	2216501066.945	   9.018	8049
59914.096719	2216501065.845	   8.358	8049
59914.096834	2216501064.345	  13.323	8049
59914.096950	2216501063.045	  10.005	8049
59914.097066	2216501061.345	  14.507	8049
59914.097182	2216501060.045	  11.743	8049
59914.097297	2216501058.545	  21.201	8049
59914.097413	2216501056.845	   8.641	8049
59914.097529	2216501055.345	   9.758	8049
59914.097645	2216501054.045	  12.349	8049
59914.097760	2216501052.645	   7.175	8049
59914.097876	2216501051.045	  11.333	8049
59914.097992	2216501049.845	  10.298	8049
59914.098108	2216501048.345	   9.064	8049
59914.098223	2216501046.745	   9.206	8049
59914.098339	2216501045.145	   9.681	8049
59914.098455	2216501043.945	  10.243	8049
59914.098571	2216501042.045	   7.177	8049
59914.098686	2216501041.145	   7.385	8049
59914.098802	2216501039.445	   9.549	8049
59914.098918	2216501037.945	  11.631	8049
59914.099034	2216501036.345	  12.149	8049
59914.099149	2216501034.845	   9.535	8049
59914.099265	2216501033.345	   9.322	8049
59914.099381	2216501032.045	   7.439	8049
59914.099496	2216501030.945	  10.903	8049
59914.099612	2216501029.145	  13.600	8049
59914.099728	2216501027.945	   9.970	8049
59914.099844	2216501026.345	   7.408	8049
59914.099959	2216501025.045	   7.723	8049
59914.100075	2216501023.545	  21.099	8049
59914.100191	2216501021.945	  11.699	8049
59914.100307	2216501020.145	   7.165	8049
59914.100422	2216501018.845	   7.373	8049
59914.100538	2216501017.645	  15.146	8049
59914.100654	2216501016.045	  11.140	8049
59914.100770	2216501014.645	   8.501	8049
59914.100885	2216501013.045	  10.561	8049
59914.101001	2216501011.845	   5.663	8049
59914.101117	2216501009.945	   7.015	8049
59914.101233	2216501008.745	  14.930	8049
59914.101348	2216501007.445	  13.069	8049
59914.101464	2216501005.745	   9.805	8049
59914.101580	2216501004.445	   9.310	8049
59914.101696	2216501002.745	  11.009	8049
59914.101811	2216501001.645	   8.938	8049
59914.101927	2216501000.145	   6.565	8049
59914.102043	2216500998.745	   8.815	8049
59914.102159	2216500997.245	   7.992	8049
59914.102274	2216500995.945	  13.402	8049
59914.102390	2216500994.445	  19.834	8049
59914.102506	2216500992.745	   7.580	8049
59914.102621	2216500991.645	   9.279	8049
59914.102737	2216500990.245	   7.243	8049
59914.102853	2216500988.645	  11.577	8049
59914.102969	2216500987.345	  12.360	8049
59914.103085	2216500985.845	   7.736	8049
59914.103200	2216500984.145	   9.694	8049
59914.103316	2216500982.845	  10.736	8049
59914.103432	2216500981.245	   9.562	8049
59914.103547	2216500979.845	  12.983	8049
59914.103663	2216500978.845	   6.726	8049
59914.103779	2216500977.245	   7.576	8049
59914.103895	2216500975.445	  12.792	8049
59914.104010	2216500974.145	   9.056	8049
59914.104126	2216500972.545	   9.492	8049
59914.104242	2216500971.345	  13.373	8049
59914.104358	2216500969.745	   6.561	8049
59914.104473	2216500968.245	  12.530	8049
59914.104589	2216500967.145	   9.754	8049
59914.104705	2216500965.145	   7.555	8049
59914.104821	2216500964.245	   8.185	8049
59914.104936	2216500962.545	   8.656	8049
59914.105052	2216500960.645	   8.642	8049
59914.105168	2216500959.745	  13.512	8049
59914.105283	2216500958.045	  13.877	8049
59914.105399	2216500956.645	  12.036	8049
59914.105515	2216500955.345	  10.270	8049
59914.105631	2216500953.745	   8.672	8049
59914.105746	2216500952.845	   6.754	8049
59914.105862	2216500950.945	  13.657	8049
59914.105978	2216500949.445	   7.306	8049
59914.106094	2216500947.845	   8.918	8049
59914.106209	2216500946.845	   8.753	8049
59914.106325	2216500945.345	  14.583	8049
59914.106441	2216500944.045	  16.068	8049
59914.106557	2216500942.345	   6.018	8049
59914.106672	2216500941.045	   7.878	8049
59914.106788	2216500939.545	  12.841	8049
59914.106904	2216500938.045	  11.936	8049
59914.107020	2216500936.845	   9.626	8049
59914.107135	2216500935.045	  14.744	8049
59914.107251	2216500933.845	  12.001	8049
59914.107367	2216500932.745	   8.665	8049
59914.107482	2216500931.145	   8.458	8049
59914.107599	2216500929.845	   7.517	8049
59914.107714	2216500928.045	  10.726	8049
59914.107830	2216500926.545	  12.034	8049
59914.107946	2216500925.145	  18.532	8049
59914.108061	2216500923.945	   8.518	8049
59914.108177	2216500922.445	   9.964	8049
59914.108293	2216500921.145	  11.657	8049
59914.108408	2216500919.645	   8.160	8049
59914.108524	2216500918.345	   8.531	8049
59914.108640	2216500916.545	   9.135	8049
59914.108756	2216500915.245	  16.714	8049
59914.108871	2216500913.545	   9.602	8049
59914.108987	2216500912.245	  12.202	8049
59914.109103	2216500910.945	  11.087	8049
59914.109219	2216500909.445	  11.155	8049
59914.109334	2216500907.945	  16.482	8049
59914.109450	2216500906.645	   7.831	8049
59914.109566	2216500905.445	   9.430	8049
59914.109682	2216500903.445	   8.461	8049
59914.109797	2216500902.245	   6.265	8049
59914.109913	2216500900.945	  11.384	8049
59914.110029	2216500899.645	   6.631	8049
59914.110145	2216500898.345	   6.634	8049
59914.110260	2216500896.745	   8.574	8049
59914.110376	2216500895.645	   8.330	8049
59914.110492	2216500893.845	   9.025	8049
59914.110608	2216500892.345	   7.197	8049
59914.110723	2216500890.845	   7.330	8049
59914.110839	2216500889.645	   7.675	8049
59914.110955	2216500888.145	   7.625	8049
59914.111070	2216500886.345	   7.904	8049
59914.111186	2216500885.345	   8.172	8049
59914.111302	2216500884.145	  12.571	8049
59914.111418	2216500882.545	  18.375	8049
59914.111534	2216500881.345	   6.662	8049
59914.111649	2216500879.445	  12.340	8049
59914.111765	2216500878.545	   8.070	8049
59914.111881	2216500876.945	   9.346	8049
59914.111997	2216500875.345	  20.032	8049
59914.112112	2216500874.045	  10.074	8049
59914.112228	2216500872.545	  11.399	8049
59914.112344	2216500871.045	   8.922	8049
59914.112459	2216500869.945	  10.097	8049
59914.112575	2216500868.245	   7.797	8049
59914.112691	2216500867.145	  12.239	8049
59914.112807	2216500865.545	  12.443	8049
59914.112922	2216500863.945	  14.066	8049
59914.113038	2216500862.945	  11.521	8049
59914.113154	2216500861.245	  10.349	8049
59914.113270	2216500859.745	  14.680	8049
59914.113385	2216500858.345	  10.174	8049
59914.113501	2216500857.345	  10.425	8049
59914.113617	2216500855.645	   7.522	8049
59914.113733	2216500854.545	   6.692	8049
59914.113848	2216500852.645	   6.803	8049
59914.113964	2216500851.745	   5.646	8049
59914.114080	2216500850.045	   6.389	8049
59914.114196	2216500848.845	   6.801	8049
59914.114311	2216500847.445	   8.874	8049
59914.114427	2216500846.245	   9.796	8049
59914.114543	2216500844.745	   6.954	8049
59914.114659	2216500843.045	   9.016	8049
59914.114774	2216500841.845	  10.420	8049
59914.114890	2216500840.045	   9.374	8049
59914.115006	2216500838.945	   7.830	8049
59914.115121	2216500837.845	   9.638	8049
59914.115237	2216500836.345	   9.962	8049
59914.115353	2216500834.645	   7.038	8049
59914.115469	2216500833.245	   9.165	8049
59914.115584	2216500831.845	   6.796	8049
59914.115700	2216500830.645	   9.118	8049
59914.115816	2216500829.145	   9.032	8049
59914.115932	2216500827.845	   7.525	8049
59914.116047	2216500826.145	  13.888	8049
59914.116163	2216500825.045	   9.145	8049
59914.116279	2216500823.245	  12.255	8049
59914.116395	2216500821.945	   7.881	8049
59914.116510	2216500820.945	   9.347	8049
59914.116626	2216500819.545	   6.829	8049
59914.116742	2216500817.945	   8.420	8049
59914.116858	2216500816.545	   8.789	8049
59914.116973	2216500814.945	   5.890	8049
59914.117089	2216500813.545	   7.405	8049
59914.117205	2216500812.245	  10.846	8049
59914.117321	2216500810.945	   6.376	8049
59914.117436	2216500810.045	   6.543	8049
59914.117552	2216500808.545	   8.520	8049
59914.117668	2216500806.745	   8.628	8049
59914.117784	2216500805.845	   9.637	8049
59914.117899	2216500804.445	   8.618	8049
59914.118015	2216500802.645	   8.254	8049
59914.118131	2216500801.245	  12.713	8049
59914.118246	2216500799.745	   8.727	8049
59914.118362	2216500798.545	  15.889	8049
59914.118478	2216500797.245	  10.046	8049
59914.118594	2216500796.045	  11.058	8049
59914.118709	2216500794.445	   9.019	8049
59914.118825	2216500793.045	  14.238	8049
59914.118941	2216500791.945	   6.228	8049
59914.119057	2216500790.345	  15.310	8049
59914.119172	2216500788.945	  12.423	8049
59914.119288	2216500787.445	  10.102	8049
59914.119404	2216500785.845	   7.288	8049
59914.119520	2216500785.045	  14.196	8049
59914.119635	2216500783.445	   9.066	8049
59914.119751	2216500781.545	   7.288	8049
59914.119867	2216500780.645	  11.963	8049
59914.119983	2216500779.645	  11.482	8049
59914.120098	2216500778.045	   8.235	8049
59914.120214	2216500776.745	   8.998	8049
59914.120330	2216500775.445	  13.391	8049
59914.120446	2216500773.845	   9.930	8049
59914.120561	2216500772.545	   8.475	8049
59914.120677	2216500771.045	  11.175	8049
59914.120793	2216500769.145	   6.739	8049
59914.120908	2216500767.845	  10.212	8049
59914.121024	2216500766.445	  11.248	8049
59914.121140	2216500765.245	   8.676	8049
59914.121256	2216500763.445	  15.530	8049
59914.121372	2216500762.245	   7.476	8049
59914.121603	2216500758.945	   5.753	8049
59914.121719	2216500757.345	   6.672	8049
59914.121834	2216500756.245	   5.800	8049
59914.121950	2216500754.745	  11.422	8049
59914.122066	2216500753.545	   8.077	8049
59914.122182	2216500752.045	   8.201	8049
59914.122297	2216500750.845	   5.908	8049
59914.122413	2216500749.045	   8.996	8049
59914.122529	2216500747.645	  12.584	8049
59914.122645	2216500746.245	  11.914	8049
59914.122761	2216500745.045	   7.829	8049
59914.122876	2216500743.145	  12.281	8049
59914.122992	2216500741.545	   7.249	8049
59914.123108	2216500740.345	   9.162	8049
59914.123223	2216500738.545	   9.704	8049
59914.123339	2216500737.245	   8.979	8049
59914.123455	2216500736.245	   6.580	8049
59914.123571	2216500734.445	  14.703	8049
59914.123686	2216500732.945	   8.093	8049
59914.123802	2216500731.545	   8.793	8049
59914.123918	2216500730.245	   9.952	8049
59914.124033	2216500728.645	   9.330	8049
59914.124149	2216500727.745	  11.389	8049
59914.124265	2216500725.745	   7.679	8049
59914.124381	2216500724.445	   9.147	8049
59914.124496	2216500723.045	  13.109	8049
59914.124728	2216500720.545	  10.920	8049
59914.124844	2216500719.145	   9.031	8049
59914.124959	2216500717.445	  13.098	8049
59914.125075	2216500716.545	   6.174	8049
59914.125191	2216500714.645	   5.387	8049
59914.125307	2216500713.045	   8.139	8049
59914.125422	2216500711.745	   9.622	8049
59914.125654	2216500708.745	   7.378	8049
59914.125770	2216500707.345	   5.627	8049
59914.125886	2216500705.945	  14.068	8049
59914.126002	2216500704.645	   7.234	8049
59914.126117	2216500702.645	   5.801	8049
59914.126233	2216500701.645	   8.225	8049
59914.126464	2216500698.645	  10.717	8049
59914.126580	2216500697.445	  11.564	8049
59914.126696	2216500696.245	   6.887	8049
59914.126927	2216500693.145	   6.154	8049
59914.127043	2216500691.845	   6.301	8049
59914.127158	2216500690.645	   7.303	8049
59914.127274	2216500689.145	   5.547	8049
59914.127390	2216500687.845	   7.137	8049
59914.127506	2216500686.145	   8.237	8049
59914.127621	2216500684.845	   9.638	8049
59914.127737	2216500683.545	   5.961	8049
59914.127853	2216500681.945	   7.411	8049
59914.127969	2216500680.345	   7.437	8049
59914.128084	2216500679.445	   6.236	8049
59914.128200	2216500677.645	   7.270	8049
59914.128316	2216500675.945	   8.603	8049
59914.128432	2216500675.045	   7.956	8049
59914.128547	2216500673.845	   6.814	8049
59914.128663	2216500672.345	   7.180	8049
59914.128779	2216500670.745	   6.015	8049
59914.128895	2216500669.245	   7.944	8049
59914.129010	2216500667.845	   8.372	8049
59914.129126	2216500666.545	  10.729	8049
59914.129242	2216500664.845	   6.554	8049
59914.129358	2216500663.545	   7.844	8049
59914.129473	2216500662.245	   5.983	8049
59914.129589	2216500661.245	   7.044	8049
59914.129705	2216500659.345	   5.189	8049
59914.129821	2216500658.645	   6.095	8049
59914.129936	2216500656.945	   7.107	8049
59914.130168	2216500654.045	   6.700	8049
59914.130283	2216500652.745	   8.243	8049
59914.130399	2216500651.745	   5.542	8049
59914.130515	2216500649.745	  11.068	8049
59914.130631	2216500648.045	   9.661	8049
59914.130747	2216500647.045	   6.120	8049
59914.130862	2216500645.445	   7.257	8049
59914.130978	2216500644.345	  16.991	8049
59914.131094	2216500643.045	  10.897	8049
59914.131209	2216500641.545	   9.145	8049
59914.131325	2216500639.845	  13.291	8049
59914.131441	2216500638.745	   5.765	8049
59914.131557	2216500637.245	   6.055	8049
59914.131672	2216500635.745	  14.469	8049
59914.131904	2216500632.845	  11.516	8049
59914.132135	2216500629.845	   6.434	8049
59914.132251	2216500628.745	   8.402	8049
59914.132367	2216500627.645	   9.307	8049
59914.132598	2216500624.845	   6.814	8049
59914.132714	2216500623.145	   6.366	8049
59914.132830	2216500622.045	   7.095	8049
59914.133061	2216500619.445	  11.723	8049
59914.133293	2216500616.545	  10.778	8049
59914.133409	2216500615.045	   8.857	8049
59914.133640	2216500612.145	   8.610	8049
59914.133756	2216500610.845	   8.874	8049
59914.133871	2216500609.645	   8.825	8049
59914.133987	2216500608.245	   7.477	8049
59914.134103	2216500606.545	   5.900	8049
59914.134219	2216500605.245	   6.173	8049
59914.134335	2216500604.445	   6.819	8049
59914.134450	2216500602.645	   5.500	8049
59914.134566	2216500601.745	   6.430	8049
59914.134682	2216500600.345	   8.772	8049
59914.134797	2216500598.745	   9.546	8049
59914.134913	2216500597.445	   6.723	8049
59914.135029	2216500596.245	   8.682	8049
59914.135145	2216500594.945	   8.168	8049
59914.135260	2216500593.445	   5.528	8049
59914.135376	2216500591.945	  10.004	8049
59914.135492	2216500590.045	   8.414	8049
59914.135608	2216500589.145	  13.182	8049
59914.135723	2216500587.845	   8.000	8049
59914.135839	2216500586.345	   9.550	8049
59914.135955	2216500585.145	   7.485	8049
59914.136070	2216500583.845	  17.676	8049
59914.136186	2216500582.245	  10.394	8049
59914.136302	2216500580.745	   9.065	8049
59914.136418	2216500579.645	  11.422	8049
59914.136533	2216500578.545	  11.019	8049
59914.136649	2216500576.845	   9.028	8049
59914.136765	2216500575.745	   6.848	8049
59914.136881	2216500574.345	  19.403	8049
59914.136996	2216500572.945	  13.805	8049
59914.137112	2216500571.645	  10.564	8049
59914.137228	2216500570.245	   7.604	8049
59914.137344	2216500569.045	   9.069	8049
59914.137459	2216500567.345	  10.079	8049
59914.137575	2216500566.345	   9.044	8049
59914.137691	2216500564.745	  14.602	8049
59914.137807	2216500563.645	   9.020	8049
59914.137922	2216500562.245	  13.369	8049
59914.138038	2216500560.845	   8.810	8049
59914.138154	2216500559.545	  10.564	8049
59914.138270	2216500558.045	  11.808	8049
59914.138385	2216500556.845	  11.418	8049
59914.138501	2216500555.645	   9.589	8049
59914.138617	2216500553.845	   9.966	8049
59914.138733	2216500552.945	  10.245	8049
59914.138848	2216500551.245	  10.522	8049
59914.138964	2216500549.945	  11.946	8049
59914.139080	2216500548.845	   7.490	8049
59914.139196	2216500547.145	   8.255	8049
59914.139311	2216500546.145	   6.946	8049
59914.139427	2216500544.545	   6.780	8049
59914.139543	2216500543.545	   9.392	8049
59914.139659	2216500542.545	  17.401	8049
59914.139774	2216500541.045	   6.973	8049
59914.139890	2216500539.645	   6.866	8049
59914.140006	2216500538.345	   7.332	8049
59914.140122	2216500536.945	   7.981	8049
59914.140237	2216500535.545	   8.951	8049
59914.140353	2216500534.345	   8.110	8049
59914.140469	2216500532.745	  13.481	8049
59914.140584	2216500531.345	   9.021	8049
59914.140700	2216500530.345	  18.407	8049
59914.140816	2216500529.045	  12.802	8049
59914.140932	2216500527.945	  11.922	8049
59914.141047	2216500526.545	   7.899	8049
59914.141163	2216500525.345	   5.707	8049
59914.141395	2216500522.245	   5.713	8049
59914.141742	2216500518.045	   5.909	8049
59914.141858	2216500516.645	   6.427	8049
59914.142089	2216500513.945	  11.102	8049
59914.142552	2216500508.545	   8.952	8049
59914.142668	2216500507.145	   7.349	8049
59914.142899	2216500503.845	   6.010	8049
59914.143015	2216500502.745	  12.981	8049
59914.143246	2216500499.945	   5.826	8049
59914.143362	2216500498.445	   5.767	8049
59914.143594	2216500495.845	   6.520	8049
59914.143710	2216500494.545	   7.919	8049
59914.143941	2216500491.845	  13.363	8049
59914.144057	2216500490.045	   7.829	8049
59914.144172	2216500489.145	   6.919	8049
59914.144288	2216500487.645	   5.243	8049
59914.144520	2216500485.145	   6.013	8049
59914.144635	2216500483.245	   5.017	8049
59914.144751	2216500481.845	   5.314	8049
59914.144867	2216500480.245	   6.280	8049
59914.144983	2216500479.245	   6.110	8049
59914.145098	2216500477.745	   9.636	8049
59914.145214	2216500476.245	   8.640	8049
59914.145330	2216500475.245	   7.928	8049
59914.145445	2216500473.645	  10.187	8049
59914.145561	2216500471.945	  13.656	8049
59914.145677	2216500470.545	  10.141	8049
59914.145793	2216500469.345	   7.648	8049
59914.145908	2216500468.245	  10.994	8049
59914.146024	2216500466.545	  10.335	8049
59914.146140	2216500465.145	  12.865	8049
59914.146256	2216500464.145	   9.607	8049
59914.146371	2216500462.645	  20.060	8049
59914.146487	2216500461.245	  11.807	8049
59914.146603	2216500460.145	   8.354	8049
59914.146719	2216500458.345	  10.268	8049
59914.146834	2216500457.045	   8.696	8049
59914.146950	2216500455.645	   9.818	8049
59914.147066	2216500454.645	   7.638	8049
59914.147182	2216500453.045	  13.208	8049
59914.147297	2216500451.945	   7.489	8049
59914.147413	2216500450.045	   8.329	8049
59914.147529	2216500448.945	  12.548	8049
59914.147645	2216500447.545	   9.298	8049
59914.147760	2216500446.145	  15.115	8049
59914.147876	2216500444.845	  16.629	8049
59914.147992	2216500443.445	   8.140	8049
59914.148108	2216500441.945	   9.378	8049
59914.148223	2216500440.845	  22.251	8049
59914.148339	2216500439.345	   9.019	8049
59914.148455	2216500438.245	  11.270	8049
59914.148570	2216500436.745	  10.701	8049
59914.148686	2216500435.445	  13.501	8049
59914.148802	2216500433.845	  14.089	8049
59914.148918	2216500432.245	   8.609	8049
59914.149033	2216500431.245	  12.056	8049
59914.149149	2216500430.045	  11.159	8049
59914.149265	2216500428.745	  13.069	8049
59914.149381	2216500427.645	   7.996	8049
59914.149497	2216500425.845	  15.256	8049
59914.149612	2216500424.645	  12.351	8049
59914.149728	2216500423.245	  10.380	8049
59914.149844	2216500422.145	  10.182	8049
59914.149959	2216500420.945	  10.513	8049
59914.150075	2216500419.300	  10.117	8049
59914.150191	2216500417.745	   7.365	8049
59914.150307	2216500416.845	  11.422	8049
59914.150422	2216500415.145	   8.842	8049
59914.150538	2216500413.845	  10.003	8049
59914.150654	2216500412.445	   8.487	8049
59914.150770	2216500411.145	  13.772	8049
59914.150885	2216500410.200	  10.442	8049
59914.151001	2216500408.445	  10.202	8049
59914.151117	2216500407.345	   8.750	8049
59914.151233	2216500406.045	  13.889	8049
59914.151348	2216500404.645	  10.736	8049
59914.151464	2216500403.445	  10.851	8049
59914.151580	2216500401.945	  14.721	8049
59914.151695	2216500400.745	  10.415	8049
59914.151811	2216500399.245	   9.182	8049
59914.151927	2216500398.245	  13.099	8049
59914.152043	2216500396.700	  14.281	8049
59914.152159	2216500394.945	  11.118	8049
59914.152274	2216500394.345	   8.029	8049
59914.152390	2216500392.500	  11.246	8049
59914.152506	2216500391.545	   7.062	8049
59914.152622	2216500390.300	   9.064	8049
59914.152737	2216500388.845	  10.612	8049
59914.152853	2216500387.745	   9.652	8049
59914.152969	2216500386.345	  16.634	8049
59914.153084	2216500384.445	   9.886	8049
59914.153200	2216500383.645	  11.312	8049
59914.153316	2216500382.345	  11.284	8049
59914.153432	2216500380.945	  15.644	8049
59914.153547	2216500379.745	  12.175	8049
59914.153663	2216500378.245	  10.047	8049
59914.153779	2216500377.045	  11.198	8049
59914.153895	2216500375.745	  14.684	8049
59914.154011	2216500374.800	  14.217	8049
59914.154126	2216500372.945	  12.293	8049
59914.154242	2216500371.600	  14.383	8049
59914.154358	2216500370.645	  12.853	8049
59914.154473	2216500369.145	   9.986	8049
59914.154589	2216500367.945	  12.220	8049
59914.154705	2216500366.500	  19.861	8049
59914.154821	2216500365.345	  11.102	8049
59914.154936	2216500364.100	   8.968	8049
59914.155052	2216500362.945	  12.094	8049
59914.155168	2216500361.500	  15.724	8049
59914.155283	2216500360.245	  13.779	8049
59914.155399	2216500358.745	  12.152	8049
59914.155515	2216500357.345	   8.067	8049
59914.155631	2216500356.445	  15.650	8049
59914.155746	2216500355.400	   7.579	8049
59914.155862	2216500353.745	  18.343	8049
59914.155978	2216500352.645	   9.539	8049
59914.156094	2216500351.345	  10.848	8049
59914.156210	2216500349.845	  12.381	8049
59914.156325	2216500348.600	   8.375	8049
59914.156441	2216500347.145	   8.075	8049
59914.156557	2216500346.245	  13.071	8049
59914.156672	2216500344.945	   7.233	8049
59914.156788	2216500343.645	   9.183	8049
59914.156904	2216500342.545	  11.780	8049
59914.157020	2216500340.945	  14.343	8049
59914.157135	2216500339.945	  10.166	8049
59914.157251	2216500338.245	   9.987	8049
59914.157367	2216500337.345	  11.556	8049
59914.157483	2216500336.145	  20.063	8049
59914.157598	2216500334.945	  14.831	8049
59914.157714	2216500333.245	  14.139	8049
59914.157830	2216500332.245	   7.236	8049
59914.157946	2216500330.845	  12.775	8049
59914.158061	2216500329.645	  11.655	8049
59914.158177	2216500328.445	  10.721	8049
59914.158293	2216500327.100	  20.256	8049
59914.158409	2216500325.945	  18.288	8049
59914.158524	2216500325.045	   9.220	8049
59914.158640	2216500323.645	  10.043	8049
59914.158756	2216500321.945	  15.298	8049
59914.158871	2216500320.745	   9.862	8049
59914.158987	2216500319.545	  14.953	8049
59914.159103	2216500317.945	   9.136	8049
59914.159219	2216500317.345	   8.695	8049
59914.159335	2216500316.045	  18.692	8049
59914.159450	2216500314.645	  13.602	8049
59914.159566	2216500313.045	  11.058	8049
59914.159682	2216500312.345	  13.002	8049
59914.159797	2216500310.545	  13.079	8049
59914.159913	2216500309.645	   7.926	8049
59914.160029	2216500308.445	  12.385	8049
59914.160145	2216500306.845	  13.198	8049
59914.160260	2216500305.445	   9.634	8049
59914.160376	2216500304.145	  11.274	8049
59914.160492	2216500303.045	   7.742	8049
59914.160608	2216500301.445	   8.018	8049
59914.160723	2216500300.245	  16.762	8049
59914.160839	2216500298.945	  13.646	8049
59914.160955	2216500297.100	   8.976	8049
59914.161071	2216500296.345	  14.419	8049
59914.161186	2216500294.645	  15.543	8049
59914.161302	2216500293.245	  11.013	8049
59914.161418	2216500292.045	  10.891	8049
59914.161533	2216500290.945	   6.533	8049
59914.161649	2216500289.245	  11.945	8049
59914.161765	2216500288.345	   9.311	8049
59914.161881	2216500286.945	   9.361	8049
59914.161997	2216500285.345	  12.108	8049
59914.162112	2216500284.345	  11.445	8049
59914.162228	2216500282.845	   7.655	8049
59914.162344	2216500281.545	  10.334	8049
59914.162459	2216500279.745	  11.137	8049
59914.162575	2216500278.545	   9.411	8049
59914.162691	2216500277.245	  14.200	8049
59914.162807	2216500276.045	  11.175	8049
59914.162922	2216500274.645	   9.686	8049
59914.163038	2216500273.245	  13.935	8049
59914.163154	2216500272.145	  10.446	8049
59914.163270	2216500270.700	  10.202	8049
59914.163386	2216500269.100	  12.758	8049
59914.163501	2216500268.400	   7.596	8049
59914.163617	2216500267.000	   8.130	8049
59914.163733	2216500265.600	   9.898	8049
59914.163848	2216500264.300	  10.494	8049
59914.163964	2216500262.900	  10.404	8049
59914.164080	2216500261.600	  12.853	8049
59914.164196	2216500260.100	  11.065	8049
59914.164311	2216500259.000	  15.618	8049
59914.164427	2216500258.000	   7.989	8049
59914.164543	2216500256.000	  16.118	8049
59914.164659	2216500255.200	  18.294	8049
59914.164774	2216500253.700	  11.941	8049
59914.164890	2216500252.400	  19.292	8049
59914.165006	2216500251.100	  14.231	8049
59914.165121	2216500249.800	   9.304	8049
59914.165237	2216500248.800	  11.478	8049
59914.165353	2216500247.200	   8.319	8049
59914.165469	2216500246.200	   9.638	8049
59914.165584	2216500244.700	   8.401	8049
59914.165700	2216500243.300	  14.726	8049
59914.165816	2216500242.100	  12.537	8049
59914.165932	2216500241.000	   8.469	8049
59914.166048	2216500239.700	   7.780	8049
59914.166164	2216500238.400	  11.293	8049
59914.166279	2216500237.000	  10.565	8049
59914.166395	2216500236.000	   7.904	8049
59914.166510	2216500234.100	  13.246	8049
59914.166626	2216500233.200	   6.672	8049
59914.166742	2216500231.800	   9.777	8049
59914.166858	2216500230.700	  10.130	8049
59914.166973	2216500229.200	  10.056	8049
59914.167089	2216500227.900	  12.486	8049
59914.167205	2216500226.800	  14.988	8049
59914.167321	2216500225.300	   9.771	8049
59914.167436	2216500224.500	   8.608	8049
59914.167552	2216500222.800	  16.337	8049
59914.167668	2216500221.700	  10.994	8049
59914.167784	2216500220.600	  19.408	8049
59914.167899	2216500219.200	  11.394	8049
59914.168015	2216500217.900	  11.934	8049
59914.168131	2216500216.300	   8.103	8049
59914.168246	2216500215.100	  13.061	8049
59914.168362	2216500213.800	  14.363	8049
59914.168478	2216500212.700	   7.845	8049
59914.168594	2216500211.500	  13.741	8049
59914.168709	2216500210.200	   9.439	8049
59914.168825	2216500209.000	   7.678	8049
59914.168941	2216500207.800	  14.416	8049
59914.169057	2216500206.600	  20.297	8049
59914.169172	2216500205.300	  13.268	8049
59914.169288	2216500204.100	  10.727	8049
59914.169404	2216500203.200	   7.783	8049
59914.169520	2216500201.500	   7.484	8049
59914.169635	2216500200.400	  19.364	8049
59914.169751	2216500199.100	  12.864	8049
59914.169867	2216500197.700	  10.923	8049
59914.169983	2216500196.500	   8.005	8049
59914.170098	2216500195.200	  10.775	8049
59914.170214	2216500193.900	   9.733	8049
59914.170330	2216500192.700	   9.425	8049
59914.170445	2216500191.800	  11.831	8049
59914.170561	2216500190.400	  13.670	8049
59914.170677	2216500189.200	  11.462	8049
59914.170793	2216500187.800	  12.725	8049
59914.170909	2216500186.300	   6.082	8049
59914.171024	2216500185.400	  16.610	8049
59914.171140	2216500184.200	  10.786	8049
59914.171256	2216500183.000	  10.541	8049
59914.171372	2216500181.800	   9.507	8049
59914.171487	2216500180.400	  11.889	8049
59914.171603	2216500179.200	  10.360	8049
59914.171719	2216500178.200	   9.755	8049
59914.171834	2216500176.600	   8.574	8049
59914.171950	2216500175.500	   9.104	8049
59914.172066	2216500174.400	  16.934	8049
59914.172182	2216500173.000	  15.172	8049
59914.172298	2216500171.700	  18.749	8049
59914.172413	2216500170.800	   7.039	8049
59914.172529	2216500169.600	  12.423	8049
59914.172645	2216500168.300	   8.245	8049
59914.172760	2216500167.400	   7.599	8049
59914.172876	2216500165.600	  17.725	8049
59914.172992	2216500164.800	  12.653	8049
59914.173108	2216500163.400	   9.455	8049
59914.173224	2216500162.300	   8.592	8049
59914.173339	2216500161.000	  11.332	8049
59914.173455	2216500160.000	  23.728	8049
59914.173571	2216500158.900	  15.536	8049
59914.173686	2216500158.700	  11.172	8049
59914.173802	2216500157.200	  10.792	8049
59914.173918	2216500156.300	   9.893	8049
59914.174033	2216500154.500	   7.233	8049
59914.174149	2216500153.800	  15.587	8049
59914.174265	2216500152.500	  16.020	8049
59914.174381	2216500151.000	   9.954	8049
59914.174497	2216500149.900	  10.579	8049
59914.174612	2216500148.700	  10.506	8049
59914.174728	2216500147.400	  11.426	8049
59914.174844	2216500146.200	  11.887	8049
59914.174959	2216500145.100	  11.289	8049
59914.175075	2216500143.700	   6.422	8049
59914.175191	2216500142.400	   7.044	8049
59914.175307	2216500141.000	  13.688	8049
59914.175422	2216500139.900	   7.366	8049
59914.175538	2216500138.800	   8.017	8049
59914.175654	2216500137.200	  13.681	8049
59914.175770	2216500135.800	  11.808	8049
59914.175885	2216500134.900	   8.904	8049
59914.176001	2216500133.500	   9.026	8049
59914.176117	2216500132.500	  11.037	8049
59914.176233	2216500130.900	  12.198	8049
59914.176348	2216500130.100	  11.761	8049
59914.176464	2216500128.500	  10.364	8049
59914.176580	2216500127.400	  12.059	8049
59914.176696	2216500126.000	  13.248	8049
59914.176811	2216500124.700	  11.074	8049
59914.176927	2216500123.600	  10.096	8049
59914.177043	2216500122.500	  10.572	8049
59914.177158	2216500121.200	   9.337	8049
59914.177274	2216500119.900	  20.525	8049
59914.177390	2216500118.500	   8.591	8049
59914.177506	2216500117.200	  11.267	8049
59914.177621	2216500116.100	   9.748	8049
59914.177737	2216500114.500	  11.540	8049
59914.177853	2216500113.400	  14.876	8049
59914.177969	2216500112.400	  11.147	8049
59914.178084	2216500110.900	  11.021	8049
59914.178200	2216500109.800	   8.987	8049
59914.178316	2216500108.500	  11.171	8049
59914.178432	2216500107.000	   6.454	8049
59914.178547	2216500105.700	   9.286	8049
59914.178663	2216500104.800	   9.408	8049
59914.178779	2216500103.500	  14.966	8049
59914.178895	2216500102.200	  12.437	8049
59914.179010	2216500100.900	  13.789	8049
59914.179126	2216500099.800	  10.721	8049
59914.179242	2216500098.300	  13.068	8049
59914.179358	2216500097.100	  13.552	8049
59914.179473	2216500095.600	   6.670	8049
59914.179589	2216500094.500	  14.258	8049
59914.179705	2216500093.000	  13.597	8049
59914.179821	2216500092.000	  14.470	8049
59914.179936	2216500090.700	  12.094	8049
59914.180052	2216500089.500	   9.836	8049
59914.180168	2216500088.400	  15.074	8049
59914.180284	2216500087.300	   9.755	8049
59914.180399	2216500086.100	   8.022	8049
59914.180515	2216500085.100	  19.321	8049
59914.180631	2216500083.800	  14.984	8049
59914.180746	2216500082.400	   7.765	8049
59914.180862	2216500081.400	  11.008	8049
59914.180978	2216500080.600	  15.028	8049
59914.181094	2216500078.900	  11.387	8049
59914.181210	2216500078.000	   9.888	8049
59914.181325	2216500076.800	  13.597	8049
59914.181441	2216500075.800	  10.364	8049
59914.181557	2216500074.400	  11.222	8049
59914.181672	2216500073.500	  15.031	8049
59914.181788	2216500072.300	  13.505	8049
59914.181904	2216500071.400	  12.679	8049
59914.182020	2216500070.200	  15.611	8049
59914.182135	2216500069.000	   9.258	8049
59914.182251	2216500067.500	  16.596	8049
59914.182367	2216500066.600	  14.276	8049
59914.182483	2216500065.400	   7.392	8049
59914.182599	2216500064.500	  18.398	8049
59914.182714	2216500063.100	  10.168	8049
59914.182830	2216500062.000	   9.116	8049
59914.182946	2216500061.000	  10.920	8049
59914.183061	2216500059.600	   7.606	8049
59914.183177	2216500058.400	   9.339	8049
59914.183293	2216500057.300	   9.207	8049
59914.183409	2216500056.200	  14.098	8049
59914.183524	2216500055.100	  11.052	8049
59914.183640	2216500053.600	   6.139	8049
59914.183756	2216500052.800	  15.560	8049
59914.183872	2216500051.600	   9.055	8049
59914.183987	2216500050.500	  17.097	8049
