59901.561017	2216495821.200	   8.452	8049
59901.561133	2216495820.800	   9.022	8049
59901.561249	2216495820.600	  12.984	8049
59901.561364	2216495820.300	  19.115	8049
59901.561480	2216495820.100	  14.556	8049
59901.561596	2216495819.600	  10.562	8049
59901.561711	2216495819.400	  10.567	8049
59901.561827	2216495819.100	  18.054	8049
59901.561943	2216495818.800	  15.558	8049
59901.562059	2216495818.300	   5.445	8049
59901.562175	2216495818.300	   9.514	8049
59901.562290	2216495817.900	  10.830	8049
59901.562406	2216495817.700	  15.480	8049
59901.562522	2216495817.400	   8.399	8049
59901.562637	2216495817.100	  11.609	8049
59901.562753	2216495816.700	  22.198	8049
59901.562869	2216495816.400	   6.308	8049
59901.562985	2216495816.200	   9.850	8049
59901.563100	2216495815.700	   7.629	8049
59901.563216	2216495815.300	  16.300	8049
59901.563332	2216495815.100	  24.604	8049
59901.563447	2216495814.800	  14.001	8049
59901.563563	2216495814.500	  11.325	8049
59901.563679	2216495814.200	  10.020	8049
59901.563795	2216495813.700	  19.476	8049
59901.563911	2216495813.400	   7.300	8049
59901.564142	2216495812.700	   9.823	8049
59901.564258	2216495812.500	   6.038	8049
59901.564374	2216495811.900	   6.411	8049
59901.564605	2216495811.500	  10.252	8049
59901.564721	2216495811.000	  14.045	8049
59901.565299	2216495809.100	   6.732	8049
59901.565415	2216495808.800	   7.727	8049
59901.565531	2216495808.700	   7.307	8049
59901.565647	2216495808.200	  31.244	8049
59901.565762	2216495807.800	  13.234	8049
59901.565878	2216495807.400	   8.448	8049
59901.565994	2216495807.100	   8.798	8049
59901.566110	2216495806.700	  15.933	8049
59901.566225	2216495806.300	   6.361	8049
59901.566341	2216495805.700	  11.586	8049
59901.566457	2216495805.500	   8.619	8049
59901.566573	2216495805.000	  11.122	8049
59901.566688	2216495804.800	   5.874	8049
59901.566804	2216495804.400	  10.869	8049
59901.566920	2216495803.900	   5.868	8049
59901.567035	2216495803.400	   6.131	8049
59901.567151	2216495803.100	   9.738	8049
59901.567383	2216495802.300	   8.496	8049
59901.567498	2216495801.800	  10.391	8049
59901.567730	2216495801.200	   8.825	8049
59901.567846	2216495800.800	   8.746	8049
59901.567962	2216495800.100	  10.628	8049
59901.568077	2216495799.700	   9.539	8049
59901.568193	2216495799.300	   7.647	8049
59901.568309	2216495798.900	   8.831	8049
59901.568424	2216495798.600	  14.924	8049
59901.568540	2216495798.000	   8.777	8049
59901.568656	2216495797.700	  15.374	8049
59901.568772	2216495797.200	  19.934	8049
59901.568887	2216495796.700	   7.062	8049
59901.569003	2216495796.400	  20.463	8049
59901.569119	2216495796.000	   6.082	8049
59901.569235	2216495795.600	  10.778	8049
59901.569350	2216495795.000	   7.867	8049
59901.569466	2216495794.700	  18.121	8049
59901.569582	2216495794.400	  10.204	8049
59901.569697	2216495793.800	   8.477	8049
59901.569813	2216495793.300	  12.321	8049
59901.569929	2216495792.700	  24.958	8049
59901.570045	2216495792.300	  11.237	8049
59901.570160	2216495791.800	  12.743	8049
59901.570276	2216495791.500	  11.492	8049
59901.570392	2216495791.100	  26.790	8049
59901.570508	2216495790.400	  20.168	8049
59901.570623	2216495790.000	  11.130	8049
59901.570739	2216495789.400	  12.990	8049
59901.570855	2216495789.000	  15.551	8049
59901.570971	2216495788.600	  17.526	8049
59901.571086	2216495788.200	  11.385	8049
59901.571202	2216495787.500	   7.526	8049
59901.571318	2216495787.300	  21.432	8049
59901.571434	2216495786.700	  14.054	8049
59901.571549	2216495786.100	  13.645	8049
59901.571665	2216495785.700	  17.403	8049
59901.571781	2216495785.400	  15.642	8049
59901.571897	2216495784.500	  15.456	8049
59901.572012	2216495784.200	  15.666	8049
59901.572128	2216495783.600	  17.563	8049
59901.572244	2216495783.300	  13.637	8049
59901.572359	2216495782.700	  15.762	8049
59901.572475	2216495782.200	  38.912	8049
59901.572591	2216495781.700	  17.448	8049
59901.572707	2216495781.100	   8.212	8049
59901.572822	2216495780.600	  14.554	8049
59901.572938	2216495780.100	  10.263	8049
59901.573054	2216495779.500	  14.378	8049
59901.573170	2216495779.200	  16.882	8049
59901.573285	2216495778.800	  11.168	8049
59901.573401	2216495778.000	  22.913	8049
59901.573517	2216495777.400	  11.309	8049
59901.573633	2216495777.100	  28.490	8049
59901.573748	2216495776.600	  16.970	8049
59901.573864	2216495775.900	  10.748	8049
59901.573980	2216495775.300	  16.771	8049
59901.574096	2216495775.100	  15.767	8049
59901.574211	2216495774.500	  20.823	8049
59901.574327	2216495773.800	  20.751	8049
59901.574443	2216495773.100	   9.602	8049
59901.574559	2216495773.100	  27.110	8049
59901.574674	2216495772.300	  12.370	8049
59901.574790	2216495772.100	  21.572	8049
59901.574906	2216495771.500	  14.434	8049
59901.575022	2216495771.300	  19.639	8049
59901.575137	2216495770.900	  42.751	8049
59901.575253	2216495770.300	  14.549	8049
59901.575369	2216495770.200	  24.666	8049
59901.575485	2216495769.700	  14.772	8049
59901.575600	2216495769.300	  26.813	8049
59901.575716	2216495768.700	  32.342	8049
59901.575832	2216495768.500	  13.387	8049
59901.575948	2216495767.800	  21.374	8049
59901.576063	2216495767.400	  13.108	8049
59901.576179	2216495767.200	   9.849	8049
59901.576295	2216495766.600	  14.577	8049
59901.576411	2216495766.100	  10.741	8049
59901.576526	2216495765.900	  10.680	8049
59901.576642	2216495765.300	   7.064	8049
59901.576873	2216495764.400	   7.150	8049
59901.576989	2216495763.800	  11.152	8049
59901.577105	2216495763.600	  10.618	8049
59901.577336	2216495762.500	  12.059	8049
59901.577452	2216495762.200	  11.014	8049
59901.577568	2216495761.700	  12.502	8049
59901.577684	2216495761.100	   9.975	8049
59901.577799	2216495760.600	  12.197	8049
59901.577915	2216495760.100	  24.086	8049
59901.578031	2216495759.800	  17.475	8049
59901.578147	2216495759.300	  23.476	8049
59901.578262	2216495758.800	  16.777	8049
59901.578378	2216495758.500	  16.801	8049
59901.578494	2216495757.900	  10.575	8049
59901.578610	2216495757.300	  14.192	8049
59901.578725	2216495756.800	   9.209	8049
59901.578841	2216495756.400	  22.768	8049
59901.578957	2216495755.900	  10.405	8049
59901.579073	2216495755.400	  12.445	8049
59901.579188	2216495754.900	  16.305	8049
59901.579304	2216495754.500	  14.764	8049
59901.579420	2216495754.100	  13.591	8049
59901.579535	2216495753.500	  12.838	8049
59901.579651	2216495753.000	  16.006	8049
59901.579767	2216495752.500	  15.564	8049
59901.579999	2216495751.400	   5.546	8049
59901.580114	2216495750.800	   5.210	8049
59901.580230	2216495750.400	   7.440	8049
59901.580346	2216495749.900	   5.831	8049
59901.580462	2216495749.300	   5.014	8049
59901.580809	2216495747.900	   6.836	8049
59901.580924	2216495747.300	  13.319	8049
59901.581040	2216495746.900	   6.365	8049
59901.581156	2216495746.300	   8.013	8049
59901.581619	2216495744.200	   8.406	8049
59901.582198	2216495741.400	   6.346	8049
59901.582313	2216495740.900	   7.330	8049
59901.582661	2216495739.200	   6.094	8049
59901.582776	2216495738.600	  11.504	8049
59901.582892	2216495738.200	  10.682	8049
59901.583008	2216495737.400	  18.403	8049
59901.583124	2216495737.000	  12.158	8049
59901.583239	2216495736.500	  10.898	8049
59901.583355	2216495735.600	   9.635	8049
59901.583471	2216495735.100	  18.903	8049
59901.583586	2216495734.600	   8.957	8049
59901.583702	2216495734.100	  17.776	8049
59901.583818	2216495733.100	  10.893	8049
59901.583934	2216495732.900	   6.958	8049
59901.584049	2216495732.200	  13.025	8049
59901.584165	2216495731.700	  16.183	8049
59901.584281	2216495731.400	  17.937	8049
59901.584397	2216495730.300	   7.464	8049
59901.584512	2216495730.000	  10.240	8049
59901.584628	2216495729.400	  11.500	8049
59901.584744	2216495728.600	  11.564	8049
59901.584860	2216495728.300	   9.736	8049
59901.584975	2216495727.600	   8.945	8049
59901.585091	2216495726.800	   6.468	8049
59901.585207	2216495726.500	  10.452	8049
59901.585323	2216495725.700	   9.812	8049
59901.585438	2216495724.900	   8.190	8049
59901.585554	2216495724.600	   9.132	8049
59901.585786	2216495723.300	  19.368	8049
59901.586017	2216495721.900	  11.893	8049
59901.586249	2216495720.700	  10.720	8049
59901.586364	2216495720.000	  11.369	8049
59901.586480	2216495719.600	   8.060	8049
59901.586596	2216495718.800	   9.998	8049
59901.586711	2216495718.400	  12.535	8049
59901.586827	2216495717.400	  15.282	8049
59901.586943	2216495717.000	  11.426	8049
59901.587059	2216495716.400	  11.786	8049
59901.587174	2216495715.800	  13.453	8049
59901.587290	2216495715.000	  23.502	8049
59901.587406	2216495714.200	  11.449	8049
59901.587522	2216495713.600	  22.608	8049
59901.587637	2216495713.100	  21.281	8049
59901.587753	2216495712.300	  14.681	8049
59901.587869	2216495711.600	  21.402	8049
59901.587985	2216495711.100	  18.810	8049
59901.588100	2216495710.300	  10.349	8049
59901.588216	2216495709.700	  10.275	8049
59901.588332	2216495709.100	  17.290	8049
59901.588448	2216495708.600	  25.122	8049
59901.588563	2216495707.900	  11.436	8049
59901.588679	2216495707.500	  10.114	8049
59901.588795	2216495707.000	  14.693	8049
59901.588911	2216495706.500	  17.388	8049
59901.589026	2216495705.900	  15.575	8049
59901.589142	2216495705.300	  12.735	8049
59901.589258	2216495704.800	   6.866	8049
59901.589374	2216495704.200	  15.676	8049
59901.589489	2216495703.800	  13.878	8049
59901.589605	2216495703.100	  12.938	8049
59901.589721	2216495702.800	  12.565	8049
59901.589837	2216495702.000	  10.979	8049
59901.589952	2216495701.400	  13.656	8049
59901.590068	2216495701.100	  18.611	8049
59901.590184	2216495700.600	  11.481	8049
59901.590299	2216495699.900	  20.565	8049
59901.590415	2216495699.300	  23.834	8049
59901.590531	2216495698.700	  17.442	8049
59901.590647	2216495698.100	  14.125	8049
59901.590762	2216495697.500	  13.853	8049
59901.590878	2216495697.000	  15.613	8049
59901.590994	2216495696.200	   8.880	8049
59901.591110	2216495696.000	   7.877	8049
59901.591225	2216495695.400	  18.072	8049
59901.591341	2216495694.800	  25.068	8049
59901.591457	2216495694.200	  18.207	8049
59901.591573	2216495693.600	  14.694	8049
59901.591688	2216495692.900	  34.644	8049
59901.591804	2216495692.400	  11.639	8049
59901.591920	2216495691.800	  21.103	8049
59901.592035	2216495691.300	  21.500	8049
59901.592151	2216495690.500	   9.533	8049
59901.592267	2216495690.000	   5.261	8049
59901.592498	2216495688.700	   5.983	8049
59901.592614	2216495688.200	   7.389	8049
59901.592730	2216495687.700	  22.100	8049
59901.592846	2216495686.700	   9.123	8049
59901.592962	2216495686.500	   9.977	8049
59901.593077	2216495685.700	  15.279	8049
59901.593193	2216495685.200	   8.958	8049
59901.593309	2216495684.600	  13.174	8049
59901.593424	2216495683.900	  15.741	8049
59901.593540	2216495683.200	  13.762	8049
59901.593656	2216495682.700	  24.715	8049
59901.593771	2216495682.000	  29.231	8049
59901.593887	2216495681.000	  13.911	8049
59901.594003	2216495680.900	  11.712	8049
59901.594119	2216495680.400	  13.730	8049
59901.594235	2216495679.600	   9.274	8049
59901.594350	2216495678.800	  22.997	8049
59901.594466	2216495678.300	  22.974	8049
59901.594582	2216495677.700	  21.690	8049
59901.594697	2216495676.900	  13.482	8049
59901.594813	2216495676.300	  12.571	8049
59901.594929	2216495675.600	  14.341	8049
59901.595045	2216495674.900	  17.008	8049
59901.595161	2216495674.400	  13.961	8049
59901.595276	2216495673.900	  15.819	8049
59901.595392	2216495673.100	  10.287	8049
59901.595508	2216495672.600	  15.024	8049
59901.595623	2216495671.600	  13.863	8049
59901.595739	2216495671.000	  13.374	8049
59901.595855	2216495670.400	  33.124	8049
59901.595971	2216495669.900	   8.717	8049
59901.596086	2216495669.000	   8.969	8049
59901.596202	2216495668.400	  12.277	8049
59901.596318	2216495667.500	  16.136	8049
59901.596434	2216495667.200	  18.114	8049
59901.596550	2216495666.500	  16.109	8049
59901.596665	2216495665.800	  20.685	8049
59901.596781	2216495665.000	  15.142	8049
59901.596897	2216495664.400	  10.520	8049
59901.597012	2216495663.900	   8.448	8049
59901.597128	2216495663.100	  13.982	8049
59901.597244	2216495662.200	  17.721	8049
59901.597360	2216495661.800	  11.513	8049
59901.597475	2216495660.900	  18.435	8049
59901.597591	2216495660.400	  10.777	8049
59901.597707	2216495659.700	  13.653	8049
59901.597823	2216495658.900	  18.802	8049
59901.597938	2216495658.200	  10.247	8049
59901.598054	2216495657.400	  12.534	8049
59901.598170	2216495656.700	  15.976	8049
59901.598286	2216495656.000	  18.751	8049
59901.598401	2216495655.500	  17.475	8049
59901.598517	2216495654.400	  12.922	8049
59901.598633	2216495654.000	  23.746	8049
59901.598748	2216495653.400	  14.852	8049
59901.598864	2216495652.700	  15.821	8049
59901.598980	2216495651.800	  11.587	8049
59901.599096	2216495650.800	   7.469	8049
59901.599211	2216495650.300	  12.039	8049
59901.599327	2216495649.900	  12.240	8049
59901.599443	2216495648.900	  13.509	8049
59901.599559	2216495648.100	  20.034	8049
59901.599674	2216495647.400	  15.562	8049
59901.599790	2216495646.800	  16.957	8049
59901.599906	2216495646.000	  10.036	8049
59901.600022	2216495645.000	  14.302	8049
59901.600137	2216495644.500	   9.292	8049
59901.600253	2216495644.000	   8.593	8049
59901.600369	2216495642.900	  11.545	8049
59901.600485	2216495642.200	  16.043	8049
59901.600600	2216495641.600	  13.199	8049
59901.600716	2216495641.000	  11.596	8049
59901.600832	2216495640.100	  10.345	8049
59901.600947	2216495639.600	  11.649	8049
59901.601063	2216495638.300	   8.829	8049
59901.601179	2216495637.700	  13.230	8049
59901.601295	2216495637.100	  10.496	8049
59901.601411	2216495636.500	  14.542	8049
59901.601526	2216495635.600	  16.420	8049
59901.601642	2216495634.700	  13.254	8049
59901.601758	2216495633.900	  11.969	8049
59901.601874	2216495633.400	   9.482	8049
59901.601989	2216495632.600	   8.971	8049
59901.602105	2216495631.600	  15.882	8049
59901.602221	2216495630.900	  11.635	8049
59901.602336	2216495630.100	   9.811	8049
59901.602452	2216495629.400	  12.953	8049
59901.602568	2216495628.800	  10.992	8049
59901.602684	2216495627.900	  12.857	8049
59901.602799	2216495627.200	  19.741	8049
59901.602915	2216495626.600	  17.881	8049
59901.603031	2216495625.800	  18.008	8049
59901.603147	2216495625.200	  29.040	8049
59901.603262	2216495624.500	  22.754	8049
59901.603378	2216495623.900	  24.561	8049
59901.603494	2216495623.100	  24.391	8049
59901.603610	2216495622.600	  23.780	8049
59901.603725	2216495621.800	  16.407	8049
59901.603841	2216495621.200	  17.820	8049
59901.603957	2216495620.700	  13.124	8049
59901.604073	2216495619.800	  13.922	8049
59901.604188	2216495619.300	  11.661	8049
59901.604304	2216495618.500	  12.342	8049
59901.604420	2216495617.800	  23.364	8049
59901.604536	2216495617.400	  13.146	8049
59901.604651	2216495616.500	  35.148	8049
59901.604767	2216495615.900	  18.194	8049
59901.604883	2216495615.100	  13.548	8049
59901.604998	2216495614.600	  10.116	8049
59901.605114	2216495613.600	  17.936	8049
59901.605230	2216495613.200	  28.058	8049
59901.605346	2216495612.200	  16.037	8049
59901.605461	2216495611.700	  29.843	8049
59901.605577	2216495611.100	  19.013	8049
59901.605693	2216495610.400	  14.409	8049
59901.605809	2216495609.600	  11.597	8049
59901.605924	2216495609.000	  12.323	8049
59901.606040	2216495608.000	  12.860	8049
59901.606156	2216495607.400	  18.291	8049
59901.606272	2216495606.700	  13.221	8049
59901.606387	2216495606.200	  13.619	8049
59901.606503	2216495605.300	  10.948	8049
59901.606619	2216495604.600	  11.538	8049
59901.606735	2216495603.800	  13.182	8049
59901.606850	2216495603.400	  11.450	8049
59901.606966	2216495602.500	  10.397	8049
59901.607082	2216495601.800	  15.555	8049
59901.607197	2216495601.000	  15.178	8049
59901.607313	2216495600.200	  12.824	8049
59901.607429	2216495599.400	  15.860	8049
59901.607545	2216495598.800	  16.578	8049
59901.607661	2216495598.100	  13.023	8049
59901.607776	2216495597.400	  20.982	8049
59901.607892	2216495596.500	  11.299	8049
59901.608008	2216495596.100	  18.071	8049
59901.608124	2216495595.000	  14.860	8049
59901.608239	2216495594.500	  12.831	8049
59901.608355	2216495593.500	  10.871	8049
59901.608471	2216495592.900	  29.078	8049
59901.608586	2216495592.200	  23.111	8049
59901.608702	2216495591.500	  22.867	8049
59901.608818	2216495590.500	  14.998	8049
59901.608934	2216495589.900	  18.728	8049
59901.609049	2216495589.100	   9.411	8049
59901.609165	2216495588.300	  15.423	8049
59901.609281	2216495587.600	  26.845	8049
59901.609397	2216495586.900	  11.969	8049
59901.609512	2216495586.200	  13.112	8049
59901.609628	2216495585.200	  16.712	8049
59901.609744	2216495584.400	  20.491	8049
59901.609860	2216495583.900	  45.835	8049
59901.609975	2216495583.100	  19.591	8049
59901.610091	2216495582.300	  13.656	8049
59901.610207	2216495581.500	  14.965	8049
59901.610323	2216495580.600	  19.096	8049
59901.610438	2216495580.000	  16.135	8049
59901.610554	2216495579.100	  22.488	8049
59901.610670	2216495578.200	   7.467	8049
59901.610786	2216495577.800	   9.016	8049
59901.610901	2216495576.700	  13.007	8049
59901.611017	2216495576.100	  18.186	8049
59901.611133	2216495575.200	  29.777	8049
59901.611248	2216495574.300	  13.498	8049
59901.611364	2216495573.700	  15.075	8049
59901.611480	2216495572.900	  14.547	8049
59901.611596	2216495572.200	  11.380	8049
59901.611711	2216495571.400	  26.198	8049
59901.611827	2216495570.500	  10.309	8049
59901.611943	2216495569.700	  14.507	8049
59901.612059	2216495569.000	  14.976	8049
59901.612174	2216495568.200	  17.780	8049
59901.612290	2216495567.500	   8.932	8049
59901.612406	2216495566.400	   9.465	8049
59901.612522	2216495565.700	  18.540	8049
59901.612637	2216495564.900	   9.142	8049
59901.612753	2216495564.000	  12.309	8049
59901.612869	2216495563.100	  12.118	8049
59901.612985	2216495562.200	  10.535	8049
59901.613101	2216495561.500	  12.904	8049
59901.613216	2216495561.000	  11.429	8049
59901.613332	2216495560.000	  14.150	8049
59901.613447	2216495559.100	  14.727	8049
59901.613563	2216495558.400	  22.752	8049
59901.613679	2216495557.600	  17.942	8049
59901.613795	2216495556.400	  13.510	8049
59901.613910	2216495555.800	  23.201	8049
59901.614026	2216495555.000	  11.523	8049
59901.614142	2216495554.000	  11.642	8049
59901.614258	2216495553.300	  21.865	8049
59901.614374	2216495552.500	  14.141	8049
59901.614489	2216495551.700	  17.412	8049
59901.614605	2216495550.700	  13.018	8049
59901.614721	2216495550.000	  15.135	8049
59901.614836	2216495549.200	  14.077	8049
59901.614952	2216495548.400	  12.029	8049
59901.615068	2216495547.400	  11.596	8049
59901.615184	2216495546.500	  10.441	8049
59901.615299	2216495545.600	  18.990	8049
59901.615415	2216495544.900	  13.832	8049
59901.615531	2216495543.900	   8.195	8049
59901.615647	2216495543.200	  17.209	8049
59901.615762	2216495542.100	  18.321	8049
59901.615878	2216495541.300	  14.392	8049
59901.615994	2216495540.500	  16.431	8049
59901.616110	2216495539.600	  14.441	8049
59901.616225	2216495539.000	  11.338	8049
59901.616341	2216495537.900	  16.044	8049
59901.616457	2216495537.200	  17.422	8049
59901.616572	2216495536.000	  16.168	8049
59901.616688	2216495535.200	  34.395	8049
59901.616804	2216495534.400	  11.735	8049
59901.616920	2216495533.400	   9.253	8049
59901.617036	2216495532.600	  20.698	8049
59901.617151	2216495531.800	  17.032	8049
59901.617267	2216495531.000	  34.463	8049
59901.617383	2216495529.900	  11.186	8049
59901.617498	2216495528.900	   8.349	8049
59901.617614	2216495528.200	  22.503	8049
59901.617730	2216495527.400	   9.201	8049
59901.617846	2216495526.600	  13.253	8049
59901.617961	2216495525.900	   7.694	8049
59901.618077	2216495525.000	  13.741	8049
59901.618193	2216495524.100	  20.659	8049
59901.618309	2216495523.400	  11.654	8049
59901.618424	2216495522.500	  14.388	8049
59901.618540	2216495522.100	   7.910	8049
59901.618540	2216495522.100	   7.910	8049
59901.618656	2216495521.300	  11.300	8049
59901.618772	2216495520.200	  16.263	8049
59901.618887	2216495519.400	  10.763	8049
59901.619003	2216495518.500	  21.648	8049
59901.619119	2216495517.800	  18.273	8049
59901.619235	2216495517.300	  12.989	8049
59901.619350	2216495516.300	  17.560	8049
59901.619466	2216495515.900	   9.395	8049
59901.619582	2216495514.900	   9.874	8049
59901.619698	2216495513.700	  18.413	8049
59901.619813	2216495512.900	  12.495	8049
59901.619929	2216495512.100	  13.869	8049
59901.620045	2216495511.700	  13.820	8049
59901.620161	2216495510.700	   9.825	8049
59901.620276	2216495510.100	  16.764	8049
59901.620392	2216495509.000	  21.274	8049
59901.620508	2216495508.400	  17.517	8049
59901.620624	2216495507.500	  20.809	8049
59901.620739	2216495506.500	   8.508	8049
59901.620855	2216495506.000	   8.084	8049
59901.620971	2216495505.000	  16.677	8049
59901.621086	2216495504.300	  15.331	8049
59901.621202	2216495503.300	  14.982	8049
59901.621318	2216495502.700	  20.717	8049
59901.621434	2216495501.900	  20.750	8049
59901.621549	2216495501.000	  16.038	8049
59901.621665	2216495500.200	   8.913	8049
59901.621781	2216495499.400	  14.845	8049
59901.621897	2216495498.600	  15.995	8049
59901.622013	2216495497.400	  19.954	8049
59901.622128	2216495496.600	  13.765	8049
59901.622244	2216495496.000	  11.105	8049
59901.622360	2216495495.300	  10.731	8049
59901.622475	2216495494.400	  15.434	8049
59901.622591	2216495493.400	  12.287	8049
59901.622707	2216495492.600	  11.538	8049
59901.622822	2216495491.600	  10.957	8049
59901.622938	2216495491.200	   9.710	8049
59901.623054	2216495490.000	  11.403	8049
59901.623170	2216495489.400	   9.802	8049
59901.623286	2216495488.400	  12.585	8049
59901.623401	2216495487.700	  12.929	8049
59901.623517	2216495486.800	  13.160	8049
59901.623633	2216495486.000	  16.317	8049
59901.623748	2216495484.900	   8.187	8049
59901.623864	2216495483.900	   9.935	8049
59901.623980	2216495483.100	   9.729	8049
59901.624096	2216495482.500	  15.445	8049
59901.624211	2216495481.300	  12.998	8049
59901.624327	2216495480.500	  12.754	8049
59901.624443	2216495479.600	  16.142	8049
59901.624559	2216495479.000	  16.092	8049
59901.624674	2216495478.200	  14.988	8049
59901.624790	2216495477.300	  10.786	8049
59901.624906	2216495476.300	  17.218	8049
59901.625022	2216495475.600	  11.368	8049
59901.625137	2216495474.400	  12.139	8049
59901.625253	2216495473.600	  12.788	8049
59901.625369	2216495472.700	  11.849	8049
59901.625485	2216495472.000	  12.178	8049
59901.625601	2216495470.800	   8.865	8049
59901.625716	2216495470.200	  11.433	8049
59901.625832	2216495469.100	   6.282	8049
59901.625948	2216495467.900	  12.092	8049
59901.626063	2216495467.400	  20.672	8049
59901.626179	2216495466.700	   8.244	8049
59901.626295	2216495465.600	  11.037	8049
59901.626411	2216495464.800	  14.616	8049
59901.626526	2216495464.100	  11.860	8049
59901.626642	2216495462.800	   9.608	8049
59901.626758	2216495462.200	  14.712	8049
59901.626873	2216495461.200	  14.194	8049
59901.626989	2216495460.200	  16.753	8049
59901.627105	2216495459.200	   8.653	8049
59901.627221	2216495458.300	  15.860	8049
59901.627336	2216495457.700	  11.219	8049
59901.627452	2216495456.600	  16.195	8049
59901.627568	2216495455.700	   8.895	8049
59901.627684	2216495454.800	  11.515	8049
59901.627799	2216495453.500	   8.466	8049
59901.627915	2216495452.800	   5.272	8049
59901.628031	2216495452.000	  10.541	8049
59901.628147	2216495451.000	  14.551	8049
59901.628262	2216495449.900	  10.002	8049
59901.628378	2216495449.300	   6.812	8049
59901.628494	2216495448.300	  13.500	8049
59901.628610	2216495447.400	  12.069	8049
59901.628725	2216495446.400	  16.830	8049
59901.628841	2216495445.100	   6.836	8049
59901.628957	2216495444.600	  12.361	8049
59901.629072	2216495443.400	  13.998	8049
59901.629188	2216495442.500	   9.755	8049
59901.629304	2216495441.800	   7.483	8049
59901.629420	2216495440.800	  14.935	8049
59901.629536	2216495439.900	   7.305	8049
59901.629651	2216495438.700	  10.429	8049
59901.629767	2216495437.900	   8.405	8049
59901.629883	2216495437.100	  17.345	8049
59901.629998	2216495436.000	   6.590	8049
59901.630114	2216495435.100	  20.591	8049
59901.630230	2216495434.100	   7.458	8049
59901.630346	2216495433.200	  10.390	8049
59901.630462	2216495432.200	  14.356	8049
59901.630577	2216495431.200	  10.888	8049
59901.630693	2216495430.000	   9.516	8049
59901.630809	2216495429.300	  10.890	8049
59901.630924	2216495428.700	   7.800	8049
59901.631040	2216495427.700	  10.868	8049
59901.631156	2216495426.500	  10.049	8049
59901.631272	2216495425.400	  16.851	8049
59901.631387	2216495424.500	  15.088	8049
59901.631503	2216495423.600	  14.179	8049
59901.631619	2216495422.700	   9.797	8049
59901.631735	2216495421.900	  14.419	8049
59901.631850	2216495420.400	  12.280	8049
59901.631966	2216495419.800	  16.018	8049
59901.632082	2216495418.600	   9.710	8049
59901.632198	2216495417.700	   9.040	8049
59901.632313	2216495416.700	  15.555	8049
59901.632429	2216495415.900	  10.881	8049
59901.632545	2216495414.700	   6.933	8049
59901.632661	2216495413.700	  12.001	8049
59901.632776	2216495412.800	  10.266	8049
59901.632892	2216495411.700	  12.632	8049
59901.633008	2216495410.700	   7.028	8049
59901.633123	2216495409.700	   6.214	8049
59901.633818	2216495403.800	   6.686	8049
59901.634513	2216495398.600	   9.071	8049
59901.634628	2216495397.400	   7.800	8049
59901.634744	2216495396.300	   6.775	8049
59901.635207	2216495393.100	  10.439	8049
59901.635323	2216495392.000	   8.653	8049
59901.635670	2216495389.300	  11.008	8049
59901.635785	2216495388.500	  14.168	8049
59901.636364	2216495383.800	   6.816	8049
59901.636596	2216495381.900	   8.186	8049
59901.636827	2216495380.700	   6.654	8049
59901.637290	2216495376.700	   5.116	8049
59901.640299	2216495353.300	   5.729	8049
59901.640762	2216495347.200	   5.962	8049
59901.641110	2216495344.700	   7.913	8049
59901.641573	2216495341.100	   6.591	8049
59901.641920	2216495337.600	   6.527	8049
59901.642151	2216495335.400	   6.907	8049
59901.642961	2216495328.900	   5.605	8049
59901.644350	2216495316.900	   5.151	8049
59901.645855	2216495303.300	   8.878	8049
59901.645971	2216495302.300	   8.331	8049
59901.646086	2216495301.300	   7.206	8049
59901.646202	2216495300.000	  20.025	8049
59901.646202	2216495300.000	  20.176	8049
59901.646318	2216495299.300	  14.168	8049
59901.646434	2216495297.800	   6.093	8049
59901.646550	2216495296.900	  11.925	8049
59901.646665	2216495296.300	   8.728	8049
59901.646781	2216495295.300	   7.048	8049
59901.646897	2216495293.900	   5.437	8049
59901.647012	2216495292.900	   7.903	8049
59901.647128	2216495291.500	   9.844	8049
59901.647244	2216495290.600	   6.764	8049
59901.647475	2216495288.500	   6.839	8049
59901.647591	2216495287.400	   6.733	8049
59901.647707	2216495286.500	  11.298	8049
59901.647823	2216495285.100	   5.470	8049
59901.647938	2216495284.100	  10.587	8049
59901.648054	2216495283.100	  11.706	8049
59901.648286	2216495281.100	   6.162	8049
59901.648401	2216495280.100	   7.646	8049
59901.648517	2216495279.100	  10.494	8049
59901.648633	2216495278.100	   8.571	8049
59901.648748	2216495276.600	   7.269	8049
59901.648864	2216495275.900	  11.026	8049
59901.649096	2216495273.000	   5.647	8049
59901.649211	2216495272.500	   5.142	8049
59901.649675	2216495268.100	   5.923	8049
59901.650137	2216495263.700	   5.933	8049
59901.651063	2216495255.800	   8.962	8049
59901.651526	2216495253.200	   9.669	8049
59901.652221	2216495244.900	   7.505	8049
59901.653031	2216495237.900	   8.932	8049
59901.653147	2216495237.000	   5.363	8049
59901.653262	2216495236.100	   6.311	8049
59901.653378	2216495234.900	   9.896	8049
59901.653494	2216495235.000	   6.321	8049
59901.653610	2216495232.900	   7.989	8049
59901.653725	2216495231.800	   5.523	8049
59901.653841	2216495232.400	   7.140	8049
59901.654072	2216495228.700	   6.540	8049
59901.654188	2216495227.600	   6.726	8049
59901.654651	2216495223.000	   5.646	8049
59901.654767	2216495221.200	   5.680	8049
59901.655114	2216495219.200	   9.331	8049
59901.655230	2216495218.300	   6.391	8049
59901.656156	2216495210.000	   6.471	8049
59901.656966	2216495204.300	   5.580	8049
59901.657429	2216495198.000	   8.841	8049
59901.657661	2216495196.200	   7.157	8049
59901.658008	2216495192.700	   6.206	8049
59901.658239	2216495191.700	   6.992	8049
59901.658818	2216495185.100	   5.584	8049
59901.659281	2216495181.000	   5.696	8049
59901.659975	2216495176.000	   5.049	8049
59901.660207	2216495174.300	   6.164	8049
59901.660438	2216495171.700	   5.251	8049
59901.660670	2216495167.600	   5.270	8049
59901.660901	2216495165.500	   5.585	8049
59901.661017	2216495164.500	   7.356	8049
59901.661364	2216495160.800	   5.483	8049
59901.661596	2216495159.100	   5.440	8049
59901.661827	2216495156.800	   5.630	8049
59901.662290	2216495151.900	   5.034	8049
59901.662637	2216495148.600	   5.904	8049
59901.662985	2216495145.400	   7.726	8049
59901.663216	2216495142.900	   5.345	8049
59901.663448	2216495140.700	   5.225	8049
59901.663448	2216495140.700	   5.244	8049
59901.663795	2216495137.400	   5.090	8049
59901.664026	2216495134.800	   7.426	8049
59901.664374	2216495131.600	   7.150	8049
59901.664489	2216495130.700	   5.908	8049
59901.664952	2216495125.500	   8.191	8049
59901.665068	2216495124.900	   7.710	8049
59901.666226	2216495113.000	   6.221	8049
59901.666688	2216495108.600	   6.834	8049
59901.666920	2216495106.600	   5.165	8049
59901.667151	2216495103.800	   6.389	8049
59901.667267	2216495102.900	   7.010	8049
59901.667383	2216495101.900	   5.557	8049
59901.668077	2216495094.800	   5.947	8049
59901.668193	2216495095.500	   5.672	8049
59901.668772	2216495087.700	   7.784	8049
59901.669119	2216495084.000	   5.389	8049
59901.670045	2216495074.100	   8.136	8049
59901.670392	2216495073.500	   5.996	8049
59901.671087	2216495066.000	   5.665	8049
59901.671318	2216495062.600	   6.691	8049
59901.671665	2216495058.900	   5.294	8049
59901.671897	2216495058.400	   7.520	8049
59901.672128	2216495057.000	   5.013	8049
59901.672244	2216495053.100	   5.783	8049
59901.672475	2216495051.900	   6.016	8049
59901.672823	2216495047.000	   5.211	8049
59901.674212	2216495034.400	   8.845	8049
59901.674443	2216495032.100	   6.484	8049
59901.674559	2216495030.100	   6.540	8049
59901.674675	2216495028.800	   5.065	8049
59901.675022	2216495025.900	   9.410	8049
59901.675138	2216495024.600	   6.839	8049
59901.676063	2216495015.300	   5.658	8049
59901.676179	2216495014.000	   6.603	8049
59901.676411	2216495012.000	   6.463	8049
59901.676526	2216495010.700	   6.559	8049
59901.676758	2216495008.200	   8.877	8049
59901.677105	2216495004.900	   8.961	8049
59901.677452	2216495001.100	   5.189	8049
59901.677684	2216494999.000	   7.654	8049
59901.677915	2216494996.500	   9.286	8049
59901.678262	2216494993.300	   5.759	8049
59901.678726	2216494989.900	   8.539	8049
59901.678841	2216494987.000	   5.345	8049
59901.678957	2216494986.000	   6.827	8049
59901.679304	2216494981.400	   9.234	8049
59901.679420	2216494981.400	   8.162	8049
59901.679536	2216494979.900	   5.292	8049
59901.680346	2216494970.300	   5.097	8049
59901.680809	2216494967.000	   7.756	8049
59901.681850	2216494956.100	   5.647	8049
59901.682082	2216494953.900	   6.024	8049
59901.682198	2216494952.600	   6.342	8049
59901.682429	2216494950.000	   7.247	8049
59901.682545	2216494949.100	   5.148	8049
59901.682661	2216494948.300	   5.167	8049
59901.683587	2216494938.200	   6.548	8049
59901.683818	2216494935.600	  11.312	8049
59901.684165	2216494934.700	   9.869	8049
59901.684397	2216494929.700	   6.310	8049
59901.684744	2216494929.700	   5.162	8049
59901.685207	2216494922.300	   6.503	8049
59901.685438	2216494918.800	   6.556	8049
59901.685901	2216494914.100	  11.490	8049
59901.686596	2216494907.200	   5.896	8049
59901.687522	2216494896.600	   5.651	8049
59901.687985	2216494890.900	   5.016	8049
59901.688101	2216494890.800	   5.517	8049
59901.689142	2216494878.700	  10.042	8049
59901.689258	2216494876.600	   5.423	8049
59901.689374	2216494876.100	   5.460	8049
59901.690300	2216494865.200	   6.571	8049
59901.690416	2216494866.500	   5.926	8049
59901.690763	2216494859.800	   5.104	8049
59901.690994	2216494858.800	   6.478	8049
59901.691573	2216494851.000	   6.472	8049
59901.692151	2216494846.000	   9.594	8049
59901.692383	2216494843.500	   6.045	8049
59901.692614	2216494841.200	   9.726	8049
59901.692730	2216494839.800	   7.391	8049
59901.692962	2216494837.200	   5.597	8049
59901.693309	2216494833.500	   5.629	8049
59901.693656	2216494829.900	   7.628	8049
59901.693772	2216494828.500	   6.624	8049
59901.693887	2216494828.900	   5.198	8049
59901.694119	2216494824.300	   7.774	8049
59901.694235	2216494823.300	   5.796	8049
59901.694466	2216494820.200	   6.317	8049
59901.694698	2216494818.400	   8.370	8049
59901.694929	2216494815.900	   8.125	8049
59901.695276	2216494812.000	   7.821	8049
59901.695739	2216494807.500	  10.206	8049
59901.695971	2216494804.700	   5.881	8049
59901.696087	2216494803.400	   5.978	8049
59901.696318	2216494800.700	   8.719	8049
59901.696897	2216494793.800	   6.739	8049
59901.697128	2216494792.500	   6.379	8049
59901.697244	2216494791.100	   7.031	8049
59901.697476	2216494788.900	   6.376	8049
59901.697939	2216494783.900	   6.999	8049
59901.698054	2216494782.500	   8.394	8049
59901.698633	2216494777.500	   6.110	8049
59901.698864	2216494773.100	   5.888	8049
59901.699212	2216494770.100	   5.346	8049
59901.699559	2216494767.000	   7.012	8049
59901.699675	2216494764.900	   8.262	8049
59901.699790	2216494762.800	   5.233	8049
59901.700369	2216494757.400	   6.135	8049
59901.700485	2216494753.100	   5.842	8049
59901.700948	2216494749.000	   5.439	8049
59901.701989	2216494739.700	   5.729	8049
59901.702105	2216494738.600	   5.590	8049
59901.702452	2216494734.800	   6.167	8049
59901.703147	2216494727.500	   5.272	8049
59901.703263	2216494726.000	   5.815	8049
59901.703378	2216494724.900	   5.414	8049
59901.703841	2216494722.100	   5.889	8049
59901.704188	2216494714.600	   8.286	8049
59901.704883	2216494710.600	   5.607	8049
59901.705577	2216494698.900	   5.277	8049
59901.706156	2216494691.600	   5.083	8049
59901.706735	2216494688.400	   9.424	8049
59901.707313	2216494682.300	   5.600	8049
59901.707776	2216494673.300	   5.046	8049
59901.708239	2216494671.600	   7.626	8049
59901.708471	2216494668.600	   7.522	8049
59901.708818	2216494665.200	   5.823	8049
59901.708934	2216494663.700	   6.683	8049
59901.709512	2216494657.000	   7.270	8049
59901.710091	2216494653.600	   6.883	8049
59901.710554	2216494645.300	   5.341	8049
59901.710786	2216494643.200	   5.938	8049
59901.711249	2216494637.800	   7.190	8049
59901.711364	2216494637.400	   5.536	8049
59901.712406	2216494627.700	   5.506	8049
59901.712753	2216494623.900	   6.227	8049
59901.713332	2216494614.400	   7.319	8049
59901.714837	2216494597.500	   5.406	8049
59901.715531	2216494588.800	   5.515	8049
59901.715647	2216494586.600	   5.181	8049
59901.715763	2216494584.100	   8.471	8049
59901.715878	2216494585.000	   5.280	8049
59901.716341	2216494579.300	   6.780	8049
59901.716573	2216494575.700	   5.719	8049
59901.717614	2216494568.200	   6.540	8049
59901.719119	2216494549.200	   5.451	8049
59901.719350	2216494542.500	   5.564	8049
59901.720508	2216494531.200	   5.845	8049
59901.721318	2216494521.900	   5.135	8049
59901.721549	2216494519.400	   5.030	8049
59901.722475	2216494509.500	   6.829	8049
59901.723286	2216494500.800	   5.140	8049
59901.723633	2216494497.400	   5.146	8049
59901.723749	2216494496.800	   7.000	8049
59901.724096	2216494491.500	   5.054	8049
59901.724327	2216494490.000	   5.035	8049
59901.724559	2216494486.400	   6.140	8049
59901.724674	2216494485.400	   5.196	8049
59901.725253	2216494478.500	   8.622	8049
59901.725369	2216494477.300	   7.450	8049
59901.725485	2216494476.100	   7.133	8049
59901.725716	2216494473.400	  12.399	8049
59901.725832	2216494472.000	   9.137	8049
59901.726063	2216494469.200	   5.198	8049
59901.726179	2216494468.400	   7.691	8049
59901.726295	2216494466.600	   5.390	8049
59901.726411	2216494465.200	   5.247	8049
59901.726526	2216494463.800	  10.276	8049
59901.726642	2216494463.000	  12.046	8049
59901.726758	2216494461.200	   9.665	8049
59901.726874	2216494459.800	   6.867	8049
59901.726989	2216494458.400	   6.421	8049
59901.727221	2216494456.500	   5.240	8049
59901.727337	2216494454.600	   6.054	8049
59901.727452	2216494453.200	   6.509	8049
59901.727568	2216494452.100	   7.982	8049
59901.727684	2216494450.900	  12.390	8049
59901.727800	2216494449.400	   6.490	8049
59901.727915	2216494448.100	   5.641	8049
59901.728031	2216494446.600	   6.431	8049
59901.728147	2216494445.700	   9.267	8049
59901.728262	2216494444.100	   7.670	8049
59901.728378	2216494443.000	   8.220	8049
59901.728494	2216494441.000	   8.313	8049
59901.728610	2216494440.400	   5.341	8049
59901.728725	2216494439.000	   6.446	8049
59901.728841	2216494437.600	   6.104	8049
59901.728957	2216494435.900	  10.821	8049
59901.729073	2216494434.700	   8.270	8049
59901.729304	2216494432.100	   7.695	8049
59901.729420	2216494431.800	   6.437	8049
59901.729536	2216494429.400	  10.330	8049
59901.729767	2216494426.800	   8.637	8049
59901.729883	2216494425.600	   6.114	8049
59901.729999	2216494424.300	   6.272	8049
59901.730114	2216494422.400	   6.524	8049
59901.730230	2216494421.500	   6.971	8049
59901.730346	2216494420.000	  11.005	8049
59901.730462	2216494416.800	   6.570	8049
59901.730693	2216494416.600	   6.216	8049
59901.730809	2216494414.800	   6.239	8049
59901.730924	2216494413.400	  12.119	8049
59901.731040	2216494412.300	   8.807	8049
59901.731156	2216494410.900	   6.209	8049
59901.731272	2216494409.800	   6.905	8049
59901.731388	2216494408.400	   9.426	8049
59901.731619	2216494405.400	  10.775	8049
59901.731735	2216494404.600	  11.066	8049
59901.731850	2216494403.200	  16.203	8049
59901.731966	2216494401.800	   8.032	8049
59901.732082	2216494400.300	  11.401	8049
59901.732198	2216494399.300	   9.635	8049
59901.732313	2216494397.800	  10.003	8049
59901.732429	2216494396.300	   8.235	8049
59901.732545	2216494395.200	   8.921	8049
59901.732661	2216494393.600	  12.114	8049
59901.732776	2216494392.500	  11.593	8049
59901.732892	2216494391.500	  11.359	8049
59901.733008	2216494389.600	   9.863	8049
59901.733123	2216494388.200	   9.358	8049
59901.733239	2216494387.600	  14.170	8049
59901.733355	2216494385.900	  15.770	8049
59901.733471	2216494384.900	   8.060	8049
59901.733587	2216494383.200	  12.716	8049
59901.733702	2216494381.800	  12.174	8049
59901.733818	2216494380.500	  14.753	8049
59901.733934	2216494379.000	   9.754	8049
59901.734049	2216494377.900	   9.726	8049
59901.734165	2216494376.600	   9.306	8049
59901.734281	2216494375.000	  13.061	8049
59901.734397	2216494374.100	   7.141	8049
59901.734512	2216494372.900	   7.995	8049
59901.734628	2216494371.500	   7.985	8049
59901.734744	2216494370.100	   6.623	8049
59901.734860	2216494368.400	  10.834	8049
59901.734975	2216494367.300	  12.045	8049
59901.735091	2216494366.100	  14.641	8049
59901.735207	2216494365.000	   9.070	8049
59901.735323	2216494363.100	   9.456	8049
59901.735438	2216494362.400	   7.561	8049
59901.735554	2216494360.500	  12.262	8049
59901.735670	2216494359.400	  19.537	8049
59901.735786	2216494358.300	  13.819	8049
59901.735901	2216494356.600	  14.350	8049
59901.736017	2216494355.500	  16.841	8049
59901.736133	2216494354.300	   7.355	8049
59901.736249	2216494352.800	   6.807	8049
59901.736364	2216494351.400	  11.834	8049
59901.736480	2216494350.200	  12.585	8049
59901.736596	2216494348.900	  16.341	8049
59901.736711	2216494347.400	   8.727	8049
59901.736827	2216494346.100	  10.425	8049
59901.736943	2216494344.700	   7.331	8049
59901.737059	2216494343.600	  10.808	8049
59901.737175	2216494342.000	  11.639	8049
59901.737290	2216494340.900	  15.061	8049
59901.737406	2216494339.500	   9.418	8049
59901.737522	2216494338.300	  11.619	8049
59901.737637	2216494337.000	   8.120	8049
59901.737753	2216494335.400	   6.465	8049
59901.737869	2216494334.300	  11.492	8049
59901.737985	2216494333.000	   8.626	8049
59901.738100	2216494331.500	  10.214	8049
59901.738216	2216494330.200	  14.128	8049
59901.738332	2216494329.100	   9.151	8049
59901.738448	2216494327.900	  15.127	8049
59901.738563	2216494326.300	   8.079	8049
59901.738679	2216494325.100	  13.962	8049
59901.738795	2216494323.500	  10.465	8049
59901.738911	2216494322.300	  14.181	8049
59901.739026	2216494321.000	  13.063	8049
59901.739142	2216494319.900	  11.728	8049
59901.739258	2216494318.600	   7.708	8049
59901.739374	2216494317.500	   8.005	8049
59901.739489	2216494315.700	  10.879	8049
59901.739605	2216494314.600	  12.877	8049
59901.739721	2216494313.300	  19.856	8049
59901.739837	2216494311.800	  13.938	8049
59901.739952	2216494310.400	   7.225	8049
59901.740068	2216494309.200	  11.088	8049
59901.740184	2216494308.100	  10.210	8049
59901.740299	2216494306.700	  10.412	8049
59901.740415	2216494305.300	  19.526	8049
59901.740531	2216494304.300	   9.577	8049
59901.740647	2216494302.700	  14.930	8049
59901.740762	2216494301.200	  12.922	8049
59901.740878	2216494300.000	   7.575	8049
59901.740994	2216494298.700	   9.437	8049
59901.741110	2216494297.200	   9.954	8049
59901.741225	2216494296.100	  11.525	8049
59901.741341	2216494294.600	   7.257	8049
59901.741457	2216494293.500	   9.421	8049
59901.741573	2216494292.100	   9.628	8049
59901.741688	2216494290.900	  10.287	8049
59901.741688	2216494290.900	  10.264	8049
59901.741804	2216494289.200	  13.096	8049
59901.741920	2216494288.200	  17.790	8049
59901.742036	2216494286.800	   7.392	8049
59901.742151	2216494286.000	  10.461	8049
59901.742267	2216494284.100	   6.661	8049
59901.742383	2216494282.800	   8.923	8049
59901.742499	2216494281.700	   7.569	8049
59901.742614	2216494280.700	   7.898	8049
59901.742730	2216494278.900	   8.046	8049
59901.742846	2216494277.700	  11.980	8049
59901.742961	2216494276.500	  11.064	8049
59901.743077	2216494275.200	   8.376	8049
59901.743193	2216494273.500	  13.324	8049
59901.743309	2216494272.300	  13.732	8049
59901.743424	2216494271.100	  13.364	8049
59901.743540	2216494269.900	  10.372	8049
59901.743656	2216494268.500	   7.325	8049
59901.743772	2216494267.300	   8.376	8049
59901.743888	2216494266.000	   8.522	8049
59901.744003	2216494264.500	  10.043	8049
59901.744119	2216494263.000	  10.136	8049
59901.744235	2216494261.600	   8.080	8049
59901.744350	2216494260.800	  13.716	8049
59901.744466	2216494259.500	  11.110	8049
59901.744582	2216494257.900	  10.295	8049
59901.744698	2216494256.300	   7.326	8049
59901.744813	2216494255.300	   9.255	8049
59901.744929	2216494253.900	   6.621	8049
59901.745045	2216494252.800	   9.173	8049
59901.745161	2216494251.300	   8.436	8049
59901.745276	2216494249.600	   7.245	8049
59901.745392	2216494248.900	  11.751	8049
59901.745508	2216494247.200	   9.561	8049
59901.745624	2216494246.000	  11.882	8049
59901.745739	2216494244.700	  16.328	8049
59901.745855	2216494243.300	  11.291	8049
59901.745971	2216494242.300	  11.343	8049
59901.746087	2216494241.000	   7.363	8049
59901.746202	2216494239.500	  10.576	8049
59901.746318	2216494238.100	  16.612	8049
59901.746434	2216494237.100	   6.890	8049
59901.746549	2216494235.400	   8.259	8049
59901.746665	2216494234.500	  13.727	8049
59901.746781	2216494232.900	   9.763	8049
59901.746897	2216494231.800	  14.402	8049
59901.747012	2216494230.200	  13.101	8049
59901.747128	2216494229.000	   7.398	8049
59901.747244	2216494227.900	  14.310	8049
59901.747360	2216494226.600	   7.667	8049
59901.747476	2216494225.200	   7.709	8049
59901.747591	2216494223.900	  14.055	8049
59901.747707	2216494222.500	   8.542	8049
59901.747823	2216494221.400	   8.617	8049
59901.747938	2216494220.000	  11.447	8049
59901.748054	2216494218.400	   8.474	8049
59901.748170	2216494217.300	  13.500	8049
59901.748286	2216494215.800	  17.325	8049
59901.748401	2216494214.600	  14.691	8049
59901.748517	2216494213.200	  10.328	8049
59901.748633	2216494212.400	  13.370	8049
59901.748749	2216494210.600	  10.998	8049
59901.748864	2216494209.600	  13.108	8049
59901.748980	2216494208.500	  16.659	8049
59901.749096	2216494206.900	   6.777	8049
59901.749212	2216494205.200	   9.034	8049
59901.749327	2216494204.200	  24.067	8049
59901.749443	2216494203.000	  12.435	8049
59901.749559	2216494201.800	   8.510	8049
59901.749674	2216494200.100	  13.753	8049
59901.749790	2216494198.800	  11.477	8049
59901.749906	2216494197.800	  17.380	8049
59901.750022	2216494196.500	  11.580	8049
59901.750138	2216494195.100	  14.971	8049
59901.750253	2216494194.000	   7.733	8049
59901.750369	2216494192.400	   9.259	8049
59901.750485	2216494191.400	  19.974	8049
59901.750600	2216494189.700	   8.177	8049
59901.750716	2216494188.800	   6.175	8049
59901.750832	2216494187.300	   9.558	8049
59901.750948	2216494186.000	  12.136	8049
59901.751063	2216494184.300	   8.727	8049
59901.751179	2216494183.400	  10.541	8049
59901.751295	2216494182.400	  10.630	8049
59901.751411	2216494180.500	   8.359	8049
59901.751526	2216494179.400	  13.433	8049
59901.751642	2216494178.300	  11.820	8049
59901.751758	2216494176.900	   9.870	8049
59901.751874	2216494175.300	  17.964	8049
59901.751989	2216494174.100	  16.585	8049
59901.752105	2216494172.600	   5.026	8049
59901.752221	2216494171.600	   6.814	8049
59901.752336	2216494169.900	   7.580	8049
59901.752452	2216494168.700	   9.056	8049
59901.752568	2216494167.300	  14.078	8049
59901.752684	2216494166.200	   7.782	8049
59901.752800	2216494164.700	  10.195	8049
59901.752915	2216494163.500	   6.381	8049
59901.753031	2216494161.700	   7.405	8049
59901.753262	2216494159.300	   6.128	8049
59901.753378	2216494157.700	   6.295	8049
59901.753725	2216494153.800	   5.651	8049
59901.753841	2216494152.600	  10.867	8049
59901.753957	2216494151.900	   5.642	8049
59901.754073	2216494149.900	   5.795	8049
59901.754188	2216494148.600	   8.156	8049
59901.754304	2216494147.100	  13.202	8049
59901.754420	2216494145.700	  12.945	8049
59901.754536	2216494144.500	  10.704	8049
59901.754651	2216494142.600	   5.789	8049
59901.754767	2216494141.700	   7.691	8049
59901.754999	2216494139.000	   5.393	8049
59901.755114	2216494137.600	   7.269	8049
59901.755230	2216494135.700	   7.108	8049
59901.755346	2216494134.800	   7.779	8049
59901.755461	2216494133.400	   6.462	8049
59901.755577	2216494132.100	  11.633	8049
59901.755809	2216494129.300	   9.371	8049
59901.755924	2216494127.800	  11.092	8049
59901.756040	2216494126.800	   6.989	8049
59901.756156	2216494125.400	   8.546	8049
59901.756272	2216494123.700	   5.591	8049
59901.756388	2216494122.800	   5.623	8049
59901.756503	2216494120.900	   6.054	8049
59901.756619	2216494120.300	   7.237	8049
59901.756850	2216494117.200	   8.484	8049
59901.757082	2216494114.100	   7.579	8049
59901.757198	2216494113.600	   5.015	8049
59901.757313	2216494111.900	   8.913	8049
59901.757429	2216494110.900	  11.470	8049
59901.757661	2216494107.700	  11.396	8049
59901.757776	2216494106.700	   5.626	8049
59901.757892	2216494105.200	  15.138	8049
59901.758008	2216494103.800	  12.614	8049
59901.758124	2216494102.400	   7.635	8049
59901.758355	2216494100.000	   9.069	8049
59901.758471	2216494098.400	   7.288	8049
59901.758586	2216494097.100	  13.212	8049
59901.758702	2216494095.800	  12.939	8049
59901.758818	2216494094.600	   8.872	8049
59901.758934	2216494093.100	   8.472	8049
59901.759397	2216494087.500	   7.066	8049
59901.759975	2216494079.700	   6.262	8049
59901.760438	2216494075.800	   7.714	8049
59901.761017	2216494068.900	   5.224	8049
59901.761133	2216494069.500	   7.058	8049
59901.761364	2216494064.900	   6.996	8049
59901.761596	2216494062.600	   6.181	8049
59901.762059	2216494057.600	   7.093	8049
59901.762406	2216494054.100	   6.631	8049
59901.762753	2216494049.000	   8.159	8049
59901.762869	2216494048.000	   5.982	8049
59901.762985	2216494046.700	   6.648	8049
59901.763216	2216494044.100	   6.222	8049
59901.764026	2216494034.500	   6.259	8049
59901.764721	2216494026.800	   5.278	8049
59901.765300	2216494020.700	   5.503	8049
59901.765878	2216494013.500	   8.475	8049
59901.765994	2216494012.900	   9.387	8049
59901.766457	2216494008.800	   5.072	8049
59901.767499	2216493993.300	   6.307	8049
59901.768309	2216493986.700	   5.873	8049
59901.769003	2216493978.300	   5.071	8049
59901.769350	2216493974.500	   7.550	8049
59901.769582	2216493971.200	   5.195	8049
59901.769698	2216493970.400	   8.363	8049
59901.769813	2216493969.300	  18.017	8049
59901.769929	2216493968.100	   8.945	8049
59901.770045	2216493967.000	   9.317	8049
59901.770161	2216493965.900	  14.581	8049
59901.770276	2216493964.000	   9.296	8049
59901.770392	2216493962.900	  10.544	8049
59901.770508	2216493961.600	  10.351	8049
59901.770624	2216493960.300	   9.888	8049
59901.770739	2216493959.200	  12.370	8049
59901.770855	2216493957.700	  13.111	8049
59901.770971	2216493956.700	  10.314	8049
59901.771087	2216493955.400	   8.238	8049
59901.771202	2216493953.700	  10.828	8049
59901.771318	2216493952.500	  17.140	8049
59901.771434	2216493951.200	   9.193	8049
59901.771550	2216493950.100	  12.358	8049
59901.771665	2216493949.200	   8.520	8049
59901.771781	2216493947.700	   8.736	8049
59901.771897	2216493946.600	   9.253	8049
59901.772013	2216493945.200	  11.641	8049
59901.772128	2216493943.400	   7.581	8049
59901.772244	2216493942.400	  13.272	8049
59901.772360	2216493941.300	  13.668	8049
59901.772475	2216493939.800	   9.216	8049
59901.772591	2216493938.400	  11.019	8049
59901.772707	2216493937.000	  15.644	8049
59901.772823	2216493936.200	   8.416	8049
59901.772939	2216493934.700	   9.181	8049
59901.773054	2216493933.500	  13.834	8049
59901.773170	2216493932.000	  12.107	8049
59901.773286	2216493931.000	  12.771	8049
59901.773401	2216493929.600	   8.772	8049
59901.773517	2216493928.800	   8.716	8049
59901.773633	2216493927.400	  12.027	8049
59901.773633	2216493927.400	  11.892	8049
59901.773749	2216493925.900	   9.407	8049
59901.773864	2216493924.600	   7.633	8049
59901.773980	2216493923.300	  12.254	8049
59901.774096	2216493922.200	  12.173	8049
59901.774212	2216493920.500	   7.636	8049
59901.774327	2216493919.700	   6.495	8049
59901.774443	2216493918.100	   8.277	8049
59901.774559	2216493917.300	   6.408	8049
59901.774675	2216493915.500	  11.931	8049
59901.774790	2216493914.700	  11.796	8049
59901.774906	2216493913.400	  20.179	8049
59901.775022	2216493912.100	  11.003	8049
59901.775138	2216493910.700	   8.036	8049
59901.775253	2216493909.600	  10.362	8049
59901.775369	2216493908.200	  13.043	8049
59901.775485	2216493907.000	  12.670	8049
59901.775600	2216493905.600	  10.024	8049
59901.775716	2216493904.400	  10.743	8049
59901.775832	2216493903.200	  11.156	8049
59901.775948	2216493901.800	  15.747	8049
59901.776063	2216493900.600	  11.218	8049
59901.776179	2216493899.400	   9.147	8049
59901.776295	2216493898.200	   8.423	8049
59901.776411	2216493897.000	   9.220	8049
59901.776527	2216493895.900	  10.878	8049
59901.776642	2216493894.600	   9.971	8049
59901.776758	2216493893.000	  16.109	8049
59901.776874	2216493891.900	   9.668	8049
59901.776989	2216493890.400	   9.194	8049
59901.777105	2216493889.000	   9.002	8049
59901.777221	2216493887.700	  13.036	8049
59901.777337	2216493886.500	   8.016	8049
59901.777452	2216493884.900	   7.513	8049
59901.777568	2216493883.800	  10.227	8049
59901.777684	2216493882.400	  11.646	8049
59901.777800	2216493881.400	  14.031	8049
59901.777915	2216493879.700	  13.718	8049
59901.778031	2216493878.500	  11.462	8049
59901.778147	2216493877.000	  10.828	8049
59901.778263	2216493875.900	  12.114	8049
59901.778378	2216493874.400	   9.933	8049
59901.778494	2216493873.300	  11.835	8049
59901.778610	2216493871.700	   9.385	8049
59901.778725	2216493870.500	  11.004	8049
59901.778841	2216493868.900	   6.787	8049
59901.778957	2216493867.500	  15.387	8049
59901.779073	2216493866.400	  10.353	8049
59901.779188	2216493865.000	   9.131	8049
59901.779304	2216493863.800	   7.380	8049
59901.779420	2216493862.200	  19.651	8049
59901.779536	2216493861.200	  14.276	8049
59901.779651	2216493860.000	  13.724	8049
59901.779767	2216493858.500	  14.906	8049
59901.779883	2216493857.200	  10.570	8049
59901.779999	2216493855.800	  11.298	8049
59901.780114	2216493854.200	   7.725	8049
59901.780230	2216493852.900	  13.056	8049
59901.780346	2216493852.000	   8.227	8049
59901.780462	2216493851.000	   5.895	8049
59901.780577	2216493849.000	  11.940	8049
59901.780693	2216493847.900	  13.219	8049
59901.780809	2216493846.700	  14.329	8049
59901.780924	2216493845.400	   9.188	8049
59901.781040	2216493844.200	  10.663	8049
59901.781156	2216493842.800	   9.665	8049
59901.781272	2216493841.300	   6.692	8049
59901.781387	2216493840.000	  10.636	8049
59901.781503	2216493838.900	   7.905	8049
59901.781619	2216493837.800	   7.170	8049
59901.781735	2216493836.000	  12.019	8049
59901.781851	2216493834.600	  12.664	8049
59901.781966	2216493833.500	  14.499	8049
59901.782082	2216493832.600	   8.175	8049
59901.782198	2216493831.000	  10.947	8049
59901.782313	2216493830.100	   7.758	8049
59901.783239	2216493822.700	   6.688	8049
59901.783471	2216493816.500	   6.743	8049
59901.784744	2216493803.000	   5.810	8049
59901.784860	2216493801.600	   5.309	8049
59901.784975	2216493799.300	   5.850	8049
59901.785554	2216493793.500	   6.167	8049
59901.785786	2216493790.800	   6.511	8049
59901.785901	2216493789.300	   7.306	8049
59901.786480	2216493783.700	   5.641	8049
59901.786712	2216493780.700	  10.182	8049
59901.786712	2216493780.700	  10.151	8049
59901.786827	2216493781.300	   7.323	8049
59901.786943	2216493775.100	   5.039	8049
59901.787753	2216493767.600	  10.015	8049
59901.787985	2216493765.000	   6.652	8049
59901.788332	2216493762.900	   6.385	8049
59901.788679	2216493757.600	   5.155	8049
59901.788795	2216493756.800	   6.422	8049
59901.788911	2216493756.900	   5.561	8049
59901.789258	2216493752.600	   5.628	8049
59901.789836	2216493747.800	   5.887	8049
59901.790647	2216493740.700	   5.148	8049
59901.790878	2216493735.800	   5.266	8049
59901.792267	2216493721.000	   6.552	8049
59901.792499	2216493718.300	   9.631	8049
59901.792846	2216493714.200	   6.865	8049
59901.793309	2216493709.900	   5.876	8049
59901.793656	2216493706.500	   5.997	8049
59901.794582	2216493698.400	   6.264	8049
59901.794929	2216493696.500	   7.771	8049
59901.795392	2216493688.000	   5.637	8049
59901.796087	2216493680.500	   9.371	8049
59901.796202	2216493679.800	   9.818	8049
59901.796318	2216493678.600	  13.818	8049
59901.796434	2216493677.600	  10.850	8049
59901.796550	2216493676.200	   6.179	8049
59901.796665	2216493675.000	  13.280	8049
59901.796781	2216493673.500	  12.424	8049
59901.796897	2216493672.200	   8.961	8049
59901.797012	2216493671.100	   7.117	8049
59901.797128	2216493669.700	  12.572	8049
59901.797244	2216493668.700	   6.861	8049
59901.797360	2216493666.800	  11.008	8049
59901.797475	2216493665.500	  11.145	8049
59901.797591	2216493664.200	  12.566	8049
59901.797707	2216493663.100	  15.117	8049
59901.797823	2216493662.300	   7.986	8049
59901.797938	2216493660.800	   9.580	8049
59901.798054	2216493659.200	   6.547	8049
59901.798170	2216493658.000	  12.166	8049
59901.798286	2216493656.900	   7.326	8049
59901.798402	2216493655.700	  12.426	8049
59901.798517	2216493654.300	   5.758	8049
59901.798633	2216493653.200	  10.331	8049
59901.798749	2216493652.000	   9.414	8049
59901.798864	2216493650.400	  18.782	8049
59901.798980	2216493649.200	  12.339	8049
59901.799096	2216493648.000	   7.297	8049
59901.799212	2216493646.700	   9.792	8049
59901.799327	2216493645.300	  11.232	8049
59901.799443	2216493644.200	   9.657	8049
59901.799559	2216493642.900	   9.187	8049
59901.799674	2216493641.500	  13.925	8049
59901.799790	2216493640.300	   9.174	8049
59901.799906	2216493638.800	  10.407	8049
59901.800022	2216493637.700	  10.546	8049
59901.800137	2216493636.300	  11.149	8049
59901.800253	2216493635.300	  11.152	8049
59901.800369	2216493633.900	   8.670	8049
59901.800485	2216493633.100	   9.212	8049
59901.800600	2216493631.400	  13.147	8049
59901.800716	2216493630.100	  15.450	8049
59901.800832	2216493629.100	   7.041	8049
59901.800948	2216493627.700	  10.507	8049
59901.801063	2216493626.400	  12.467	8049
59901.801179	2216493625.500	  13.926	8049
59901.801295	2216493624.100	   5.982	8049
59901.801411	2216493623.200	  10.019	8049
59901.801526	2216493621.200	   8.386	8049
59901.801642	2216493620.400	  10.804	8049
59901.801758	2216493618.800	  12.504	8049
59901.801874	2216493617.700	   6.943	8049
59901.801989	2216493616.400	   8.157	8049
59901.802105	2216493615.300	  12.634	8049
59901.802221	2216493613.900	  18.161	8049
59901.802221	2216493613.900	  18.154	8049
59901.802336	2216493612.600	   8.083	8049
59901.802452	2216493611.600	   6.677	8049
59901.802568	2216493610.500	   8.541	8049
59901.802684	2216493609.200	  11.546	8049
59901.802799	2216493607.800	  15.888	8049
59901.802915	2216493606.600	  15.076	8049
59901.803031	2216493605.600	  12.841	8049
59901.803147	2216493604.100	   9.901	8049
59901.803262	2216493603.200	  15.486	8049
59901.803378	2216493601.600	  15.322	8049
59901.803494	2216493600.400	  12.866	8049
59901.803610	2216493599.300	   9.196	8049
59901.803725	2216493597.900	  13.983	8049
59901.803841	2216493596.900	   9.220	8049
59901.803957	2216493595.600	  17.317	8049
59901.804073	2216493594.100	  10.645	8049
59901.804188	2216493593.000	  13.669	8049
59901.804304	2216493591.800	  10.881	8049
59901.804420	2216493590.600	  17.580	8049
59901.804536	2216493589.600	  17.430	8049
59901.804651	2216493587.900	  11.206	8049
59901.804767	2216493587.000	   8.079	8049
59901.804883	2216493585.500	   7.752	8049
59901.804998	2216493584.800	   7.057	8049
59901.805114	2216493583.400	  12.539	8049
59901.805230	2216493582.200	  13.526	8049
59901.805346	2216493581.000	  15.580	8049
59901.805462	2216493579.700	  12.025	8049
59901.805577	2216493578.500	  10.243	8049
59901.805693	2216493577.000	  10.458	8049
59901.805809	2216493575.900	   8.138	8049
59901.805924	2216493575.100	   6.601	8049
59901.806040	2216493573.500	  12.617	8049
59901.806156	2216493572.500	   9.056	8049
59901.806272	2216493571.300	  10.528	8049
59901.806387	2216493570.400	  11.718	8049
59901.806503	2216493569.000	   7.081	8049
59901.806619	2216493567.700	   9.104	8049
59901.806735	2216493566.700	   8.506	8049
59901.806850	2216493565.400	  20.171	8049
59901.806966	2216493563.800	  12.857	8049
59901.807082	2216493562.900	  16.405	8049
59901.807198	2216493562.000	  10.254	8049
59901.807313	2216493560.600	  10.069	8049
59901.807429	2216493559.300	  18.512	8049
59901.807545	2216493558.300	  10.587	8049
59901.807661	2216493556.900	  11.350	8049
59901.807776	2216493555.800	  12.984	8049
59901.807892	2216493554.900	   7.597	8049
59901.808008	2216493553.400	  13.176	8049
59901.808124	2216493552.400	  12.047	8049
59901.808239	2216493550.900	   9.911	8049
59901.808355	2216493550.100	   7.698	8049
59901.808471	2216493549.000	   6.973	8049
59901.808587	2216493547.600	  13.502	8049
59901.808702	2216493546.100	  12.302	8049
59901.808818	2216493545.200	  10.462	8049
59901.808934	2216493544.100	  16.295	8049
59901.809050	2216493543.000	  12.075	8049
59901.809165	2216493541.500	  14.657	8049
59901.809281	2216493540.600	  11.577	8049
59901.809397	2216493539.200	  10.823	8049
59901.809512	2216493538.200	   9.883	8049
59901.809628	2216493537.000	   8.409	8049
59901.809744	2216493536.100	   6.536	8049
59901.809860	2216493535.000	  13.586	8049
59901.809975	2216493533.400	  13.321	8049
59901.810091	2216493532.500	  10.477	8049
59901.810207	2216493531.300	  12.794	8049
59901.810323	2216493530.200	   9.977	8049
59901.810438	2216493528.800	  14.767	8049
59901.810554	2216493527.800	  12.932	8049
59901.810670	2216493526.400	  10.742	8049
59901.810786	2216493525.400	  14.002	8049
59901.810901	2216493524.200	  18.380	8049
59901.811017	2216493523.200	  12.093	8049
59901.811133	2216493521.700	   7.733	8049
59901.811249	2216493520.800	  21.292	8049
59901.811364	2216493519.600	   9.111	8049
59901.811480	2216493518.900	  13.450	8049
59901.811596	2216493517.300	   6.896	8049
59901.811712	2216493516.500	  10.442	8049
59901.811827	2216493515.100	  17.705	8049
59901.811943	2216493513.900	   8.237	8049
59901.812059	2216493512.900	  11.288	8049
59901.812175	2216493511.900	  10.495	8049
59901.812290	2216493510.400	  10.080	8049
59901.812406	2216493509.400	  13.002	8049
59901.812522	2216493508.300	   8.680	8049
59901.812637	2216493507.100	   8.259	8049
59901.812753	2216493506.100	  15.993	8049
59901.812869	2216493504.900	   9.987	8049
59901.812985	2216493503.900	  11.935	8049
59901.813100	2216493502.600	  10.697	8049
59901.813216	2216493501.700	   8.927	8049
59901.813332	2216493500.600	  11.696	8049
59901.813448	2216493499.100	  12.767	8049
59901.813563	2216493497.900	  14.319	8049
59901.813679	2216493497.200	  11.078	8049
59901.813795	2216493495.900	  19.860	8049
59901.813911	2216493494.800	  11.951	8049
59901.814026	2216493493.900	  13.064	8049
59901.814142	2216493492.300	  10.304	8049
59901.814258	2216493491.100	  13.219	8049
59901.814374	2216493490.000	  11.023	8049
59901.814489	2216493488.900	   9.911	8049
59901.814605	2216493487.600	  19.645	8049
59901.814721	2216493486.300	  11.368	8049
59901.814837	2216493485.200	  13.123	8049
59901.814952	2216493484.000	   8.272	8049
59901.815068	2216493482.900	  10.766	8049
59901.815184	2216493481.600	   7.861	8049
59901.815299	2216493480.100	  13.315	8049
59901.815415	2216493479.300	  10.003	8049
59901.815531	2216493477.800	  14.287	8049
59901.815647	2216493476.600	  16.536	8049
59901.815763	2216493475.400	  11.105	8049
59901.815878	2216493474.000	  14.075	8049
59901.815994	2216493473.300	   7.893	8049
59901.816110	2216493472.600	  13.463	8049
59901.816225	2216493471.500	  16.853	8049
59901.816341	2216493470.400	  10.592	8049
59901.816457	2216493469.100	   9.380	8049
59901.816573	2216493468.100	  10.303	8049
59901.816688	2216493467.200	  17.733	8049
59901.816804	2216493465.600	  11.559	8049
59901.816920	2216493464.600	  12.555	8049
59901.817036	2216493463.400	  12.583	8049
59901.817151	2216493462.400	   9.904	8049
59901.817267	2216493461.200	  11.006	8049
59901.817383	2216493459.800	  17.602	8049
59901.817499	2216493458.900	  20.018	8049
59901.817614	2216493458.000	   7.774	8049
59901.817730	2216493456.400	  12.196	8049
59901.817846	2216493455.400	  10.093	8049
59901.817962	2216493454.300	   9.425	8049
59901.818077	2216493453.100	   6.893	8049
59901.818193	2216493452.100	   9.063	8049
59901.818309	2216493450.500	  13.413	8049
59901.818425	2216493449.800	  10.658	8049
59901.818540	2216493448.200	   9.493	8049
59901.818656	2216493447.100	  12.997	8049
59901.818772	2216493445.900	  10.030	8049
59901.818887	2216493444.700	  15.559	8049
59901.819003	2216493443.700	  16.876	8049
59901.819119	2216493442.400	   7.543	8049
59901.819235	2216493441.400	  17.123	8049
59901.819350	2216493440.000	  12.103	8049
59901.819466	2216493438.800	  11.890	8049
59901.819582	2216493437.700	   8.637	8049
59901.819698	2216493436.600	  13.239	8049
59901.819813	2216493435.600	  13.429	8049
59901.819929	2216493434.600	  15.329	8049
59901.820045	2216493433.000	  11.394	8049
59901.820161	2216493431.900	  11.413	8049
59901.820276	2216493430.400	   9.575	8049
59901.820392	2216493429.600	  13.583	8049
59901.820508	2216493428.100	  10.443	8049
59901.820624	2216493427.300	  15.265	8049
59901.820739	2216493425.900	   9.669	8049
59901.820855	2216493424.700	  13.576	8049
59901.820971	2216493423.700	  13.493	8049
59901.821087	2216493422.200	  14.917	8049
59901.821202	2216493421.100	  10.220	8049
59901.821318	2216493420.100	  21.836	8049
59901.821434	2216493418.800	   7.900	8049
59901.821550	2216493417.600	  10.195	8049
59901.821665	2216493416.500	  10.619	8049
59901.821781	2216493415.600	   9.518	8049
59901.821897	2216493414.100	   9.674	8049
59901.822013	2216493412.900	   8.985	8049
59901.822128	2216493411.500	   9.113	8049
59901.822244	2216493410.300	  14.296	8049
59901.822360	2216493409.200	  10.786	8049
59901.822475	2216493408.000	  10.957	8049
59901.822591	2216493406.900	  16.793	8049
59901.822707	2216493405.700	  16.299	8049
59901.822823	2216493404.600	  15.273	8049
59901.822938	2216493403.300	  14.821	8049
59901.822938	2216493403.300	  14.821	8049
59901.823054	2216493402.400	   8.186	8049
59901.823170	2216493401.200	  10.284	8049
59901.823286	2216493399.700	   9.616	8049
59901.823401	2216493398.700	  12.035	8049
59901.823517	2216493397.200	  12.270	8049
59901.823633	2216493396.100	  10.636	8049
59901.823749	2216493395.400	  11.229	8049
59901.823864	2216493394.000	  12.692	8049
59901.823980	2216493393.000	  23.618	8049
59901.824096	2216493392.200	  13.524	8049
59901.824211	2216493390.900	   9.700	8049
59901.824327	2216493389.800	  11.529	8049
59901.824443	2216493388.800	  14.370	8049
59901.824559	2216493387.600	  11.764	8049
59901.824675	2216493386.800	  12.497	8049
59901.824790	2216493385.500	  26.757	8049
59901.824906	2216493384.600	  13.799	8049
59901.825022	2216493383.500	  22.534	8049
59901.825137	2216493382.200	   8.949	8049
59901.825253	2216493381.200	  11.063	8049
59901.825369	2216493380.300	   9.738	8049
59901.825485	2216493379.200	   9.836	8049
59901.825601	2216493378.200	   8.452	8049
59901.825716	2216493377.300	  10.846	8049
59901.825832	2216493375.800	  17.116	8049
59901.825948	2216493375.000	  10.514	8049
59901.826063	2216493374.000	  13.690	8049
59901.826179	2216493372.600	  12.347	8049
59901.826295	2216493371.700	   9.518	8049
59901.826411	2216493370.800	   8.079	8049
59901.826526	2216493369.800	  10.366	8049
59901.826642	2216493368.400	  11.902	8049
59901.826758	2216493367.400	   8.838	8049
59901.826874	2216493366.400	  11.934	8049
59901.826989	2216493365.200	   9.100	8049
59901.827105	2216493364.100	  11.145	8049
59901.827221	2216493363.400	   9.807	8049
59901.827337	2216493362.000	  17.360	8049
59901.827452	2216493360.900	   6.631	8049
59901.827568	2216493359.800	  12.133	8049
59901.827684	2216493358.900	   9.022	8049
59901.827799	2216493357.700	   8.133	8049
59901.827915	2216493356.600	  15.236	8049
59901.828031	2216493355.800	  12.503	8049
59901.828147	2216493354.600	  14.603	8049
59901.828262	2216493353.600	  11.923	8049
59901.828378	2216493352.600	  10.066	8049
59901.828494	2216493351.100	   8.606	8049
59901.828610	2216493350.200	  12.981	8049
59901.828725	2216493349.000	  12.070	8049
59901.828841	2216493348.000	  14.336	8049
59901.828957	2216493346.800	  12.819	8049
59901.829073	2216493345.700	   8.258	8049
59901.829188	2216493345.200	   8.922	8049
59901.829304	2216493343.500	  11.210	8049
59901.829420	2216493342.800	  17.150	8049
59901.829536	2216493341.700	  10.651	8049
59901.829651	2216493340.300	   9.055	8049
59901.829767	2216493339.200	  11.042	8049
59901.829883	2216493337.900	   7.884	8049
59901.829999	2216493337.200	  18.542	8049
59901.830114	2216493336.100	  12.374	8049
59901.830230	2216493334.900	   9.324	8049
59901.830346	2216493333.800	   9.866	8049
59901.830462	2216493332.600	   6.966	8049
59901.830577	2216493331.800	  11.941	8049
59901.830693	2216493330.500	   9.840	8049
59901.830809	2216493329.400	   9.302	8049
59901.830809	2216493329.400	   9.302	8049
59901.830924	2216493328.200	  10.841	8049
59901.831040	2216493327.300	  13.554	8049
59901.831156	2216493326.200	  10.923	8049
59901.831272	2216493325.100	  13.125	8049
59901.831387	2216493324.200	  10.372	8049
59901.831503	2216493323.000	  11.743	8049
59901.831619	2216493321.700	  16.157	8049
59901.831735	2216493320.700	   7.275	8049
59901.831850	2216493319.600	  17.360	8049
59901.831966	2216493318.700	  10.394	8049
59901.832082	2216493317.500	  12.237	8049
59901.832198	2216493316.500	  11.113	8049
59901.832313	2216493315.000	   9.638	8049
59901.832429	2216493314.000	  22.730	8049
59901.832545	2216493313.300	   8.736	8049
59901.832661	2216493311.900	  11.064	8049
59901.832776	2216493311.000	   9.698	8049
59901.832892	2216493309.500	   7.993	8049
59901.833008	2216493308.600	  20.316	8049
59901.833124	2216493307.400	   8.251	8049
59901.833239	2216493306.000	  11.799	8049
59901.833355	2216493305.300	  16.669	8049
59901.833471	2216493304.000	  10.353	8049
59901.833587	2216493303.100	   8.482	8049
59901.833702	2216493301.800	  15.278	8049
59901.833818	2216493300.900	   9.173	8049
59901.833934	2216493299.900	   8.374	8049
59901.834049	2216493298.500	   9.263	8049
59901.834165	2216493297.100	  11.276	8049
59901.834281	2216493296.100	   7.402	8049
59901.834397	2216493295.300	  11.073	8049
59901.834513	2216493293.900	   7.960	8049
59901.834628	2216493292.800	   6.137	8049
59901.834744	2216493292.100	  11.897	8049
59901.834860	2216493290.600	  16.764	8049
59901.834975	2216493289.700	  13.489	8049
59901.835091	2216493288.400	  10.169	8049
59901.835207	2216493287.100	  13.240	8049
59901.835323	2216493286.200	  26.134	8049
59901.835438	2216493285.300	   9.705	8049
59901.835554	2216493283.900	   6.202	8049
59901.835670	2216493282.900	   7.136	8049
59901.835786	2216493281.600	   7.134	8049
59901.835901	2216493280.800	   9.546	8049
59901.836017	2216493279.600	   8.482	8049
59901.836133	2216493278.400	   7.694	8049
59901.836249	2216493277.200	  12.626	8049
59901.836364	2216493276.100	  17.520	8049
59901.836480	2216493275.200	  11.668	8049
59901.836596	2216493274.000	   8.329	8049
59901.836712	2216493272.700	  11.667	8049
59901.836827	2216493271.400	   6.546	8049
59901.836943	2216493270.300	  11.775	8049
59901.837059	2216493269.400	  11.542	8049
59901.837175	2216493268.300	   6.434	8049
59901.837290	2216493267.500	   9.986	8049
59901.837406	2216493266.300	   6.353	8049
59901.837522	2216493265.600	   9.880	8049
59901.837637	2216493264.700	   9.467	8049
59901.837753	2216493263.300	   6.828	8049
59901.837869	2216493262.700	   5.672	8049
59901.837985	2216493261.600	   7.316	8049
59901.838100	2216493260.700	   6.132	8049
59901.838216	2216493259.400	   8.462	8049
59901.838332	2216493258.600	   6.585	8049
59901.838563	2216493256.300	   6.224	8049
59901.838679	2216493255.600	   6.791	8049
59901.838911	2216493253.700	   6.629	8049
59901.839026	2216493252.800	   8.280	8049
59901.839142	2216493251.600	  18.724	8049
59901.839258	2216493250.900	   7.375	8049
59901.839374	2216493249.700	   7.813	8049
59901.839489	2216493248.700	   9.278	8049
59901.839605	2216493247.800	  11.245	8049
59901.839721	2216493246.900	   7.996	8049
59901.839837	2216493245.600	  10.209	8049
59901.839952	2216493244.700	  13.094	8049
59901.840068	2216493243.500	  12.001	8049
59901.840184	2216493242.800	  12.306	8049
59901.840299	2216493241.600	  11.819	8049
59901.840415	2216493240.300	   7.496	8049
59901.840531	2216493239.700	  13.117	8049
59901.840647	2216493238.400	   7.673	8049
59901.840763	2216493237.600	  18.902	8049
59901.840878	2216493236.400	   8.472	8049
59901.840994	2216493235.800	  10.499	8049
59901.841110	2216493234.500	  11.063	8049
59901.841225	2216493233.800	  12.571	8049
59901.841341	2216493232.800	   8.123	8049
59901.841457	2216493231.700	  12.495	8049
59901.841573	2216493230.400	  15.471	8049
59901.841689	2216493229.500	  10.468	8049
59901.841804	2216493228.600	  14.092	8049
59901.841920	2216493227.500	   6.453	8049
59901.842036	2216493226.600	  16.530	8049
59901.842151	2216493225.600	  10.999	8049
59901.842267	2216493224.400	   8.284	8049
59901.842383	2216493223.800	  12.242	8049
59901.842499	2216493222.700	  10.915	8049
59901.842614	2216493221.200	   8.311	8049
59901.842730	2216493220.400	  10.562	8049
59901.842846	2216493219.200	   9.547	8049
59901.842962	2216493218.600	  11.684	8049
59901.843077	2216493217.500	  14.172	8049
59901.843193	2216493216.400	   7.605	8049
59901.843309	2216493215.300	   8.561	8049
59901.843425	2216493214.600	   7.711	8049
59901.843540	2216493213.300	  11.892	8049
59901.843656	2216493212.600	   7.980	8049
59901.843772	2216493211.400	   7.761	8049
59901.843887	2216493210.500	  10.924	8049
59901.844003	2216493209.500	  15.514	8049
59901.844119	2216493208.400	  10.969	8049
59901.844235	2216493207.400	  10.755	8049
59901.844350	2216493206.200	   9.721	8049
59901.844466	2216493205.300	  15.828	8049
59901.844582	2216493204.400	   7.815	8049
59901.844698	2216493203.600	  11.777	8049
59901.844813	2216493202.300	   9.836	8049
59901.844929	2216493200.900	  19.465	8049
59901.845045	2216493200.100	   8.744	8049
59901.845161	2216493199.100	   9.650	8049
59901.845276	2216493198.200	  14.755	8049
59901.845392	2216493197.100	  16.698	8049
59901.845508	2216493195.800	   9.930	8049
59901.845624	2216493195.000	  10.097	8049
59901.845739	2216493193.900	  16.602	8049
59901.845855	2216493193.100	  13.817	8049
59901.845971	2216493192.000	  16.742	8049
59901.846087	2216493191.200	   5.861	8049
59901.846202	2216493189.900	  15.219	8049
59901.846318	2216493188.900	  17.573	8049
59901.846434	2216493188.200	  12.997	8049
59901.846549	2216493187.000	  11.889	8049
59901.846665	2216493185.900	   8.322	8049
59901.846781	2216493184.800	  13.525	8049
59901.846897	2216493183.900	  16.111	8049
59901.847013	2216493182.800	  15.452	8049
59901.847128	2216493181.600	  10.163	8049
59901.847244	2216493180.600	   8.019	8049
59901.847360	2216493179.800	  11.212	8049
59901.847475	2216493178.700	  14.769	8049
59901.847591	2216493177.600	  11.791	8049
59901.847707	2216493176.400	  10.502	8049
59901.847823	2216493175.600	  13.229	8049
59901.847938	2216493174.600	   9.612	8049
59901.848054	2216493173.400	  17.115	8049
59901.848170	2216493172.700	  20.385	8049
59901.848286	2216493171.600	  12.443	8049
59901.848401	2216493170.500	  11.378	8049
59901.848517	2216493169.600	   9.102	8049
59901.848633	2216493168.500	   8.974	8049
59901.848749	2216493167.300	   7.664	8049
59901.848864	2216493166.500	  14.381	8049
59901.848980	2216493165.400	   9.189	8049
59901.849096	2216493164.100	  14.547	8049
59901.849211	2216493163.300	  12.269	8049
59901.849327	2216493162.100	   9.422	8049
59901.849443	2216493160.900	   9.121	8049
59901.849559	2216493160.300	   9.989	8049
59901.849675	2216493159.000	  17.033	8049
59901.849790	2216493157.800	  12.251	8049
59901.849906	2216493156.600	  13.375	8049
59901.850022	2216493156.000	  10.693	8049
59901.850137	2216493154.800	   7.708	8049
59901.850369	2216493152.600	   5.093	8049
59901.850948	2216493148.000	   5.122	8049
59901.851411	2216493144.200	   9.297	8049
59901.852799	2216493136.500	   5.580	8049
59901.853031	2216493131.200	   6.307	8049
59901.855346	2216493114.500	   5.703	8049
59901.855925	2216493108.500	   8.406	8049
59901.856156	2216493106.600	   6.217	8049
59901.856503	2216493103.800	   8.829	8049
59901.856619	2216493102.500	   5.774	8049
59901.857082	2216493099.300	   6.134	8049
59901.857314	2216493097.300	   5.850	8049
59901.857429	2216493096.100	   9.147	8049
59901.857661	2216493094.300	  12.554	8049
59901.857776	2216493093.400	   9.174	8049
59901.857892	2216493092.500	  16.063	8049
59901.858008	2216493091.400	  23.478	8049
59901.858124	2216493090.600	  19.717	8049
59901.858239	2216493089.500	  19.511	8049
59901.858355	2216493089.100	  13.734	8049
59901.858471	2216493088.200	   9.041	8049
59901.858587	2216493087.200	  16.220	8049
59901.858702	2216493086.500	  12.423	8049
59901.858818	2216493085.200	  15.084	8049
59901.858934	2216493084.300	  22.813	8049
59901.859049	2216493083.500	   7.664	8049
59901.859165	2216493082.700	   8.570	8049
59901.859281	2216493081.600	  12.883	8049
59901.859397	2216493080.600	  29.592	8049
59901.859397	2216493080.600	  29.591	8049
59901.859513	2216493079.600	  15.899	8049
59901.859628	2216493078.900	   6.579	8049
59901.859744	2216493078.000	  14.214	8049
59901.859860	2216493076.500	  10.596	8049
59901.859975	2216493076.200	  14.173	8049
59901.860091	2216493075.200	  19.522	8049
59901.860207	2216493074.100	  10.483	8049
59901.860323	2216493073.000	  10.658	8049
59901.860438	2216493072.500	   9.614	8049
59901.860554	2216493071.200	  12.939	8049
59901.860670	2216493070.400	  13.081	8049
59901.860786	2216493069.500	  10.352	8049
59901.860901	2216493068.400	  10.704	8049
59901.861017	2216493067.900	  11.280	8049
59901.861133	2216493067.100	   8.860	8049
59901.861249	2216493065.800	   9.061	8049
59901.861364	2216493064.800	  15.430	8049
59901.861480	2216493063.900	  11.236	8049
59901.861596	2216493063.400	   6.509	8049
59901.861712	2216493062.100	   9.163	8049
59901.861827	2216493061.100	  14.706	8049
59901.861943	2216493060.200	  13.533	8049
59901.862059	2216493059.000	  11.911	8049
59901.862174	2216493058.400	   9.088	8049
59901.862290	2216493057.700	   8.549	8049
59901.862406	2216493056.500	   6.911	8049
59901.862522	2216493055.500	   8.319	8049
59901.862637	2216493054.400	  13.459	8049
59901.862753	2216493053.600	  13.195	8049
59901.862869	2216493052.300	  16.987	8049
59901.862985	2216493051.900	   7.527	8049
59901.863100	2216493050.500	  15.969	8049
59901.863216	2216493049.700	  12.179	8049
59901.863332	2216493048.900	  20.041	8049
59901.863448	2216493047.600	   6.298	8049
59901.863563	2216493047.100	  17.931	8049
59901.863679	2216493046.100	  10.307	8049
59901.863795	2216493045.100	  16.039	8049
59901.863911	2216493043.900	  16.548	8049
59901.864026	2216493043.100	  15.230	8049
59901.864142	2216493042.300	  22.112	8049
59901.864258	2216493041.500	   9.972	8049
59901.864374	2216493040.600	  19.534	8049
59901.864489	2216493039.400	  11.022	8049
59901.864605	2216493038.600	  12.503	8049
59901.864721	2216493037.400	  10.101	8049
59901.864837	2216493036.300	   8.134	8049
59901.864952	2216493035.700	   8.698	8049
59901.865068	2216493034.700	  15.904	8049
59901.865184	2216493034.000	  16.622	8049
59901.865299	2216493032.900	  22.259	8049
59901.865415	2216493032.100	  10.895	8049
59901.865531	2216493031.200	   5.618	8049
59901.865763	2216493029.900	   6.804	8049
59901.865878	2216493028.900	  13.286	8049
59901.865994	2216493028.100	  11.539	8049
59901.866110	2216493027.200	  12.119	8049
59901.866225	2216493026.300	  13.964	8049
59901.866341	2216493025.600	  21.568	8049
59901.866457	2216493024.900	  16.818	8049
59901.866573	2216493024.000	  13.724	8049
59901.866688	2216493023.300	  12.008	8049
59901.866804	2216493022.200	  13.101	8049
59901.866920	2216493021.700	  10.314	8049
59901.867036	2216493020.800	  17.678	8049
59901.867151	2216493019.800	   9.755	8049
59901.867267	2216493019.200	   6.568	8049
59901.867383	2216493018.500	   9.084	8049
59901.867499	2216493017.400	   8.642	8049
59901.867614	2216493016.700	  10.681	8049
59901.867730	2216493015.900	   6.749	8049
59901.867846	2216493015.100	   5.622	8049
59901.867962	2216493014.400	  10.880	8049
59901.868077	2216493013.400	  13.128	8049
59901.868193	2216493012.600	  13.003	8049
59901.868309	2216493011.900	   9.369	8049
59901.868424	2216493011.000	  10.911	8049
59901.868540	2216493010.100	   7.978	8049
59901.868656	2216493009.400	  13.790	8049
59901.868772	2216493008.600	  17.074	8049
59901.868888	2216493007.800	  15.491	8049
59901.869003	2216493006.800	  16.928	8049
59901.869119	2216493005.800	   8.495	8049
59901.869235	2216493005.300	  16.761	8049
59901.869350	2216493004.500	  10.344	8049
59901.869466	2216493003.700	  12.363	8049
59901.869582	2216493002.600	  13.260	8049
59901.869698	2216493001.800	   7.622	8049
59901.869813	2216493001.000	   9.843	8049
59901.869929	2216493000.300	   8.259	8049
59901.870045	2216492999.700	  13.243	8049
59901.870161	2216492998.600	  14.437	8049
59901.870276	2216492998.000	   7.191	8049
59901.870392	2216492996.900	  12.443	8049
59901.870508	2216492995.900	  10.639	8049
59901.870623	2216492995.200	   8.475	8049
59901.870739	2216492994.700	  15.570	8049
59901.870855	2216492993.900	  17.547	8049
59901.870971	2216492993.000	  10.607	8049
59901.871086	2216492992.000	  15.532	8049
59901.871202	2216492991.400	   8.699	8049
59901.871318	2216492990.700	  12.692	8049
59901.871434	2216492989.900	  10.455	8049
59901.871550	2216492988.900	  12.947	8049
59901.871665	2216492988.000	  10.314	8049
59901.871781	2216492987.200	   8.467	8049
59901.871897	2216492986.200	  14.395	8049
59901.872012	2216492986.200	   5.422	8049
59901.872128	2216492984.900	  13.307	8049
59901.872244	2216492984.000	  14.277	8049
59901.872360	2216492983.200	   9.323	8049
59901.872475	2216492982.200	  12.633	8049
59901.872475	2216492982.200	  12.644	8049
59901.872823	2216492979.800	  11.466	8049
59901.872939	2216492979.000	  10.739	8049
59901.873054	2216492978.000	   9.020	8049
59901.873170	2216492977.300	   7.332	8049
59901.873286	2216492976.800	  15.456	8049
59901.873401	2216492975.700	   7.106	8049
59901.873517	2216492974.800	   9.071	8049
59901.873633	2216492974.200	  13.906	8049
59901.873748	2216492973.400	   8.106	8049
59901.873864	2216492972.800	   7.884	8049
59901.874096	2216492970.600	  10.380	8049
59901.874212	2216492969.900	   7.774	8049
59901.874327	2216492969.200	  17.040	8049
59901.874443	2216492968.100	   8.448	8049
59901.874559	2216492967.200	  10.182	8049
59901.874675	2216492967.100	  10.899	8049
59901.874790	2216492965.800	  10.248	8049
59901.874906	2216492964.900	   6.682	8049
59901.875022	2216492964.400	   8.819	8049
59901.875137	2216492963.400	  11.844	8049
59901.875253	2216492962.400	   9.535	8049
59901.875369	2216492961.800	   8.484	8049
59901.875600	2216492960.500	   5.926	8049
59901.875716	2216492959.200	  13.214	8049
59901.875832	2216492958.600	   9.331	8049
59901.875948	2216492957.500	   9.817	8049
59901.876063	2216492956.700	  11.098	8049
59901.876179	2216492956.000	  10.015	8049
59901.876295	2216492955.300	  11.564	8049
59901.876411	2216492954.500	  10.148	8049
59901.876526	2216492953.400	  12.285	8049
59901.876642	2216492952.500	  13.464	8049
59901.876758	2216492952.000	   6.938	8049
59901.876989	2216492950.200	   5.771	8049
59901.877105	2216492949.300	   8.137	8049
59901.877221	2216492948.400	   5.443	8049
59901.877337	2216492947.600	  11.526	8049
59901.877452	2216492946.800	   9.871	8049
59901.877568	2216492946.000	  11.003	8049
59901.877684	2216492945.100	  10.180	8049
59901.877799	2216492944.400	  16.416	8049
59901.877915	2216492943.300	   7.651	8049
59901.878031	2216492942.600	  10.838	8049
59901.878147	2216492941.900	   7.027	8049
59901.878378	2216492940.400	   8.894	8049
59901.878494	2216492939.600	   7.083	8049
59901.878610	2216492938.400	   6.422	8049
59901.878725	2216492937.700	   7.415	8049
59901.878957	2216492936.000	   5.735	8049
59901.879073	2216492935.400	   9.649	8049
59901.879188	2216492934.400	  19.008	8049
59901.879304	2216492933.700	   9.171	8049
59901.879420	2216492932.800	   9.024	8049
59901.879536	2216492932.000	   5.769	8049
59901.879651	2216492931.300	  14.279	8049
59901.879767	2216492930.400	  14.761	8049
59901.879883	2216492929.300	   6.702	8049
59901.879999	2216492928.700	  10.040	8049
59901.880346	2216492926.300	   9.110	8049
59901.880461	2216492925.500	   6.097	8049
59901.880577	2216492925.100	   8.564	8049
59901.880693	2216492924.100	  13.068	8049
59901.880809	2216492923.200	  10.222	8049
59901.880925	2216492922.600	  12.300	8049
59901.881040	2216492921.900	  14.183	8049
59901.881156	2216492921.300	  15.037	8049
59901.881272	2216492920.600	   8.309	8049
59901.881388	2216492919.900	  13.555	8049
59901.881503	2216492918.900	   6.893	8049
59901.881619	2216492918.400	  11.862	8049
59901.881735	2216492917.600	   6.740	8049
59901.881850	2216492917.200	  10.831	8049
59901.881966	2216492916.500	  12.978	8049
59901.882082	2216492915.700	  21.870	8049
59901.882198	2216492915.000	  11.267	8049
59901.882313	2216492914.300	  20.478	8049
59901.882545	2216492913.000	   5.912	8049
59901.882661	2216492912.200	   9.268	8049
59901.882776	2216492911.600	  11.821	8049
59901.882892	2216492910.700	  13.124	8049
59901.883008	2216492910.100	  11.558	8049
59901.883124	2216492909.400	  12.252	8049
59901.883239	2216492908.800	  12.086	8049
59901.883587	2216492906.800	   6.253	8049
59901.883818	2216492905.100	   6.192	8049
59901.884049	2216492903.700	   6.620	8049
59901.884165	2216492903.000	   8.959	8049
59901.884281	2216492902.400	   8.152	8049
59901.884397	2216492901.700	   8.416	8049
59901.884513	2216492900.800	   5.763	8049
59901.884628	2216492900.200	  10.091	8049
59901.884744	2216492899.400	   7.739	8049
59901.884860	2216492899.100	   7.144	8049
59901.884976	2216492898.200	  14.606	8049
59901.885207	2216492896.800	   6.301	8049
59901.885323	2216492895.900	   8.236	8049
59901.885554	2216492894.500	   5.993	8049
59901.885786	2216492893.100	   7.474	8049
59901.886017	2216492891.800	   6.568	8049
59901.886827	2216492887.300	   5.766	8049
59901.886943	2216492886.400	   6.257	8049
59901.887175	2216492885.000	   5.022	8049
59901.887290	2216492884.500	   7.090	8049
59901.887406	2216492883.600	   9.502	8049
59901.887522	2216492883.000	   9.805	8049
59901.887638	2216492882.300	  16.892	8049
59901.887753	2216492881.500	  15.188	8049
59901.887869	2216492881.100	   6.013	8049
59901.887985	2216492880.000	  10.149	8049
59901.888100	2216492879.000	   5.929	8049
59901.888216	2216492878.400	   6.492	8049
59901.888332	2216492877.700	  11.054	8049
59901.888448	2216492877.200	  17.952	8049
59901.888564	2216492876.100	   8.477	8049
59901.888679	2216492875.400	   8.475	8049
59901.888795	2216492874.800	   7.829	8049
59901.888911	2216492874.000	   7.473	8049
59901.889142	2216492872.700	   8.748	8049
59901.889258	2216492872.100	   9.749	8049
59901.889489	2216492870.800	   6.606	8049
59901.889721	2216492869.200	   6.074	8049
59901.889837	2216492868.800	   5.891	8049
59901.890184	2216492866.600	  11.246	8049
59901.890531	2216492864.400	   9.383	8049
59901.890647	2216492863.800	   5.629	8049
59901.891225	2216492860.300	   5.468	8049
59901.891341	2216492859.400	   6.250	8049
59901.891457	2216492858.900	   5.752	8049
59901.891573	2216492857.900	   7.232	8049
59901.891688	2216492857.300	   5.249	8049
59901.892151	2216492854.700	   8.026	8049
59901.892614	2216492851.900	   5.824	8049
