59912.953905	2216501625.345	   8.432	8049
59912.954022	2216501624.445	  19.050	8049
59912.954138	2216501623.245	  11.657	8049
59912.954253	2216501622.045	  19.757	8049
59912.954369	2216501621.145	  12.384	8049
59912.954485	2216501619.945	  10.805	8049
59912.954601	2216501618.945	  14.204	8049
59912.954716	2216501617.945	  11.814	8049
59912.954832	2216501616.645	  12.644	8049
59912.954948	2216501615.845	  14.063	8049
59912.955064	2216501614.845	  11.884	8049
59912.955179	2216501613.345	   7.447	8049
59912.955295	2216501612.545	  13.261	8049
59912.955411	2216501611.345	  17.722	8049
59912.955526	2216501610.545	  10.725	8049
59912.955642	2216501609.645	  13.395	8049
59912.955758	2216501608.245	  13.113	8049
59912.955874	2216501607.045	  13.844	8049
59912.955989	2216501606.045	  17.234	8049
59912.956105	2216501605.045	   9.168	8049
59912.956221	2216501604.045	  11.935	8049
59912.956337	2216501603.045	  14.932	8049
59912.956453	2216501601.945	  11.127	8049
59912.956568	2216501600.845	  12.852	8049
59912.956684	2216501599.545	  20.262	8049
59912.956800	2216501598.445	   8.869	8049
59912.956915	2216501597.445	  22.912	8049
59912.957031	2216501596.245	   8.244	8049
59912.957147	2216501595.045	  15.702	8049
59912.957263	2216501593.945	  10.854	8049
59912.957378	2216501592.945	   9.506	8049
59912.957494	2216501592.045	  13.944	8049
59912.957610	2216501590.945	   9.264	8049
59912.957726	2216501589.545	  11.963	8049
59912.957842	2216501588.745	  10.461	8049
59912.957957	2216501587.945	   8.865	8049
59912.958073	2216501586.345	  12.761	8049
59912.958189	2216501585.045	  10.828	8049
59912.958304	2216501584.545	   7.053	8049
59912.958420	2216501583.045	  15.394	8049
59912.958536	2216501582.045	  10.456	8049
59912.958652	2216501580.945	  12.781	8049
59912.958767	2216501579.745	   7.585	8049
59912.958883	2216501578.645	   9.646	8049
59912.958999	2216501577.345	   9.988	8049
59912.959115	2216501576.145	   7.371	8049
59912.959230	2216501575.645	   7.141	8049
59912.959346	2216501574.245	  12.411	8049
59912.959462	2216501573.245	   7.005	8049
59912.959577	2216501572.145	   9.827	8049
59912.959693	2216501570.945	   8.758	8049
59912.959809	2216501569.945	  10.152	8049
59912.959925	2216501568.745	  14.689	8049
59912.960040	2216501567.745	   7.678	8049
59912.960156	2216501566.545	   7.417	8049
59912.960272	2216501565.345	   8.876	8049
59912.960388	2216501564.345	   9.474	8049
59912.960503	2216501562.945	   6.407	8049
59912.960619	2216501561.845	  11.498	8049
59912.960735	2216501560.745	  12.973	8049
59912.960851	2216501559.745	  11.370	8049
59912.960966	2216501558.745	  11.181	8049
59912.961082	2216501557.845	   9.703	8049
59912.961198	2216501556.245	   8.989	8049
59912.961429	2216501554.445	   8.663	8049
59912.961545	2216501553.545	   6.791	8049
59912.961661	2216501552.645	   9.088	8049
59912.961777	2216501551.545	   6.234	8049
59912.961892	2216501550.045	  13.558	8049
59912.962008	2216501549.045	   8.478	8049
59912.962124	2216501548.445	   8.404	8049
59912.962239	2216501547.045	   8.302	8049
59912.962355	2216501546.545	  12.512	8049
59912.962471	2216501545.145	  12.760	8049
59912.962587	2216501544.145	   9.282	8049
59912.962702	2216501543.145	  12.801	8049
59912.962818	2216501542.045	   6.776	8049
59912.962934	2216501540.745	   9.774	8049
59912.963050	2216501540.045	   9.782	8049
59912.963281	2216501537.745	  11.448	8049
59912.963397	2216501537.045	   6.079	8049
59912.963513	2216501535.545	   7.927	8049
59912.963628	2216501534.545	  16.405	8049
59912.963744	2216501533.645	   7.639	8049
59912.963860	2216501532.545	  13.002	8049
59912.963976	2216501531.345	   6.356	8049
59912.964091	2216501530.145	  12.380	8049
59912.964207	2216501529.145	  11.031	8049
59912.964323	2216501528.345	  13.460	8049
59912.964670	2216501524.845	   7.909	8049
59912.964902	2216501522.545	   5.702	8049
59912.965017	2216501521.745	   8.140	8049
59912.965017	2216501521.745	   8.178	8049
59912.965249	2216501519.445	  21.428	8049
59912.965480	2216501517.445	  16.971	8049
59912.965596	2216501516.745	   6.915	8049
59912.965712	2216501515.045	   7.021	8049
59912.965827	2216501513.945	  11.848	8049
59912.966059	2216501512.245	   7.248	8049
59912.966290	2216501509.745	  13.825	8049
59912.966406	2216501508.745	   6.337	8049
59912.966638	2216501506.145	   9.760	8049
59912.966753	2216501505.345	   6.164	8049
59912.966869	2216501504.345	   6.434	8049
59912.966985	2216501503.245	   5.244	8049
59912.967101	2216501502.445	   7.900	8049
59912.967216	2216501501.345	   6.458	8049
59912.967448	2216501498.745	   7.180	8049
59912.967563	2216501497.645	  11.568	8049
59912.967679	2216501496.545	   6.240	8049
59912.967795	2216501495.645	  12.985	8049
59912.967911	2216501494.445	  15.168	8049
59912.968026	2216501493.245	  17.617	8049
59912.968142	2216501492.045	   8.730	8049
59912.968258	2216501491.245	  12.779	8049
59912.968374	2216501489.845	  15.194	8049
59912.968490	2216501488.645	   6.451	8049
59912.968605	2216501487.645	  11.779	8049
59912.968721	2216501486.845	   9.088	8049
59912.968837	2216501485.745	   6.640	8049
59912.968952	2216501484.545	  10.949	8049
59912.969068	2216501483.345	  13.517	8049
59912.969184	2216501482.145	  11.595	8049
59912.969300	2216501481.045	   9.025	8049
59912.969415	2216501479.745	  11.103	8049
59912.969531	2216501478.645	  14.612	8049
59912.969647	2216501477.545	   6.504	8049
59912.969763	2216501476.445	   9.669	8049
59912.969878	2216501475.445	   9.908	8049
59912.969994	2216501474.245	   9.969	8049
59912.970110	2216501473.145	  15.341	8049
59912.970226	2216501472.045	  10.410	8049
59912.970341	2216501471.045	  13.328	8049
59912.970457	2216501469.845	  12.765	8049
59912.970573	2216501468.345	  16.263	8049
59912.970689	2216501467.345	  10.113	8049
59912.970804	2216501466.345	  13.421	8049
59912.970920	2216501465.345	  14.412	8049
59912.971036	2216501464.145	   8.784	8049
59912.971151	2216501462.745	   8.437	8049
59912.971267	2216501462.045	  10.329	8049
59912.971383	2216501460.745	   6.159	8049
59912.971499	2216501459.645	  10.048	8049
59912.971615	2216501458.345	  11.083	8049
59912.971730	2216501457.045	   9.889	8049
59912.971846	2216501456.245	  12.402	8049
59912.972077	2216501453.845	  12.111	8049
59912.972193	2216501452.545	  10.656	8049
59912.972309	2216501451.245	   7.307	8049
59912.972425	2216501450.445	  10.756	8049
59912.972540	2216501449.345	   8.962	8049
59912.972656	2216501447.645	  10.226	8049
59912.972772	2216501447.145	   8.390	8049
59912.972888	2216501445.445	   8.241	8049
59912.973003	2216501444.345	   8.411	8049
59912.973119	2216501443.145	   7.822	8049
59912.973235	2216501442.845	   6.622	8049
59912.973351	2216501440.845	  15.799	8049
59912.973466	2216501439.745	  11.130	8049
59912.973582	2216501438.645	  17.256	8049
59912.973698	2216501437.845	  11.434	8049
59912.973814	2216501436.145	   9.731	8049
59912.973929	2216501435.345	  12.714	8049
59912.974045	2216501434.045	   8.438	8049
59912.974161	2216501432.545	   8.091	8049
59912.974277	2216501431.745	   9.309	8049
59912.974277	2216501431.745	   9.304	8049
59912.974508	2216501429.345	   6.739	8049
59912.974624	2216501428.145	   7.573	8049
59912.974739	2216501426.945	  10.401	8049
59912.974855	2216501425.445	   9.933	8049
59912.974971	2216501424.645	  10.091	8049
59912.975087	2216501423.245	  11.342	8049
59912.975203	2216501422.045	   8.605	8049
59912.975318	2216501420.945	   7.274	8049
59912.975434	2216501419.845	  12.565	8049
59912.975666	2216501417.445	  10.514	8049
59912.975781	2216501416.045	   8.064	8049
59912.975897	2216501415.345	   8.936	8049
59912.976013	2216501413.745	   9.770	8049
59912.976128	2216501412.645	   6.953	8049
59912.976244	2216501411.645	  13.873	8049
59912.976360	2216501410.545	  14.446	8049
59912.976476	2216501409.145	  10.797	8049
59912.976591	2216501408.245	  13.403	8049
59912.976823	2216501405.745	  11.879	8049
59912.976939	2216501404.745	   7.102	8049
59912.977054	2216501403.145	   9.562	8049
59912.977170	2216501401.845	   5.395	8049
59912.977401	2216501399.445	   9.236	8049
59912.977517	2216501398.345	   7.404	8049
59912.977749	2216501395.945	   5.027	8049
59912.977864	2216501394.745	  13.975	8049
59912.977980	2216501393.645	   8.166	8049
59912.978096	2216501392.445	   6.459	8049
59912.978212	2216501390.945	   6.684	8049
59912.978559	2216501387.745	   5.594	8049
59912.978675	2216501386.445	   6.564	8049
59912.978790	2216501385.045	  10.341	8049
59912.979138	2216501381.445	   6.246	8049
59912.979253	2216501380.645	   7.290	8049
59912.979369	2216501379.345	   6.995	8049
59912.979485	2216501377.845	   7.833	8049
59912.979601	2216501376.545	   5.388	8049
59912.979716	2216501374.845	   6.750	8049
59912.979948	2216501372.945	   6.758	8049
59912.980064	2216501371.645	   6.524	8049
59912.980179	2216501370.345	  12.938	8049
59912.980295	2216501369.245	   6.093	8049
59912.980527	2216501367.045	  10.670	8049
59912.980642	2216501365.945	   7.184	8049
59912.980758	2216501364.745	   7.221	8049
59912.980874	2216501363.645	   5.648	8049
59912.981221	2216501360.545	   7.200	8049
59912.981337	2216501359.345	   5.100	8049
59912.981452	2216501358.045	   5.706	8049
59912.981568	2216501356.845	  13.578	8049
59912.981684	2216501355.545	   7.877	8049
59912.981800	2216501354.445	   7.917	8049
59912.982031	2216501352.245	  11.257	8049
59912.982147	2216501350.945	   6.677	8049
59912.982263	2216501350.045	   6.890	8049
59912.982378	2216501348.745	   9.969	8049
59912.982725	2216501345.245	   9.149	8049
59912.982841	2216501344.245	   7.279	8049
59912.982957	2216501343.145	   7.262	8049
59912.983073	2216501342.245	   6.254	8049
59912.983189	2216501340.645	  15.808	8049
59912.983304	2216501339.745	   8.063	8049
59912.983420	2216501338.345	  14.584	8049
59912.983652	2216501335.845	   5.968	8049
59912.983883	2216501333.545	   6.701	8049
59912.983999	2216501332.345	   5.992	8049
59912.984230	2216501329.845	   9.862	8049
59912.984809	2216501324.145	   8.437	8049
59912.984925	2216501323.045	   5.313	8049
59912.985040	2216501322.045	   8.186	8049
59912.985503	2216501317.445	   6.725	8049
59912.985619	2216501316.145	   6.805	8049
59912.985966	2216501312.445	   7.266	8049
59912.986198	2216501309.945	  13.211	8049
59912.986314	2216501308.545	   8.870	8049
59912.986777	2216501304.345	   7.130	8049
59912.987008	2216501301.745	   9.747	8049
59912.987587	2216501295.445	  10.929	8049
59912.988397	2216501287.245	   6.347	8049
59912.988513	2216501286.345	   5.981	8049
59912.988860	2216501282.545	   7.916	8049
59912.988976	2216501281.545	   7.104	8049
59912.989207	2216501278.945	   5.444	8049
59912.989323	2216501277.945	  10.646	8049
59912.989554	2216501274.745	   7.710	8049
59912.989786	2216501273.045	  10.146	8049
59912.989902	2216501272.045	   6.893	8049
59912.990133	2216501269.745	   5.010	8049
59912.990249	2216501268.045	   7.916	8049
59912.990596	2216501264.445	   9.237	8049
59912.990712	2216501263.445	   6.791	8049
59912.990943	2216501261.145	   5.382	8049
59912.991175	2216501258.145	   9.340	8049
59912.992564	2216501243.745	   5.403	8049
59912.993142	2216501237.245	   8.978	8049
59912.993258	2216501235.745	   6.545	8049
59912.993374	2216501234.745	   6.895	8049
59912.993605	2216501232.545	   7.643	8049
59912.993952	2216501228.245	   5.276	8049
59912.994300	2216501224.645	   6.878	8049
59912.994994	2216501217.145	   6.290	8049
59912.995457	2216501212.045	   7.313	8049
59912.995689	2216501209.745	   6.632	8049
59912.995920	2216501207.345	   7.887	8049
59912.996036	2216501205.845	   6.682	8049
59912.996267	2216501203.245	   5.708	8049
59912.996383	2216501202.145	   7.255	8049
59912.996499	2216501200.945	   5.816	8049
59912.997077	2216501194.345	   8.651	8049
59912.997193	2216501193.245	   8.778	8049
59912.997425	2216501190.545	   7.985	8049
59912.997540	2216501189.245	   9.032	8049
59912.997656	2216501187.945	   5.632	8049
59912.997772	2216501186.945	   5.958	8049
59912.997888	2216501185.845	   6.973	8049
59912.998004	2216501184.345	  15.166	8049
59912.998119	2216501182.745	  10.777	8049
59912.998235	2216501181.645	   7.226	8049
59912.998351	2216501180.345	   7.222	8049
59912.998466	2216501179.245	   8.742	8049
59912.998814	2216501175.345	   8.791	8049
59912.999161	2216501171.245	   7.157	8049
59912.999277	2216501169.845	   5.266	8049
59912.999392	2216501168.845	  12.245	8049
59912.999508	2216501167.645	  15.191	8049
59912.999624	2216501166.445	   7.232	8049
59912.999739	2216501164.945	   5.183	8049
59913.000202	2216501159.945	   6.586	8049
59913.000318	2216501158.845	   6.466	8049
59913.000434	2216501157.345	   7.032	8049
59913.000781	2216501153.245	   9.250	8049
59913.001013	2216501150.745	   5.967	8049
59913.001128	2216501149.245	   7.575	8049
59913.001360	2216501147.045	   7.864	8049
59913.001591	2216501144.345	   5.543	8049
59913.001707	2216501143.045	   6.964	8049
59913.002633	2216501132.845	   5.645	8049
59913.002749	2216501131.245	   6.289	8049
59913.003096	2216501127.245	   9.067	8049
59913.003328	2216501124.845	   7.291	8049
59913.003675	2216501121.045	   6.990	8049
59913.004022	2216501117.345	   6.611	8049
59913.004601	2216501112.445	   6.025	8049
59913.005179	2216501105.045	   6.289	8049
59913.008768	2216501066.145	   6.510	8049
59913.008883	2216501064.945	   5.027	8049
59913.009115	2216501062.045	   8.041	8049
59913.009462	2216501058.245	   5.959	8049
59913.010272	2216501049.545	   5.528	8049
59913.010851	2216501042.945	   6.567	8049
59913.010966	2216501041.545	   5.192	8049
59913.011082	2216501040.445	   6.031	8049
59913.011198	2216501039.545	   6.674	8049
59913.011661	2216501033.745	   5.614	8049
59913.011892	2216501031.245	  10.520	8049
59913.012008	2216501030.145	   7.087	8049
59913.012240	2216501027.745	   6.945	8049
59913.012471	2216501024.445	   5.745	8049
59913.013165	2216501017.245	   7.525	8049
59913.013165	2216501017.245	   7.398	8049
59913.013281	2216501016.245	   7.384	8049
59913.013397	2216501014.845	   5.879	8049
59913.014091	2216501006.745	   8.213	8049
59913.014207	2216501005.845	   5.267	8049
59913.014323	2216501003.745	   7.712	8049
59913.014439	2216501002.745	   8.042	8049
59913.014786	2216500998.845	   7.930	8049
59913.014902	2216500997.445	   7.532	8049
59913.015017	2216500996.345	  10.717	8049
59913.015133	2216500995.045	   8.991	8049
59913.015365	2216500992.445	   8.713	8049
59913.015480	2216500991.045	   8.022	8049
59913.015596	2216500989.845	   5.845	8049
59913.015712	2216500988.445	  11.961	8049
59913.015827	2216500986.945	   7.971	8049
59913.015943	2216500985.945	   7.869	8049
59913.016059	2216500984.645	   6.548	8049
59913.016175	2216500983.345	  12.810	8049
59913.016290	2216500982.145	  10.841	8049
59913.016406	2216500980.645	   8.540	8049
59913.016522	2216500979.545	   5.397	8049
59913.016638	2216500977.945	   8.256	8049
59913.016753	2216500976.645	   6.402	8049
59913.016869	2216500975.845	   6.300	8049
59913.017216	2216500971.645	   6.415	8049
59913.017332	2216500970.045	   7.149	8049
59913.017448	2216500969.145	   5.107	8049
59913.017564	2216500967.345	   8.832	8049
59913.017911	2216500963.545	   9.549	8049
59913.018374	2216500958.645	   6.755	8049
59913.018490	2216500956.745	   8.069	8049
59913.018605	2216500955.645	  12.436	8049
59913.018721	2216500954.345	   5.800	8049
59913.018837	2216500953.445	   8.724	8049
59913.019068	2216500950.645	   5.855	8049
59913.019184	2216500949.145	   7.132	8049
59913.019300	2216500947.945	   6.338	8049
59913.019647	2216500943.945	   5.365	8049
59913.019763	2216500942.645	   8.313	8049
59913.020110	2216500938.645	   8.763	8049
59913.020226	2216500937.245	   6.647	8049
59913.020457	2216500934.745	   7.593	8049
59913.020573	2216500933.045	  12.085	8049
59913.020689	2216500932.045	   7.325	8049
59913.020804	2216500930.545	   6.461	8049
59913.020920	2216500929.045	  10.215	8049
59913.021036	2216500927.645	   9.327	8049
59913.021152	2216500926.445	   6.523	8049
59913.021267	2216500925.345	   9.812	8049
59913.021383	2216500923.845	   6.035	8049
59913.021499	2216500922.545	  10.200	8049
59913.021614	2216500921.045	  10.909	8049
59913.021730	2216500920.045	   5.418	8049
59913.021846	2216500918.745	  10.571	8049
59913.022077	2216500915.945	  11.152	8049
59913.022193	2216500914.745	  15.925	8049
59913.022309	2216500913.145	  15.130	8049
59913.022425	2216500911.945	  15.199	8049
59913.022540	2216500910.645	   9.182	8049
59913.022540	2216500910.645	   9.180	8049
59913.022656	2216500909.245	   8.380	8049
59913.022772	2216500908.045	  10.407	8049
59913.022888	2216500906.445	  16.961	8049
59913.023003	2216500905.045	   8.023	8049
59913.023119	2216500904.145	   8.511	8049
59913.023235	2216500902.445	   8.045	8049
59913.023351	2216500901.245	   9.728	8049
59913.023466	2216500899.745	   7.728	8049
59913.023582	2216500898.545	  10.376	8049
59913.023698	2216500897.245	  14.445	8049
59913.023814	2216500896.245	  11.470	8049
59913.023929	2216500894.645	  14.458	8049
59913.024045	2216500893.245	  10.886	8049
59913.024161	2216500891.745	  10.575	8049
59913.024277	2216500890.345	   9.064	8049
59913.024392	2216500889.045	  14.854	8049
59913.024508	2216500887.645	   9.709	8049
59913.024624	2216500886.445	  17.335	8049
59913.024739	2216500885.245	   9.615	8049
59913.024855	2216500883.645	  12.154	8049
59913.024971	2216500882.445	  10.243	8049
59913.025087	2216500881.245	  10.545	8049
59913.025202	2216500879.645	  11.949	8049
59913.025318	2216500878.545	   8.477	8049
59913.025434	2216500877.245	  10.761	8049
59913.025550	2216500875.945	   7.683	8049
59913.025665	2216500874.345	  16.802	8049
59913.025781	2216500872.745	   7.432	8049
59913.025897	2216500871.845	   6.273	8049
59913.026013	2216500869.945	  15.857	8049
59913.026128	2216500868.945	  10.049	8049
59913.026244	2216500867.545	  11.404	8049
59913.026360	2216500866.545	  10.567	8049
59913.026360	2216500866.545	  10.572	8049
59913.026476	2216500864.945	  14.749	8049
59913.026591	2216500863.745	  16.238	8049
59913.026707	2216500862.345	  10.250	8049
59913.026823	2216500860.745	  11.160	8049
59913.026939	2216500859.845	  11.095	8049
59913.027054	2216500858.245	   6.035	8049
59913.027170	2216500856.745	   8.497	8049
59913.027286	2216500855.545	   8.463	8049
59913.027401	2216500853.745	   8.718	8049
59913.027633	2216500851.045	   8.265	8049
59913.027749	2216500849.845	  12.652	8049
59913.027865	2216500848.745	   8.595	8049
59913.027980	2216500847.145	   7.933	8049
59913.028096	2216500846.045	   8.319	8049
59913.028212	2216500844.545	  10.165	8049
59913.028328	2216500843.545	   8.403	8049
59913.028443	2216500842.045	   8.761	8049
59913.028559	2216500840.645	  11.955	8049
59913.028675	2216500838.845	   8.663	8049
59913.028790	2216500838.245	   8.379	8049
59913.028906	2216500836.645	   8.893	8049
59913.029022	2216500835.245	   7.031	8049
59913.029138	2216500833.545	   9.429	8049
59913.029253	2216500832.145	  15.662	8049
59913.029369	2216500830.745	  10.480	8049
59913.029485	2216500829.745	   8.856	8049
59913.029601	2216500828.345	   5.883	8049
59913.029832	2216500825.745	   7.087	8049
59913.029948	2216500824.145	   6.735	8049
59913.030063	2216500822.845	   9.637	8049
59913.030179	2216500821.745	   5.219	8049
59913.030295	2216500820.245	   8.099	8049
59913.030411	2216500818.745	   9.348	8049
59913.030526	2216500817.345	   7.626	8049
59913.030642	2216500816.145	   8.824	8049
59913.030758	2216500814.445	   7.573	8049
59913.030874	2216500813.145	   8.032	8049
59913.030989	2216500812.145	   5.821	8049
59913.031105	2216500810.545	  13.647	8049
59913.031221	2216500809.345	   7.859	8049
59913.031337	2216500808.045	   6.102	8049
59913.031568	2216500805.545	   6.390	8049
59913.031800	2216500802.245	   7.814	8049
59913.031915	2216500800.745	  12.202	8049
59913.032378	2216500795.545	  10.389	8049
59913.032610	2216500793.045	   7.598	8049
59913.032726	2216500791.345	  10.596	8049
59913.032841	2216500789.745	   6.131	8049
59913.032957	2216500788.945	   6.115	8049
59913.033073	2216500787.545	   5.907	8049
59913.033189	2216500785.845	   9.838	8049
59913.033304	2216500784.645	   7.411	8049
59913.033420	2216500783.045	   6.804	8049
59913.033536	2216500782.045	   7.721	8049
59913.033651	2216500780.445	  13.709	8049
59913.033767	2216500778.845	   6.053	8049
59913.033883	2216500778.045	   9.917	8049
59913.033999	2216500776.445	   7.881	8049
59913.034114	2216500774.945	   7.229	8049
59913.034346	2216500772.545	   7.380	8049
59913.034462	2216500770.945	   8.106	8049
59913.034577	2216500769.345	  12.650	8049
59913.034693	2216500768.245	   9.682	8049
59913.034809	2216500766.945	  13.168	8049
59913.034925	2216500765.445	   8.679	8049
59913.035040	2216500763.945	   7.211	8049
59913.035156	2216500762.545	   8.361	8049
59913.035272	2216500761.145	   9.637	8049
59913.035388	2216500760.045	   6.271	8049
59913.035503	2216500758.045	   6.667	8049
59913.035619	2216500757.045	  10.812	8049
59913.035735	2216500755.945	  10.531	8049
59913.035851	2216500754.245	   6.745	8049
59913.035966	2216500753.245	   9.113	8049
59913.036082	2216500752.045	   7.011	8049
59913.036198	2216500750.445	  15.269	8049
59913.036314	2216500749.245	   6.766	8049
59913.036429	2216500747.645	  12.802	8049
59913.036545	2216500746.145	  10.657	8049
59913.036661	2216500744.945	  10.429	8049
59913.036777	2216500743.745	  10.885	8049
59913.036892	2216500742.245	   8.177	8049
59913.037008	2216500740.845	   7.278	8049
59913.037124	2216500739.845	  10.128	8049
59913.037240	2216500738.245	   9.601	8049
59913.037355	2216500736.945	  11.067	8049
59913.037471	2216500735.945	   6.821	8049
59913.037587	2216500734.145	   6.928	8049
59913.037703	2216500732.645	   6.672	8049
59913.037818	2216500731.545	   7.330	8049
59913.037934	2216500729.945	   8.718	8049
59913.038050	2216500728.845	  11.520	8049
59913.038165	2216500727.845	   7.489	8049
59913.038281	2216500725.745	  13.836	8049
59913.038397	2216500724.845	  12.014	8049
59913.038513	2216500723.345	   9.870	8049
59913.038628	2216500721.945	   7.817	8049
59913.038744	2216500720.845	  16.783	8049
59913.038860	2216500719.445	   7.214	8049
59913.038976	2216500717.645	   5.941	8049
59913.039091	2216500716.745	   8.533	8049
59913.039323	2216500714.045	   7.497	8049
59913.039554	2216500711.145	  10.378	8049
59913.039670	2216500710.145	  12.023	8049
59913.039786	2216500708.145	   6.532	8049
59913.039902	2216500706.745	   6.989	8049
59913.040017	2216500705.445	   5.275	8049
59913.040133	2216500704.645	   8.360	8049
59913.040249	2216500702.445	   6.386	8049
59913.040480	2216500700.045	   7.450	8049
59913.040828	2216500695.945	   6.038	8049
59913.040943	2216500694.745	   5.270	8049
59913.041059	2216500693.245	   6.084	8049
59913.041175	2216500692.045	  14.711	8049
59913.041290	2216500691.045	   6.361	8049
59913.041406	2216500689.045	   7.899	8049
59913.041522	2216500687.945	   7.068	8049
59913.041638	2216500686.745	   6.382	8049
59913.041753	2216500685.245	   7.153	8049
59913.041869	2216500683.745	  13.506	8049
59913.041985	2216500682.645	   8.352	8049
59913.042101	2216500681.645	   6.531	8049
59913.042216	2216500679.845	   5.619	8049
59913.042448	2216500677.045	   5.835	8049
59913.042564	2216500675.645	  11.778	8049
59913.042679	2216500674.445	  10.877	8049
59913.042795	2216500673.145	   9.289	8049
59913.042911	2216500671.645	   9.001	8049
59913.043027	2216500670.345	  12.724	8049
59913.043142	2216500669.145	   6.806	8049
59913.043258	2216500667.745	   7.779	8049
59913.043374	2216500666.045	   8.758	8049
59913.043489	2216500665.045	  13.577	8049
59913.043605	2216500663.645	   9.062	8049
59913.043837	2216500660.745	   8.424	8049
59913.043952	2216500659.645	   6.875	8049
59913.044068	2216500658.045	   5.968	8049
59913.044184	2216500656.745	   9.168	8049
59913.044300	2216500655.145	   6.071	8049
59913.044415	2216500653.945	   5.534	8049
59913.044531	2216500652.645	   9.190	8049
59913.044647	2216500651.045	  10.907	8049
59913.044763	2216500650.245	  11.072	8049
59913.044994	2216500647.445	   5.064	8049
59913.045110	2216500645.645	   8.777	8049
59913.045226	2216500644.445	   6.774	8049
59913.045341	2216500643.045	   6.572	8049
59913.045573	2216500640.145	   5.157	8049
59913.045689	2216500639.045	   8.662	8049
59913.045804	2216500637.645	   6.540	8049
59913.046383	2216500630.745	  10.481	8049
59913.046614	2216500628.445	   6.244	8049
59913.046730	2216500626.545	   6.228	8049
59913.046846	2216500625.245	  10.569	8049
59913.046962	2216500623.845	  12.580	8049
59913.047193	2216500621.345	   6.529	8049
59913.047309	2216500619.845	   5.251	8049
59913.047425	2216500618.445	   6.441	8049
59913.047540	2216500617.045	   5.661	8049
59913.047656	2216500615.845	  12.078	8049
59913.047772	2216500614.245	   7.271	8049
59913.048119	2216500610.245	   5.283	8049
59913.048235	2216500609.045	  11.470	8049
59913.048351	2216500607.545	  10.259	8049
59913.048466	2216500606.145	  15.190	8049
59913.048466	2216500606.145	  15.193	8049
59913.048582	2216500604.445	   6.064	8049
59913.048814	2216500602.145	  10.488	8049
59913.048929	2216500600.545	   7.190	8049
59913.049045	2216500599.245	   5.925	8049
59913.049161	2216500597.845	   6.674	8049
59913.049276	2216500596.545	   8.335	8049
59913.049392	2216500595.045	   7.833	8049
59913.049508	2216500593.645	   5.047	8049
59913.049971	2216500588.245	   5.847	8049
59913.050318	2216500583.645	   6.075	8049
59913.050550	2216500581.545	  12.203	8049
59913.050665	2216500580.045	   6.457	8049
59913.050781	2216500578.745	   9.485	8049
59913.050897	2216500577.345	   8.034	8049
59913.051013	2216500576.045	   5.943	8049
59913.051128	2216500574.945	   7.918	8049
59913.051360	2216500571.645	   6.336	8049
59913.051591	2216500569.445	   7.173	8049
59913.051939	2216500565.045	   6.166	8049
59913.052054	2216500563.745	  10.289	8049
59913.052286	2216500560.845	  12.300	8049
59913.052517	2216500558.245	   5.959	8049
59913.052749	2216500555.645	   6.002	8049
59913.052980	2216500553.145	   6.062	8049
59913.053212	2216500549.945	   7.712	8049
59913.053328	2216500548.645	   7.955	8049
59913.054369	2216500536.445	   7.468	8049
59913.054485	2216500535.045	   6.755	8049
59913.054601	2216500533.445	   6.203	8049
59913.054717	2216500532.245	  11.526	8049
59913.054832	2216500530.845	   6.938	8049
59913.054948	2216500529.545	  11.933	8049
59913.055179	2216500527.045	  10.832	8049
59913.055411	2216500524.045	   7.336	8049
59913.055642	2216500520.845	   6.764	8049
59913.055758	2216500520.045	   9.718	8049
59913.056105	2216500515.945	   6.676	8049
59913.056337	2216500513.145	   5.061	8049
59913.056453	2216500512.045	   8.224	8049
59913.056568	2216500510.745	  10.079	8049
59913.056684	2216500508.745	   6.035	8049
59913.056916	2216500506.045	   6.719	8049
59913.057031	2216500504.845	   5.293	8049
59913.057263	2216500502.145	   6.181	8049
59913.057841	2216500494.945	   5.573	8049
59913.058189	2216500491.745	   5.803	8049
59913.058536	2216500487.145	   7.517	8049
59913.058652	2216500485.645	   5.855	8049
59913.058767	2216500484.545	   9.553	8049
59913.058883	2216500482.845	   5.284	8049
59913.058999	2216500481.845	   9.222	8049
59913.059115	2216500481.245	  12.197	8049
59913.059230	2216500480.345	  13.660	8049
59913.059230	2216500480.345	  13.666	8049
59913.059346	2216500478.645	   7.632	8049
59913.059462	2216500477.745	  22.698	8049
59913.059577	2216500476.145	  11.050	8049
59913.059693	2216500474.845	  12.789	8049
59913.060041	2216500470.945	   7.847	8049
59913.060272	2216500467.645	   7.406	8049
59913.060388	2216500466.445	  10.764	8049
59913.060851	2216500461.245	   7.979	8049
59913.061082	2216500458.545	   9.594	8049
59913.061198	2216500456.845	   7.173	8049
59913.061314	2216500455.645	  12.683	8049
59913.061429	2216500454.145	  11.968	8049
59913.061545	2216500452.845	  11.173	8049
59913.061776	2216500449.745	   9.033	8049
59913.061892	2216500448.845	   5.488	8049
59913.062355	2216500442.845	   6.473	8049
59913.062471	2216500441.345	  11.867	8049
59913.062702	2216500438.545	   9.478	8049
59913.062818	2216500435.845	   5.690	8049
59913.062934	2216500435.945	   8.386	8049
59913.063166	2216500433.245	   7.919	8049
59913.063281	2216500431.745	   6.859	8049
59913.063628	2216500427.345	   5.595	8049
59913.063860	2216500424.545	   7.400	8049
59913.064323	2216500418.645	   7.535	8049
59913.064439	2216500417.645	   9.224	8049
59913.064554	2216500416.245	   7.534	8049
59913.064670	2216500414.245	   5.677	8049
59913.064786	2216500413.145	   7.427	8049
59913.065017	2216500410.345	   5.022	8049
59913.065133	2216500408.745	   7.020	8049
59913.065249	2216500407.345	   6.633	8049
59913.065480	2216500404.645	  11.681	8049
59913.065712	2216500401.745	   5.443	8049
59913.065943	2216500398.845	   9.116	8049
59913.066059	2216500397.145	   8.172	8049
59913.066175	2216500395.445	   6.079	8049
59913.066290	2216500394.145	   7.716	8049
59913.066406	2216500392.945	   9.806	8049
59913.066522	2216500391.445	   8.450	8049
59913.066522	2216500391.445	   8.449	8049
59913.066638	2216500390.345	   8.818	8049
59913.066753	2216500388.845	   6.958	8049
59913.066869	2216500387.445	   8.326	8049
59913.066985	2216500385.745	   5.636	8049
59913.067332	2216500381.945	   5.789	8049
59913.067448	2216500380.745	   7.994	8049
59913.067564	2216500379.645	  17.650	8049
59913.067795	2216500377.045	   7.010	8049
59913.068026	2216500374.245	   8.049	8049
59913.068374	2216500370.645	   7.453	8049
59913.069068	2216500362.345	   6.600	8049
59913.069184	2216500361.145	   8.136	8049
59913.069300	2216500359.845	   9.693	8049
59913.069415	2216500358.645	   6.678	8049
59913.069531	2216500356.745	   8.495	8049
59913.069647	2216500355.745	   6.061	8049
59913.069763	2216500354.445	  10.828	8049
59913.069878	2216500353.145	   8.157	8049
59913.069994	2216500351.945	  13.733	8049
59913.070110	2216500350.445	   9.493	8049
59913.070226	2216500349.245	  13.294	8049
59913.070341	2216500347.945	  11.589	8049
59913.070341	2216500347.945	  11.588	8049
59913.070457	2216500346.545	  14.589	8049
59913.070573	2216500344.945	   7.930	8049
59913.070689	2216500343.545	   9.536	8049
59913.070804	2216500342.545	   8.442	8049
59913.070920	2216500340.945	   8.110	8049
59913.071036	2216500339.645	  12.811	8049
59913.071152	2216500338.445	   9.664	8049
59913.071267	2216500337.145	   8.737	8049
59913.071383	2216500335.445	   7.530	8049
59913.071499	2216500334.545	   7.667	8049
59913.071615	2216500332.745	   8.707	8049
59913.071846	2216500329.945	   5.077	8049
59913.071962	2216500329.045	   7.764	8049
59913.072077	2216500327.745	   7.303	8049
59913.072193	2216500325.745	   6.444	8049
59913.072425	2216500323.445	   7.545	8049
59913.072541	2216500322.145	  11.664	8049
59913.072656	2216500320.745	   7.705	8049
59913.072772	2216500319.245	   6.512	8049
59913.072888	2216500318.045	   8.043	8049
59913.073003	2216500316.345	   7.973	8049
59913.073235	2216500314.045	   8.559	8049
59913.073351	2216500312.545	  11.086	8049
59913.073466	2216500310.945	   9.474	8049
59913.073582	2216500309.745	  13.234	8049
59913.073698	2216500308.245	   7.878	8049
59913.073814	2216500307.245	  11.197	8049
59913.073930	2216500305.845	   6.246	8049
59913.074045	2216500304.245	  12.162	8049
59913.074161	2216500302.845	  12.804	8049
59913.074276	2216500301.445	  11.099	8049
59913.074392	2216500299.845	   8.400	8049
59913.074508	2216500298.745	  10.281	8049
59913.074624	2216500297.345	   7.387	8049
59913.074740	2216500296.145	   5.593	8049
59913.074855	2216500294.145	  11.068	8049
59913.074971	2216500293.045	  14.592	8049
59913.075087	2216500291.745	  11.671	8049
59913.075203	2216500290.445	   8.457	8049
59913.075318	2216500289.045	   9.132	8049
59913.075434	2216500287.145	   8.457	8049
59913.075550	2216500286.445	   9.465	8049
59913.075666	2216500284.245	   7.754	8049
59913.075781	2216500283.245	  10.917	8049
59913.075897	2216500282.045	   6.110	8049
59913.076013	2216500280.745	  11.712	8049
59913.076128	2216500279.145	   8.792	8049
59913.076244	2216500277.745	   6.387	8049
59913.076360	2216500276.345	   8.124	8049
59913.076476	2216500274.945	  10.533	8049
59913.076591	2216500273.245	   9.457	8049
59913.076707	2216500272.045	  12.509	8049
59913.076823	2216500270.745	   8.945	8049
59913.076939	2216500269.345	  15.063	8049
59913.077055	2216500267.645	   7.448	8049
59913.077171	2216500266.245	   8.938	8049
59913.077286	2216500264.645	   7.799	8049
59913.077402	2216500263.345	   7.016	8049
59913.077517	2216500262.145	  11.694	8049
59913.077633	2216500260.745	  11.348	8049
59913.077749	2216500259.345	  13.441	8049
59913.077865	2216500257.845	  13.712	8049
59913.077981	2216500256.945	  10.413	8049
59913.078096	2216500255.245	  11.096	8049
59913.078212	2216500253.745	   9.867	8049
59913.078327	2216500252.245	  10.918	8049
59913.078443	2216500250.845	  10.511	8049
59913.078559	2216500249.345	  10.824	8049
59913.078675	2216500248.045	   6.653	8049
59913.078791	2216500246.745	  11.006	8049
59913.078906	2216500245.445	   8.669	8049
59913.079022	2216500243.945	   7.062	8049
59913.079138	2216500241.645	   8.241	8049
59913.079254	2216500240.845	  11.024	8049
59913.079369	2216500239.345	   8.995	8049
59913.079485	2216500238.045	   5.646	8049
59913.079601	2216500236.545	  14.597	8049
59913.079717	2216500235.145	  11.158	8049
59913.079832	2216500233.545	  12.013	8049
59913.079948	2216500232.245	  11.518	8049
59913.080064	2216500230.745	  12.752	8049
59913.080179	2216500229.345	   9.929	8049
59913.080295	2216500228.345	  12.899	8049
59913.080411	2216500227.045	  14.259	8049
59913.080527	2216500226.145	   7.606	8049
59913.080642	2216500224.545	   9.078	8049
59913.080758	2216500223.245	   5.643	8049
59913.080990	2216500220.745	   9.947	8049
59913.081105	2216500219.245	   8.146	8049
59913.081221	2216500217.845	  13.524	8049
59913.081337	2216500216.645	  10.625	8049
59913.081453	2216500215.345	  14.992	8049
59913.081568	2216500213.845	   7.842	8049
59913.081800	2216500210.945	   7.339	8049
59913.081916	2216500210.245	  12.332	8049
59913.082031	2216500208.545	  10.205	8049
59913.082147	2216500207.245	  11.297	8049
59913.082263	2216500205.945	  12.330	8049
59913.082379	2216500204.845	  12.389	8049
59913.082494	2216500203.445	  13.856	8049
59913.082610	2216500202.345	  10.919	8049
59913.082726	2216500200.945	  17.709	8049
59913.082841	2216500199.245	   8.608	8049
59913.082957	2216500198.345	   7.607	8049
59913.083073	2216500196.845	   7.457	8049
59913.083189	2216500195.445	  10.703	8049
59913.083304	2216500194.145	  18.851	8049
59913.083420	2216500192.545	  12.507	8049
59913.083536	2216500191.245	  16.335	8049
59913.083652	2216500190.345	   6.214	8049
59913.083767	2216500188.845	   8.059	8049
59913.083883	2216500187.245	   8.513	8049
59913.083999	2216500185.645	   7.577	8049
59913.084115	2216500185.045	  20.140	8049
59913.084346	2216500181.845	  12.174	8049
59913.084578	2216500179.445	   7.204	8049
59913.084693	2216500178.045	  11.915	8049
59913.084809	2216500176.945	   7.898	8049
59913.084925	2216500175.145	   5.778	8049
59913.085041	2216500173.945	   5.044	8049
59913.085272	2216500171.145	  10.132	8049
59913.085504	2216500168.545	  11.025	8049
59913.085619	2216500167.345	   6.936	8049
59913.085735	2216500165.745	   7.615	8049
59913.085967	2216500163.245	   6.976	8049
59913.086082	2216500161.745	   5.803	8049
59913.086314	2216500159.345	   7.450	8049
59913.086546	2216500156.345	  12.564	8049
59913.086892	2216500152.245	  10.040	8049
59913.087008	2216500150.945	   6.186	8049
59913.087240	2216500148.245	  10.524	8049
59913.087472	2216500145.545	   9.070	8049
59913.087587	2216500144.345	   5.413	8049
59913.087819	2216500141.045	   7.188	8049
59913.087934	2216500139.945	   9.034	8049
59913.088050	2216500138.145	   6.016	8049
59913.088166	2216500137.145	   8.168	8049
59913.088281	2216500135.845	   8.334	8049
59913.088398	2216500134.845	   6.994	8049
59913.088745	2216500130.545	   7.059	8049
59913.088860	2216500129.145	   9.841	8049
59913.089092	2216500125.845	   9.129	8049
59913.089323	2216500123.845	   5.804	8049
59913.089439	2216500121.745	  10.144	8049
59913.089554	2216500120.545	   7.551	8049
59913.089670	2216500118.745	   9.945	8049
59913.089786	2216500117.745	   9.910	8049
59913.089902	2216500116.345	  12.031	8049
59913.090017	2216500115.145	   6.141	8049
59913.090134	2216500113.245	   6.919	8049
59913.090250	2216500112.245	  11.779	8049
59913.090365	2216500110.845	  13.608	8049
59913.090481	2216500109.245	   8.279	8049
59913.090596	2216500108.145	  12.007	8049
59913.090712	2216500106.445	  12.799	8049
59913.090944	2216500103.745	  12.182	8049
59913.091060	2216500102.445	   5.487	8049
59913.091175	2216500101.245	   8.165	8049
59913.091638	2216500094.845	  11.472	8049
59913.091754	2216500093.745	   7.830	8049
59913.091870	2216500092.745	   7.784	8049
59913.091985	2216500091.045	   5.814	8049
59913.092101	2216500089.745	   5.980	8049
59913.092217	2216500088.445	  12.032	8049
59913.092332	2216500087.045	   6.398	8049
59913.092448	2216500085.545	   9.645	8049
59913.092564	2216500083.845	   5.316	8049
59913.092680	2216500082.445	   5.824	8049
59913.092795	2216500081.445	   8.594	8049
59913.092911	2216500079.745	  10.748	8049
59913.093374	2216500074.145	   5.640	8049
59913.093490	2216500072.945	   6.053	8049
59913.093605	2216500071.845	   7.935	8049
59913.093721	2216500070.545	  12.562	8049
59913.093837	2216500069.145	  12.029	8049
59913.093953	2216500067.945	   8.349	8049
59913.094068	2216500066.645	   8.196	8049
59913.094184	2216500065.545	   6.980	8049
59913.094300	2216500064.045	   7.762	8049
59913.094416	2216500063.145	   5.629	8049
59913.094647	2216500060.645	   7.505	8049
59913.094879	2216500057.345	   9.896	8049
59913.094994	2216500056.145	   5.209	8049
59913.095226	2216500054.045	   8.869	8049
59913.095457	2216500051.045	   6.427	8049
59913.095689	2216500048.545	   5.071	8049
59913.096152	2216500043.145	  10.896	8049
59913.096383	2216500040.545	   6.149	8049
59913.096499	2216500039.345	   9.353	8049
59913.096615	2216500037.945	   5.455	8049
59913.096730	2216500036.745	   6.510	8049
59913.096962	2216500034.145	   9.762	8049
59913.097078	2216500033.145	   8.759	8049
59913.097193	2216500031.545	   5.894	8049
59913.097309	2216500029.945	   5.799	8049
59913.097425	2216500028.945	   6.022	8049
59913.097772	2216500024.845	   8.006	8049
59913.098119	2216500021.045	   6.958	8049
59913.098235	2216500019.745	   6.934	8049
59913.099161	2216500008.845	   5.060	8049
59913.099392	2216500006.445	   5.699	8049
59913.099971	2216499999.445	   5.762	8049
59913.100087	2216499998.245	   5.662	8049
59913.100318	2216499995.445	   5.049	8049
59913.101360	2216499985.245	  11.468	8049
59913.101591	2216499980.845	   5.146	8049
59913.101823	2216499977.945	  10.572	8049
59913.101939	2216499976.445	   9.247	8049
59913.102170	2216499974.045	   5.132	8049
59913.102402	2216499971.245	   9.228	8049
59913.104369	2216499947.845	   8.068	8049
59913.104716	2216499944.045	   5.311	8049
59913.105179	2216499937.745	   5.723	8049
59913.119994	2216499770.445	   5.479	8049
59913.120110	2216499768.745	   5.670	8049
59913.120920	2216499760.345	  10.994	8049
59913.121846	2216499750.345	   5.307	8049
59913.121962	2216499748.945	   5.945	8049
59913.122078	2216499747.645	   6.608	8049
59913.122193	2216499746.645	   6.253	8049
59913.122425	2216499744.745	   6.908	8049
59913.122656	2216499741.545	   5.773	8049
59913.122888	2216499739.145	   7.837	8049
59913.123119	2216499736.845	   6.635	8049
59913.123235	2216499735.645	   5.212	8049
59913.123351	2216499734.345	   6.029	8049
59913.123466	2216499732.745	   7.572	8049
59913.123582	2216499731.545	  10.936	8049
59913.123814	2216499729.445	   6.033	8049
59913.123930	2216499727.945	   6.541	8049
59913.124161	2216499725.545	   6.811	8049
59913.124277	2216499724.345	  11.933	8049
59913.124624	2216499720.545	   6.188	8049
59913.124855	2216499718.545	   9.654	8049
59913.125318	2216499712.745	   9.255	8049
59913.125434	2216499712.045	   7.905	8049
59913.125550	2216499710.745	  11.204	8049
59913.125666	2216499709.645	  12.628	8049
59913.125781	2216499708.245	  13.030	8049
59913.125897	2216499706.745	  13.071	8049
59913.126013	2216499705.345	  14.281	8049
59913.126129	2216499704.645	   7.798	8049
59913.126244	2216499703.045	  11.009	8049
59913.126360	2216499701.745	  12.621	8049
59913.126592	2216499699.245	  10.938	8049
59913.127055	2216499694.045	   5.828	8049
59913.127171	2216499692.745	   6.484	8049
59913.127402	2216499691.545	   9.575	8049
59913.127517	2216499689.545	   5.758	8049
59913.127749	2216499686.545	   5.890	8049
59913.127865	2216499685.145	   5.854	8049
59913.127981	2216499684.045	   6.219	8049
59913.128097	2216499682.545	   9.910	8049
59913.128328	2216499680.145	   5.489	8049
59913.128559	2216499677.345	   7.326	8049
59913.128791	2216499674.845	   6.815	8049
59913.128906	2216499673.745	   6.140	8049
59913.129022	2216499672.645	   7.623	8049
59913.129138	2216499671.145	   6.262	8049
59913.129254	2216499670.145	   8.500	8049
59913.129369	2216499668.745	   9.166	8049
59913.129485	2216499666.145	   6.270	8049
59913.129717	2216499664.745	   8.120	8049
59913.129832	2216499663.245	   5.998	8049
59913.130527	2216499655.645	   6.200	8049
59913.130642	2216499654.745	   8.045	8049
59913.130758	2216499653.145	  12.885	8049
59913.130990	2216499650.745	   5.997	8049
59913.131106	2216499648.945	   7.652	8049
59913.131221	2216499647.945	   5.451	8049
59913.131337	2216499646.645	  15.702	8049
59913.131684	2216499643.145	   7.382	8049
59913.131800	2216499641.645	   9.585	8049
59913.131916	2216499639.945	   5.862	8049
59913.132263	2216499636.445	   7.757	8049
59913.132610	2216499632.445	  14.308	8049
59913.132726	2216499631.045	   6.891	8049
59913.132842	2216499629.845	   7.786	8049
59913.133536	2216499621.845	   7.585	8049
59913.133652	2216499620.745	   9.231	8049
59913.134115	2216499616.145	   6.339	8049
59913.134230	2216499614.945	   5.313	8049
59913.134346	2216499613.545	   5.781	8049
59913.134809	2216499609.045	   5.986	8049
59913.135503	2216499601.845	   5.643	8049
59913.135619	2216499600.945	   5.446	8049
59913.135735	2216499599.745	   5.898	8049
